0 FILE bbqxpjn.dat
0 bbqxpjn
0 Name:  bbqxpjn.dat
0 Author:  
0 BL_Item_No bbqxpjn
0 BFC CERTIFY CCW
3 14 29.746 -299.602 -67.834 29.264 -300.932 -68.420 25.505 -299.484 -68.438
3 14 25.505 -299.484 -68.438 26.045 -298.169 -67.869 29.746 -299.602 -67.834
3 14 29.946 -299.052 -66.420 29.746 -299.602 -67.834 26.045 -298.169 -67.869
3 14 26.045 -298.169 -67.869 26.265 -297.608 -66.462 29.946 -299.052 -66.420
3 14 29.746 -299.602 -65.006 29.946 -299.052 -66.420 26.265 -297.608 -66.462
3 14 26.265 -297.608 -66.462 26.038 -298.129 -65.041 29.746 -299.602 -65.006
3 14 29.264 -300.932 -64.420 29.746 -299.602 -65.006 26.038 -298.129 -65.041
3 14 26.038 -298.129 -65.041 25.496 -299.428 -64.438 29.264 -300.932 -64.420
3 14 28.783 -302.262 -65.006 29.264 -300.932 -64.420 25.496 -299.428 -64.438
3 14 25.496 -299.428 -64.438 24.956 -300.743 -65.007 28.783 -302.262 -65.006
3 14 28.583 -302.813 -66.420 28.783 -302.262 -65.006 24.956 -300.743 -65.007
3 14 24.956 -300.743 -65.007 24.736 -301.303 -66.414 28.583 -302.813 -66.420
3 14 28.783 -302.262 -67.834 28.583 -302.813 -66.420 24.736 -301.303 -66.414
3 14 24.736 -301.303 -66.414 24.963 -300.782 -67.835 28.783 -302.262 -67.834
3 14 29.264 -300.932 -68.420 28.783 -302.262 -67.834 24.963 -300.782 -67.835
3 14 24.963 -300.782 -67.835 25.505 -299.484 -68.438 29.264 -300.932 -68.420
3 14 26.045 -298.169 -67.869 25.505 -299.484 -68.438 18.072 -296.328 -68.525
3 14 18.072 -296.328 -68.525 18.659 -295.011 -68.010 26.045 -298.169 -67.869
3 14 26.265 -297.608 -66.462 26.045 -298.169 -67.869 18.659 -295.011 -68.010
3 14 18.659 -295.011 -68.010 18.911 -294.406 -66.627 26.265 -297.608 -66.462
3 14 26.038 -298.129 -65.041 26.265 -297.608 -66.462 18.911 -294.406 -66.627
3 14 18.911 -294.406 -66.627 18.681 -294.867 -65.185 26.038 -298.129 -65.041
3 14 25.496 -299.428 -64.438 26.038 -298.129 -65.041 18.681 -294.867 -65.185
3 14 18.681 -294.867 -65.185 18.103 -296.124 -64.530 25.496 -299.428 -64.438
3 14 24.956 -300.743 -65.007 25.496 -299.428 -64.438 18.103 -296.124 -64.530
3 14 18.103 -296.124 -64.530 17.515 -297.440 -65.045 24.956 -300.743 -65.007
3 14 24.736 -301.303 -66.414 24.956 -300.743 -65.007 17.515 -297.440 -65.045
3 14 17.515 -297.440 -65.045 17.263 -298.045 -66.428 24.736 -301.303 -66.414
3 14 24.963 -300.782 -67.835 24.736 -301.303 -66.414 17.263 -298.045 -66.428
3 14 17.263 -298.045 -66.428 17.494 -297.585 -67.870 24.963 -300.782 -67.835
3 14 25.505 -299.484 -68.438 24.963 -300.782 -67.835 17.494 -297.585 -67.870
3 14 17.494 -297.585 -67.870 18.072 -296.328 -68.525 25.505 -299.484 -68.438
3 14 18.072 -296.328 -68.525 -0.313 -287.942 -68.855 0.317 -286.595 -68.490
3 14 0.317 -286.595 -68.490 18.659 -295.011 -68.010 18.072 -296.328 -68.525
3 14 18.659 -295.011 -68.010 0.317 -286.595 -68.490 0.634 -285.868 -67.181
3 14 0.634 -285.868 -67.181 18.911 -294.406 -66.627 18.659 -295.011 -68.010
3 14 18.911 -294.406 -66.627 0.634 -285.868 -67.181 0.451 -286.186 -65.694
3 14 0.451 -286.186 -65.694 18.681 -294.867 -65.185 18.911 -294.406 -66.627
3 14 18.681 -294.867 -65.185 0.451 -286.186 -65.694 -0.124 -287.363 -64.902
3 14 -0.124 -287.363 -64.902 18.103 -296.124 -64.530 18.681 -294.867 -65.185
3 14 18.103 -296.124 -64.530 -0.124 -287.363 -64.902 -0.755 -288.709 -65.267
3 14 -0.755 -288.709 -65.267 17.515 -297.440 -65.045 18.103 -296.124 -64.530
3 14 17.515 -297.440 -65.045 -0.755 -288.709 -65.267 -1.071 -289.436 -66.577
3 14 -1.071 -289.436 -66.577 17.263 -298.045 -66.428 17.515 -297.440 -65.045
3 14 17.263 -298.045 -66.428 -1.071 -289.436 -66.577 -0.889 -289.118 -68.063
3 14 -0.889 -289.118 -68.063 17.494 -297.585 -67.870 17.263 -298.045 -66.428
3 14 17.494 -297.585 -67.870 -0.889 -289.118 -68.063 -0.313 -287.942 -68.855
3 14 -0.313 -287.942 -68.855 18.072 -296.328 -68.525 17.494 -297.585 -67.870
3 14 -0.313 -287.942 -68.855 -18.674 -279.496 -69.219 -18.017 -278.118 -69.112
3 14 -18.017 -278.118 -69.112 0.317 -286.595 -68.490 -0.313 -287.942 -68.855
3 14 0.317 -286.595 -68.490 -18.017 -278.118 -69.112 -17.608 -277.201 -67.957
3 14 -17.608 -277.201 -67.957 0.634 -285.868 -67.181 0.317 -286.595 -68.490
3 14 0.634 -285.868 -67.181 -17.608 -277.201 -67.957 -17.687 -277.281 -66.430
3 14 -17.687 -277.281 -66.430 0.451 -286.186 -65.694 0.634 -285.868 -67.181
3 14 0.451 -286.186 -65.694 -17.687 -277.281 -66.430 -18.207 -278.313 -65.426
3 14 -18.207 -278.313 -65.426 -0.124 -287.363 -64.902 0.451 -286.186 -65.694
3 14 -0.124 -287.363 -64.902 -18.207 -278.313 -65.426 -18.865 -279.691 -65.533
3 14 -18.865 -279.691 -65.533 -0.755 -288.709 -65.267 -0.124 -287.363 -64.902
3 14 -0.755 -288.709 -65.267 -18.865 -279.691 -65.533 -19.274 -280.609 -66.688
3 14 -19.274 -280.609 -66.688 -1.071 -289.436 -66.577 -0.755 -288.709 -65.267
3 14 -1.071 -289.436 -66.577 -19.274 -280.609 -66.688 -19.195 -280.528 -68.215
3 14 -19.195 -280.528 -68.215 -0.889 -289.118 -68.063 -1.071 -289.436 -66.577
3 14 -0.889 -289.118 -68.063 -19.195 -280.528 -68.215 -18.674 -279.496 -69.219
3 14 -18.674 -279.496 -69.219 -0.313 -287.942 -68.855 -0.889 -289.118 -68.063
3 14 -18.674 -279.496 -69.219 -37.068 -271.128 -69.559 -36.415 -269.759 -69.768
3 14 -36.415 -269.759 -69.768 -18.017 -278.118 -69.112 -18.674 -279.496 -69.219
3 14 -18.017 -278.118 -69.112 -36.415 -269.759 -69.768 -35.917 -268.645 -68.843
3 14 -35.917 -268.645 -68.843 -17.608 -277.201 -67.957 -18.017 -278.118 -69.112
3 14 -17.608 -277.201 -67.957 -35.917 -268.645 -68.843 -35.865 -268.439 -67.328
3 14 -35.865 -268.439 -67.328 -17.687 -277.281 -66.430 -17.608 -277.201 -67.957
3 14 -17.687 -277.281 -66.430 -35.865 -268.439 -67.328 -36.289 -269.261 -66.108
3 14 -36.289 -269.261 -66.108 -18.207 -278.313 -65.426 -17.687 -277.281 -66.430
3 14 -18.207 -278.313 -65.426 -36.289 -269.261 -66.108 -36.942 -270.629 -65.899
3 14 -36.942 -270.629 -65.899 -18.865 -279.691 -65.533 -18.207 -278.313 -65.426
3 14 -18.865 -279.691 -65.533 -36.942 -270.629 -65.899 -37.441 -271.743 -66.823
3 14 -37.441 -271.743 -66.823 -19.274 -280.609 -66.688 -18.865 -279.691 -65.533
3 14 -19.274 -280.609 -66.688 -37.441 -271.743 -66.823 -37.493 -271.950 -68.339
3 14 -37.493 -271.950 -68.339 -19.195 -280.528 -68.215 -19.274 -280.609 -66.688
3 14 -19.195 -280.528 -68.215 -37.493 -271.950 -68.339 -37.068 -271.128 -69.559
3 14 -37.068 -271.128 -69.559 -18.674 -279.496 -69.219 -19.195 -280.528 -68.215
3 14 -37.068 -271.128 -69.559 -55.075 -263.124 -69.842 -54.461 -261.834 -70.394
3 14 -54.461 -261.834 -70.394 -36.415 -269.759 -69.768 -37.068 -271.128 -69.559
3 14 -36.415 -269.759 -69.768 -54.461 -261.834 -70.394 -53.892 -260.555 -69.775
3 14 -53.892 -260.555 -69.775 -35.917 -268.645 -68.843 -36.415 -269.759 -69.768
3 14 -35.917 -268.645 -68.843 -53.892 -260.555 -69.775 -53.700 -260.036 -68.348
3 14 -53.700 -260.036 -68.348 -35.865 -268.439 -67.328 -35.917 -268.645 -68.843
3 14 -35.865 -268.439 -67.328 -53.700 -260.036 -68.348 -53.997 -260.581 -66.949
3 14 -53.997 -260.581 -66.949 -36.289 -269.261 -66.108 -35.865 -268.439 -67.328
3 14 -36.289 -269.261 -66.108 -53.997 -260.581 -66.949 -54.610 -261.870 -66.397
3 14 -54.610 -261.870 -66.397 -36.942 -270.629 -65.899 -36.289 -269.261 -66.108
3 14 -36.942 -270.629 -65.899 -54.610 -261.870 -66.397 -55.180 -263.149 -67.016
3 14 -55.180 -263.149 -67.016 -37.441 -271.743 -66.823 -36.942 -270.629 -65.899
3 14 -37.441 -271.743 -66.823 -55.180 -263.149 -67.016 -55.372 -263.668 -68.443
3 14 -55.372 -263.668 -68.443 -37.493 -271.950 -68.339 -37.441 -271.743 -66.823
3 14 -37.493 -271.950 -68.339 -55.372 -263.668 -68.443 -55.075 -263.124 -69.842
3 14 -55.075 -263.124 -69.842 -37.068 -271.128 -69.559 -37.493 -271.950 -68.339
3 14 -55.075 -263.124 -69.842 -62.512 -259.982 -69.842 -61.951 -258.792 -70.625
3 14 -61.951 -258.792 -70.625 -54.461 -261.834 -70.394 -55.075 -263.124 -69.842
3 14 -54.461 -261.834 -70.394 -61.951 -258.792 -70.625 -61.356 -257.432 -70.249
3 14 -61.356 -257.432 -70.249 -53.892 -260.555 -69.775 -54.461 -261.834 -70.394
3 14 -53.892 -260.555 -69.775 -61.356 -257.432 -70.249 -61.076 -256.700 -68.934
3 14 -61.076 -256.700 -68.934 -53.700 -260.036 -68.348 -53.892 -260.555 -69.775
3 14 -53.700 -260.036 -68.348 -61.076 -256.700 -68.934 -61.273 -257.024 -67.451
3 14 -61.273 -257.024 -67.451 -53.997 -260.581 -66.949 -53.700 -260.036 -68.348
3 14 -53.997 -260.581 -66.949 -61.273 -257.024 -67.451 -61.834 -258.214 -66.668
3 14 -61.834 -258.214 -66.668 -54.610 -261.870 -66.397 -53.997 -260.581 -66.949
3 14 -54.610 -261.870 -66.397 -61.834 -258.214 -66.668 -62.429 -259.573 -67.045
3 14 -62.429 -259.573 -67.045 -55.180 -263.149 -67.016 -54.610 -261.870 -66.397
3 14 -55.180 -263.149 -67.016 -62.429 -259.573 -67.045 -62.709 -260.305 -68.359
3 14 -62.709 -260.305 -68.359 -55.372 -263.668 -68.443 -55.180 -263.149 -67.016
3 14 -55.372 -263.668 -68.443 -62.709 -260.305 -68.359 -62.512 -259.982 -69.842
3 14 -62.512 -259.982 -69.842 -55.075 -263.124 -69.842 -55.372 -263.668 -68.443
3 14 -62.512 -259.982 -69.842 -77.346 -253.624 -70.157 -76.845 -252.538 -71.113
3 14 -76.845 -252.538 -71.113 -61.951 -258.792 -70.625 -62.512 -259.982 -69.842
3 14 -61.951 -258.792 -70.625 -76.845 -252.538 -71.113 -76.254 -251.136 -70.945
3 14 -76.254 -251.136 -70.945 -61.356 -257.432 -70.249 -61.951 -258.792 -70.625
3 14 -61.356 -257.432 -70.249 -76.254 -251.136 -70.945 -75.919 -250.240 -69.750
3 14 -75.919 -250.240 -69.750 -61.076 -256.700 -68.934 -61.356 -257.432 -70.249
3 14 -61.076 -256.700 -68.934 -75.919 -250.240 -69.750 -76.036 -250.373 -68.230
3 14 -76.036 -250.373 -68.230 -61.273 -257.024 -67.451 -61.076 -256.700 -68.934
3 14 -61.273 -257.024 -67.451 -76.036 -250.373 -68.230 -76.537 -251.459 -67.274
3 14 -76.537 -251.459 -67.274 -61.834 -258.214 -66.668 -61.273 -257.024 -67.451
3 14 -61.834 -258.214 -66.668 -76.537 -251.459 -67.274 -77.128 -252.860 -67.443
3 14 -77.128 -252.860 -67.443 -62.429 -259.573 -67.045 -61.834 -258.214 -66.668
3 14 -62.429 -259.573 -67.045 -77.128 -252.860 -67.443 -77.463 -253.757 -68.637
3 14 -77.463 -253.757 -68.637 -62.709 -260.305 -68.359 -62.429 -259.573 -67.045
3 14 -62.709 -260.305 -68.359 -77.463 -253.757 -68.637 -77.346 -253.624 -70.157
3 14 -77.346 -253.624 -70.157 -62.512 -259.982 -69.842 -62.709 -260.305 -68.359
3 14 -77.346 -253.624 -70.157 -88.563 -249.122 -70.344 -88.136 -248.175 -71.468
3 14 -88.136 -248.175 -71.468 -76.845 -252.538 -71.113 -77.346 -253.624 -70.157
3 14 -76.845 -252.538 -71.113 -88.136 -248.175 -71.468 -87.567 -246.755 -71.530
3 14 -87.567 -246.755 -71.530 -76.254 -251.136 -70.945 -76.845 -252.538 -71.113
3 14 -76.254 -251.136 -70.945 -87.567 -246.755 -71.530 -87.189 -245.694 -70.493
3 14 -87.189 -245.694 -70.493 -75.919 -250.240 -69.750 -76.254 -251.136 -70.945
3 14 -75.919 -250.240 -69.750 -87.189 -245.694 -70.493 -87.223 -245.614 -68.965
3 14 -87.223 -245.614 -68.965 -76.036 -250.373 -68.230 -75.919 -250.240 -69.750
3 14 -76.036 -250.373 -68.230 -87.223 -245.614 -68.965 -87.650 -246.561 -67.841
3 14 -87.650 -246.561 -67.841 -76.537 -251.459 -67.274 -76.036 -250.373 -68.230
3 14 -76.537 -251.459 -67.274 -87.650 -246.561 -67.841 -88.220 -247.981 -67.779
3 14 -88.220 -247.981 -67.779 -77.128 -252.860 -67.443 -76.537 -251.459 -67.274
3 14 -77.128 -252.860 -67.443 -88.220 -247.981 -67.779 -88.598 -249.041 -68.816
3 14 -88.598 -249.041 -68.816 -77.463 -253.757 -68.637 -77.128 -252.860 -67.443
3 14 -77.463 -253.757 -68.637 -88.598 -249.041 -68.816 -88.563 -249.122 -70.344
3 14 -88.563 -249.122 -70.344 -77.346 -253.624 -70.157 -77.463 -253.757 -68.637
3 14 -88.563 -249.122 -70.344 -96.089 -246.288 -70.500 -95.716 -245.442 -71.720
3 14 -95.716 -245.442 -71.720 -88.136 -248.175 -71.468 -88.563 -249.122 -70.344
3 14 -88.136 -248.175 -71.468 -95.716 -245.442 -71.720 -95.178 -244.025 -71.930
3 14 -95.178 -244.025 -71.930 -87.567 -246.755 -71.530 -88.136 -248.175 -71.468
3 14 -87.567 -246.755 -71.530 -95.178 -244.025 -71.930 -94.790 -242.867 -71.008
3 14 -94.790 -242.867 -71.008 -87.189 -245.694 -70.493 -87.567 -246.755 -71.530
3 14 -87.189 -245.694 -70.493 -94.790 -242.867 -71.008 -94.779 -242.646 -69.493
3 14 -94.779 -242.646 -69.493 -87.223 -245.614 -68.965 -87.189 -245.694 -70.493
3 14 -87.223 -245.614 -68.965 -94.779 -242.646 -69.493 -95.152 -243.492 -68.273
3 14 -95.152 -243.492 -68.273 -87.650 -246.561 -67.841 -87.223 -245.614 -68.965
3 14 -87.650 -246.561 -67.841 -95.152 -243.492 -68.273 -95.690 -244.909 -68.063
3 14 -95.690 -244.909 -68.063 -88.220 -247.981 -67.779 -87.650 -246.561 -67.841
3 14 -88.220 -247.981 -67.779 -95.690 -244.909 -68.063 -96.079 -246.068 -68.985
3 14 -96.079 -246.068 -68.985 -88.598 -249.041 -68.816 -88.220 -247.981 -67.779
3 14 -88.598 -249.041 -68.816 -96.079 -246.068 -68.985 -96.089 -246.288 -70.500
3 14 -96.089 -246.288 -70.500 -88.563 -249.122 -70.344 -88.598 -249.041 -68.816
3 14 -96.089 -246.288 -70.500 -99.864 -244.952 -70.579 -99.525 -244.164 -71.847
3 14 -99.525 -244.164 -71.847 -95.716 -245.442 -71.720 -96.089 -246.288 -70.500
3 14 -95.716 -245.442 -71.720 -99.525 -244.164 -71.847 -99.014 -242.751 -72.139
3 14 -99.014 -242.751 -72.139 -95.178 -244.025 -71.930 -95.716 -245.442 -71.720
3 14 -95.178 -244.025 -71.930 -99.014 -242.751 -72.139 -98.632 -241.540 -71.284
3 14 -98.632 -241.540 -71.284 -94.790 -242.867 -71.008 -95.178 -244.025 -71.930
3 14 -94.790 -242.867 -71.008 -98.632 -241.540 -71.284 -98.603 -241.240 -69.784
3 14 -98.603 -241.240 -69.784 -94.779 -242.646 -69.493 -94.790 -242.867 -71.008
3 14 -94.779 -242.646 -69.493 -98.603 -241.240 -69.784 -98.942 -242.028 -68.516
3 14 -98.942 -242.028 -68.516 -95.152 -243.492 -68.273 -94.779 -242.646 -69.493
3 14 -95.152 -243.492 -68.273 -98.942 -242.028 -68.516 -99.453 -243.441 -68.223
3 14 -99.453 -243.441 -68.223 -95.690 -244.909 -68.063 -95.152 -243.492 -68.273
3 14 -95.690 -244.909 -68.063 -99.453 -243.441 -68.223 -99.835 -244.652 -69.078
3 14 -99.835 -244.652 -69.078 -96.079 -246.068 -68.985 -95.690 -244.909 -68.063
3 14 -96.079 -246.068 -68.985 -99.835 -244.652 -69.078 -99.864 -244.952 -70.579
3 14 -99.864 -244.952 -70.579 -96.089 -246.288 -70.500 -96.079 -246.068 -68.985
3 14 -99.525 -244.164 -71.847 -99.864 -244.952 -70.579 -103.653 -243.674 -70.708
3 14 -103.653 -243.674 -70.708 -103.339 -242.924 -72.004 -99.525 -244.164 -71.847
3 14 -99.014 -242.751 -72.139 -99.525 -244.164 -71.847 -103.339 -242.924 -72.004
3 14 -103.339 -242.924 -72.004 -102.859 -241.511 -72.348 -99.014 -242.751 -72.139
3 14 -98.632 -241.540 -71.284 -99.014 -242.751 -72.139 -102.859 -241.511 -72.348
3 14 -102.859 -241.511 -72.348 -102.495 -240.265 -71.538 -98.632 -241.540 -71.284
3 14 -98.603 -241.240 -69.784 -98.632 -241.540 -71.284 -102.495 -240.265 -71.538
3 14 -102.495 -240.265 -71.538 -102.460 -239.914 -70.048 -98.603 -241.240 -69.784
3 14 -98.942 -242.028 -68.516 -98.603 -241.240 -69.784 -102.460 -239.914 -70.048
3 14 -102.460 -239.914 -70.048 -102.775 -240.665 -68.752 -98.942 -242.028 -68.516
3 14 -99.453 -243.441 -68.223 -98.942 -242.028 -68.516 -102.775 -240.665 -68.752
3 14 -102.775 -240.665 -68.752 -103.254 -242.077 -68.408 -99.453 -243.441 -68.223
3 14 -99.835 -244.652 -69.078 -99.453 -243.441 -68.223 -103.254 -242.077 -68.408
3 14 -103.254 -242.077 -68.408 -103.618 -243.324 -69.218 -99.835 -244.652 -69.078
3 14 -99.864 -244.952 -70.579 -99.835 -244.652 -69.078 -103.618 -243.324 -69.218
3 14 -103.618 -243.324 -69.218 -103.653 -243.674 -70.708 -99.864 -244.952 -70.579
3 14 -103.339 -242.924 -72.004 -103.653 -243.674 -70.708 -107.458 -242.494 -70.854
3 14 -107.458 -242.494 -70.854 -107.170 -241.778 -72.177 -103.339 -242.924 -72.004
3 14 -102.859 -241.511 -72.348 -103.339 -242.924 -72.004 -107.170 -241.778 -72.177
3 14 -107.170 -241.778 -72.177 -106.730 -240.366 -72.570 -102.859 -241.511 -72.348
3 14 -102.495 -240.265 -71.538 -102.859 -241.511 -72.348 -106.730 -240.366 -72.570
3 14 -106.730 -240.366 -72.570 -106.396 -239.083 -71.803 -102.495 -240.265 -71.538
3 14 -102.460 -239.914 -70.048 -102.495 -240.265 -71.538 -106.396 -239.083 -71.803
3 14 -106.396 -239.083 -71.803 -106.363 -238.683 -70.327 -102.460 -239.914 -70.048
3 14 -102.775 -240.665 -68.752 -102.460 -239.914 -70.048 -106.363 -238.683 -70.327
3 14 -106.363 -238.683 -70.327 -106.650 -239.398 -69.004 -102.775 -240.665 -68.752
3 14 -103.254 -242.077 -68.408 -102.775 -240.665 -68.752 -106.650 -239.398 -69.004
3 14 -106.650 -239.398 -69.004 -107.090 -240.811 -68.611 -103.254 -242.077 -68.408
3 14 -103.618 -243.324 -69.218 -103.254 -242.077 -68.408 -107.090 -240.811 -68.611
3 14 -107.090 -240.811 -68.611 -107.425 -242.093 -69.377 -103.618 -243.324 -69.218
3 14 -103.653 -243.674 -70.708 -103.618 -243.324 -69.218 -107.425 -242.093 -69.377
3 14 -107.425 -242.093 -69.377 -107.458 -242.494 -70.854 -103.653 -243.674 -70.708
3 14 -107.170 -241.778 -72.177 -107.458 -242.494 -70.854 -111.272 -241.441 -71.022
3 14 -111.272 -241.441 -71.022 -111.015 -240.759 -72.368 -107.170 -241.778 -72.177
3 14 -106.730 -240.366 -72.570 -107.170 -241.778 -72.177 -111.015 -240.759 -72.368
3 14 -111.015 -240.759 -72.368 -110.632 -239.344 -72.809 -106.730 -240.366 -72.570
3 14 -106.396 -239.083 -71.803 -106.730 -240.366 -72.570 -110.632 -239.344 -72.809
3 14 -110.632 -239.344 -72.809 -110.348 -238.025 -72.087 -106.396 -239.083 -71.803
3 14 -106.363 -238.683 -70.327 -106.396 -239.083 -71.803 -110.348 -238.025 -72.087
3 14 -110.348 -238.025 -72.087 -110.328 -237.574 -70.624 -106.363 -238.683 -70.327
3 14 -106.650 -239.398 -69.004 -106.363 -238.683 -70.327 -110.328 -237.574 -70.624
3 14 -110.328 -237.574 -70.624 -110.584 -238.256 -69.278 -106.650 -239.398 -69.004
3 14 -107.090 -240.811 -68.611 -106.650 -239.398 -69.004 -110.584 -238.256 -69.278
3 14 -110.584 -238.256 -69.278 -110.967 -239.671 -68.837 -107.090 -240.811 -68.611
3 14 -107.425 -242.093 -69.377 -107.090 -240.811 -68.611 -110.967 -239.671 -68.837
3 14 -110.967 -239.671 -68.837 -111.252 -240.991 -69.559 -107.425 -242.093 -69.377
3 14 -107.458 -242.494 -70.854 -107.425 -242.093 -69.377 -111.252 -240.991 -69.559
3 14 -111.252 -240.991 -69.559 -111.272 -241.441 -71.022 -107.458 -242.494 -70.854
3 14 -111.015 -240.759 -72.368 -111.272 -241.441 -71.022 -115.085 -240.592 -71.220
3 14 -115.085 -240.592 -71.220 -114.867 -239.942 -72.588 -111.015 -240.759 -72.368
3 14 -110.632 -239.344 -72.809 -111.015 -240.759 -72.368 -114.867 -239.942 -72.588
3 14 -114.867 -239.942 -72.588 -114.573 -238.521 -73.077 -110.632 -239.344 -72.809
3 14 -110.348 -238.025 -72.087 -110.632 -239.344 -72.809 -114.573 -238.521 -73.077
3 14 -114.573 -238.521 -73.077 -114.375 -237.163 -72.400 -110.348 -238.025 -72.087
3 14 -110.328 -237.574 -70.624 -110.348 -238.025 -72.087 -114.375 -237.163 -72.400
3 14 -114.375 -237.163 -72.400 -114.389 -236.662 -70.953 -110.328 -237.574 -70.624
3 14 -110.584 -238.256 -69.278 -110.328 -237.574 -70.624 -114.389 -236.662 -70.953
3 14 -114.389 -236.662 -70.953 -114.606 -237.312 -69.585 -110.584 -238.256 -69.278
3 14 -110.967 -239.671 -68.837 -110.584 -238.256 -69.278 -114.606 -237.312 -69.585
3 14 -114.606 -237.312 -69.585 -114.901 -238.733 -69.096 -110.967 -239.671 -68.837
3 14 -111.252 -240.991 -69.559 -110.967 -239.671 -68.837 -114.901 -238.733 -69.096
3 14 -114.901 -238.733 -69.096 -115.099 -240.091 -69.773 -111.252 -240.991 -69.559
3 14 -111.272 -241.441 -71.022 -111.252 -240.991 -69.559 -115.099 -240.091 -69.773
3 14 -115.099 -240.091 -69.773 -115.085 -240.592 -71.220 -111.272 -241.441 -71.022
3 14 -114.867 -239.942 -72.588 -115.085 -240.592 -71.220 -118.876 -240.058 -71.462
3 14 -118.876 -240.058 -71.462 -118.649 -239.441 -72.845 -114.867 -239.942 -72.588
3 14 -114.573 -238.521 -73.077 -114.867 -239.942 -72.588 -118.649 -239.441 -72.845
3 14 -118.649 -239.441 -72.845 -118.468 -238.018 -73.378 -114.573 -238.521 -73.077
3 14 -114.375 -237.163 -72.400 -114.573 -238.521 -73.077 -118.468 -238.018 -73.378
3 14 -118.468 -238.018 -73.378 -118.438 -236.622 -72.751 -114.375 -237.163 -72.400
3 14 -114.389 -236.662 -70.953 -114.375 -237.163 -72.400 -118.438 -236.622 -72.751
3 14 -118.438 -236.622 -72.751 -118.578 -236.071 -71.329 -114.389 -236.662 -70.953
3 14 -114.606 -237.312 -69.585 -114.389 -236.662 -70.953 -118.578 -236.071 -71.329
3 14 -118.578 -236.071 -71.329 -118.805 -236.688 -69.947 -114.606 -237.312 -69.585
3 14 -114.901 -238.733 -69.096 -114.606 -237.312 -69.585 -118.805 -236.688 -69.947
3 14 -118.805 -236.688 -69.947 -118.987 -238.111 -69.413 -114.901 -238.733 -69.096
3 14 -115.099 -240.091 -69.773 -114.901 -238.733 -69.096 -118.987 -238.111 -69.413
3 14 -118.987 -238.111 -69.413 -119.016 -239.507 -70.041 -115.099 -240.091 -69.773
3 14 -115.085 -240.592 -71.220 -115.099 -240.091 -69.773 -119.016 -239.507 -70.041
3 14 -119.016 -239.507 -70.041 -118.876 -240.058 -71.462 -115.085 -240.592 -71.220
3 14 -118.649 -239.441 -72.845 -118.876 -240.058 -71.462 -122.701 -240.000 -72.125
3 14 -122.701 -240.000 -72.125 -122.147 -239.408 -73.423 -118.649 -239.441 -72.845
3 14 -118.468 -238.018 -73.378 -118.649 -239.441 -72.845 -122.147 -239.408 -73.423
3 14 -122.147 -239.408 -73.423 -121.910 -237.991 -73.951 -118.468 -238.018 -73.378
3 14 -118.438 -236.622 -72.751 -118.468 -238.018 -73.378 -121.910 -237.991 -73.951
3 14 -121.910 -237.991 -73.951 -122.130 -236.579 -73.401 -118.438 -236.622 -72.751
3 14 -118.578 -236.071 -71.329 -118.438 -236.622 -72.751 -122.130 -236.579 -73.401
3 14 -122.130 -236.579 -73.401 -122.677 -236.000 -72.094 -118.578 -236.071 -71.329
3 14 -118.805 -236.688 -69.947 -118.578 -236.071 -71.329 -122.677 -236.000 -72.094
3 14 -122.677 -236.000 -72.094 -123.231 -236.592 -70.796 -118.805 -236.688 -69.947
3 14 -118.987 -238.111 -69.413 -118.805 -236.688 -69.947 -123.231 -236.592 -70.796
3 14 -123.231 -236.592 -70.796 -123.467 -238.009 -70.267 -118.987 -238.111 -69.413
3 14 -119.016 -239.507 -70.041 -118.987 -238.111 -69.413 -123.467 -238.009 -70.267
3 14 -123.467 -238.009 -70.267 -123.248 -239.421 -70.817 -119.016 -239.507 -70.041
3 14 -118.876 -240.058 -71.462 -119.016 -239.507 -70.041 -123.248 -239.421 -70.817
3 14 -123.248 -239.421 -70.817 -122.701 -240.000 -72.125 -118.876 -240.058 -71.462
3 14 -122.147 -239.408 -73.423 -122.701 -240.000 -72.125 -125.951 -240.000 -74.445
3 14 -125.951 -240.000 -74.445 -124.880 -239.414 -75.369 -122.147 -239.408 -73.423
3 14 -121.910 -237.991 -73.951 -122.147 -239.408 -73.423 -124.880 -239.414 -75.369
3 14 -124.880 -239.414 -75.369 -124.437 -238.000 -75.752 -121.910 -237.991 -73.951
3 14 -122.130 -236.579 -73.401 -121.910 -237.991 -73.951 -124.437 -238.000 -75.752
3 14 -124.437 -238.000 -75.752 -124.880 -236.586 -75.369 -122.130 -236.579 -73.401
3 14 -122.677 -236.000 -72.094 -122.130 -236.579 -73.401 -124.880 -236.586 -75.369
3 14 -124.880 -236.586 -75.369 -125.951 -236.000 -74.445 -122.677 -236.000 -72.094
3 14 -123.231 -236.592 -70.796 -122.677 -236.000 -72.094 -125.951 -236.000 -74.445
3 14 -125.951 -236.000 -74.445 -127.022 -236.586 -73.521 -123.231 -236.592 -70.796
3 14 -123.467 -238.009 -70.267 -123.231 -236.592 -70.796 -127.022 -236.586 -73.521
3 14 -127.022 -236.586 -73.521 -127.465 -238.000 -73.138 -123.467 -238.009 -70.267
3 14 -123.248 -239.421 -70.817 -123.467 -238.009 -70.267 -127.465 -238.000 -73.138
3 14 -127.465 -238.000 -73.138 -127.022 -239.414 -73.521 -123.248 -239.421 -70.817
3 14 -122.701 -240.000 -72.125 -123.248 -239.421 -70.817 -127.022 -239.414 -73.521
3 14 -127.022 -239.414 -73.521 -125.951 -240.000 -74.445 -122.701 -240.000 -72.125
3 14 -124.880 -239.414 -75.369 -125.951 -240.000 -74.445 -127.786 -240.000 -78.015
3 14 -127.786 -240.000 -78.015 -126.411 -239.414 -78.346 -124.880 -239.414 -75.369
3 14 -124.437 -238.000 -75.752 -124.880 -239.414 -75.369 -126.411 -239.414 -78.346
3 14 -126.411 -239.414 -78.346 -125.841 -238.000 -78.483 -124.437 -238.000 -75.752
3 14 -124.880 -236.586 -75.369 -124.437 -238.000 -75.752 -125.841 -238.000 -78.483
3 14 -125.841 -238.000 -78.483 -126.411 -236.586 -78.346 -124.880 -236.586 -75.369
3 14 -125.951 -236.000 -74.445 -124.880 -236.586 -75.369 -126.411 -236.586 -78.346
3 14 -126.411 -236.586 -78.346 -127.786 -236.000 -78.015 -125.951 -236.000 -74.445
3 14 -127.022 -236.586 -73.521 -125.951 -236.000 -74.445 -127.786 -236.000 -78.015
3 14 -127.786 -236.000 -78.015 -129.161 -236.586 -77.684 -127.022 -236.586 -73.521
3 14 -127.465 -238.000 -73.138 -127.022 -236.586 -73.521 -129.161 -236.586 -77.684
3 14 -129.161 -236.586 -77.684 -129.730 -238.000 -77.547 -127.465 -238.000 -73.138
3 14 -127.022 -239.414 -73.521 -127.465 -238.000 -73.138 -129.730 -238.000 -77.547
3 14 -129.730 -238.000 -77.547 -129.161 -239.414 -77.684 -127.022 -239.414 -73.521
3 14 -125.951 -240.000 -74.445 -127.022 -239.414 -73.521 -129.161 -239.414 -77.684
3 14 -129.161 -239.414 -77.684 -127.786 -240.000 -78.015 -125.951 -240.000 -74.445
3 14 -126.411 -239.414 -78.346 -127.786 -240.000 -78.015 -127.778 -240.000 -82.032
3 14 -127.778 -240.000 -82.032 -126.404 -239.414 -81.695 -126.411 -239.414 -78.346
3 14 -125.841 -238.000 -78.483 -126.411 -239.414 -78.346 -126.404 -239.414 -81.695
3 14 -126.404 -239.414 -81.695 -125.835 -238.000 -81.556 -125.841 -238.000 -78.483
3 14 -126.411 -236.586 -78.346 -125.841 -238.000 -78.483 -125.835 -238.000 -81.556
3 14 -125.835 -238.000 -81.556 -126.404 -236.586 -81.695 -126.411 -236.586 -78.346
3 14 -127.786 -236.000 -78.015 -126.411 -236.586 -78.346 -126.404 -236.586 -81.695
3 14 -126.404 -236.586 -81.695 -127.778 -236.000 -82.032 -127.786 -236.000 -78.015
3 14 -129.161 -236.586 -77.684 -127.786 -236.000 -78.015 -127.778 -236.000 -82.032
3 14 -127.778 -236.000 -82.032 -129.151 -236.586 -82.368 -129.161 -236.586 -77.684
3 14 -129.730 -238.000 -77.547 -129.161 -236.586 -77.684 -129.151 -236.586 -82.368
3 14 -129.151 -236.586 -82.368 -129.720 -238.000 -82.508 -129.730 -238.000 -77.547
3 14 -129.161 -239.414 -77.684 -129.730 -238.000 -77.547 -129.720 -238.000 -82.508
3 14 -129.720 -238.000 -82.508 -129.151 -239.414 -82.368 -129.161 -239.414 -77.684
3 14 -127.786 -240.000 -78.015 -129.161 -239.414 -77.684 -129.151 -239.414 -82.368
3 14 -129.151 -239.414 -82.368 -127.778 -240.000 -82.032 -127.786 -240.000 -78.015
3 14 -126.404 -239.414 -81.695 -127.778 -240.000 -82.032 -125.928 -240.000 -85.599
3 14 -125.928 -240.000 -85.599 -124.852 -239.414 -84.682 -126.404 -239.414 -81.695
3 14 -125.835 -238.000 -81.556 -126.404 -239.414 -81.695 -124.852 -239.414 -84.682
3 14 -124.852 -239.414 -84.682 -124.406 -238.000 -84.302 -125.835 -238.000 -81.556
3 14 -126.404 -236.586 -81.695 -125.835 -238.000 -81.556 -124.406 -238.000 -84.302
3 14 -124.406 -238.000 -84.302 -124.852 -236.586 -84.682 -126.404 -236.586 -81.695
3 14 -127.778 -236.000 -82.032 -126.404 -236.586 -81.695 -124.852 -236.586 -84.682
3 14 -124.852 -236.586 -84.682 -125.928 -236.000 -85.599 -127.778 -236.000 -82.032
3 14 -129.151 -236.586 -82.368 -127.778 -236.000 -82.032 -125.928 -236.000 -85.599
3 14 -125.928 -236.000 -85.599 -127.005 -236.586 -86.515 -129.151 -236.586 -82.368
3 14 -129.720 -238.000 -82.508 -129.151 -236.586 -82.368 -127.005 -236.586 -86.515
3 14 -127.005 -236.586 -86.515 -127.451 -238.000 -86.895 -129.720 -238.000 -82.508
3 14 -129.151 -239.414 -82.368 -129.720 -238.000 -82.508 -127.451 -238.000 -86.895
3 14 -127.451 -238.000 -86.895 -127.005 -239.414 -86.515 -129.151 -239.414 -82.368
3 14 -127.778 -240.000 -82.032 -129.151 -239.414 -82.368 -127.005 -239.414 -86.515
3 14 -127.005 -239.414 -86.515 -125.928 -240.000 -85.599 -127.778 -240.000 -82.032
3 14 -124.852 -239.414 -84.682 -125.928 -240.000 -85.599 -123.098 -240.000 -87.700
3 14 -123.098 -240.000 -87.700 -122.523 -239.414 -86.408 -124.852 -239.414 -84.682
3 14 -124.406 -238.000 -84.302 -124.852 -239.414 -84.682 -122.523 -239.414 -86.408
3 14 -122.523 -239.414 -86.408 -122.285 -238.000 -85.872 -124.406 -238.000 -84.302
3 14 -124.852 -236.586 -84.682 -124.406 -238.000 -84.302 -122.285 -238.000 -85.872
3 14 -122.285 -238.000 -85.872 -122.523 -236.586 -86.408 -124.852 -236.586 -84.682
3 14 -125.928 -236.000 -85.599 -124.852 -236.586 -84.682 -122.523 -236.586 -86.408
3 14 -122.523 -236.586 -86.408 -123.098 -236.000 -87.700 -125.928 -236.000 -85.599
3 14 -127.005 -236.586 -86.515 -125.928 -236.000 -85.599 -123.098 -236.000 -87.700
3 14 -123.098 -236.000 -87.700 -123.673 -236.586 -88.992 -127.005 -236.586 -86.515
3 14 -127.451 -238.000 -86.895 -127.005 -236.586 -86.515 -123.673 -236.586 -88.992
3 14 -123.673 -236.586 -88.992 -123.911 -238.000 -89.527 -127.451 -238.000 -86.895
3 14 -127.005 -239.414 -86.515 -127.451 -238.000 -86.895 -123.911 -238.000 -89.527
3 14 -123.911 -238.000 -89.527 -123.673 -239.414 -88.992 -127.005 -239.414 -86.515
3 14 -125.928 -240.000 -85.599 -127.005 -239.414 -86.515 -123.673 -239.414 -88.992
3 14 -123.673 -239.414 -88.992 -123.098 -240.000 -87.700 -125.928 -240.000 -85.599
3 14 -122.523 -239.414 -86.408 -123.098 -240.000 -87.700 -119.222 -240.000 -88.492
3 14 -119.222 -240.000 -88.492 -119.134 -239.417 -87.079 -122.523 -239.414 -86.408
3 14 -122.285 -238.000 -85.872 -122.523 -239.414 -86.408 -119.134 -239.417 -87.079
3 14 -119.134 -239.417 -87.079 -119.068 -238.004 -86.493 -122.285 -238.000 -85.872
3 14 -122.523 -236.586 -86.408 -122.285 -238.000 -85.872 -119.068 -238.004 -86.493
3 14 -119.068 -238.004 -86.493 -119.062 -236.589 -87.077 -122.523 -236.586 -86.408
3 14 -123.098 -236.000 -87.700 -122.523 -236.586 -86.408 -119.062 -236.589 -87.077
3 14 -119.062 -236.589 -87.077 -119.121 -236.001 -88.489 -123.098 -236.000 -87.700
3 14 -123.673 -236.586 -88.992 -123.098 -236.000 -87.700 -119.121 -236.001 -88.489
3 14 -119.121 -236.001 -88.489 -119.209 -236.584 -89.902 -123.673 -236.586 -88.992
3 14 -123.911 -238.000 -89.527 -123.673 -236.586 -88.992 -119.209 -236.584 -89.902
3 14 -119.209 -236.584 -89.902 -119.275 -237.997 -90.488 -123.911 -238.000 -89.527
3 14 -123.673 -239.414 -88.992 -123.911 -238.000 -89.527 -119.275 -237.997 -90.488
3 14 -119.275 -237.997 -90.488 -119.280 -239.412 -89.904 -123.673 -239.414 -88.992
3 14 -123.098 -240.000 -87.700 -123.673 -239.414 -88.992 -119.280 -239.412 -89.904
3 14 -119.280 -239.412 -89.904 -119.222 -240.000 -88.492 -123.098 -240.000 -87.700
3 14 -119.134 -239.417 -87.079 -119.222 -240.000 -88.492 -115.324 -240.196 -88.146
3 14 -115.324 -240.196 -88.146 -115.428 -239.627 -86.729 -119.134 -239.417 -87.079
3 14 -119.068 -238.004 -86.493 -119.134 -239.417 -87.079 -115.428 -239.627 -86.729
3 14 -115.428 -239.627 -86.729 -115.370 -238.224 -86.119 -119.068 -238.004 -86.493
3 14 -119.062 -236.589 -87.077 -119.068 -238.004 -86.493 -115.370 -238.224 -86.119
3 14 -115.370 -238.224 -86.119 -115.186 -236.810 -86.673 -119.062 -236.589 -87.077
3 14 -119.121 -236.001 -88.489 -119.062 -236.589 -87.077 -115.186 -236.810 -86.673
3 14 -115.186 -236.810 -86.673 -114.982 -236.212 -88.068 -119.121 -236.001 -88.489
3 14 -119.209 -236.584 -89.902 -119.121 -236.001 -88.489 -114.982 -236.212 -88.068
3 14 -114.982 -236.212 -88.068 -114.879 -236.781 -89.485 -119.209 -236.584 -89.902
3 14 -119.275 -237.997 -90.488 -119.209 -236.584 -89.902 -114.879 -236.781 -89.485
3 14 -114.879 -236.781 -89.485 -114.936 -238.183 -90.095 -119.275 -237.997 -90.488
3 14 -119.280 -239.412 -89.904 -119.275 -237.997 -90.488 -114.936 -238.183 -90.095
3 14 -114.936 -238.183 -90.095 -115.121 -239.598 -89.540 -119.280 -239.412 -89.904
3 14 -119.222 -240.000 -88.492 -119.280 -239.412 -89.904 -115.121 -239.598 -89.540
3 14 -115.121 -239.598 -89.540 -115.324 -240.196 -88.146 -119.222 -240.000 -88.492
3 14 -115.428 -239.627 -86.729 -115.324 -240.196 -88.146 -111.447 -240.683 -87.727
3 14 -111.447 -240.683 -87.727 -111.551 -240.149 -86.296 -115.428 -239.627 -86.729
3 14 -115.370 -238.224 -86.119 -115.428 -239.627 -86.729 -111.551 -240.149 -86.296
3 14 -111.551 -240.149 -86.296 -111.431 -238.769 -85.644 -115.370 -238.224 -86.119
3 14 -115.186 -236.810 -86.673 -115.370 -238.224 -86.119 -111.431 -238.769 -85.644
3 14 -111.431 -238.769 -85.644 -111.159 -237.351 -86.153 -115.186 -236.810 -86.673
3 14 -114.982 -236.212 -88.068 -115.186 -236.810 -86.673 -111.159 -237.351 -86.153
3 14 -111.159 -237.351 -86.153 -110.894 -236.726 -87.525 -114.982 -236.212 -88.068
3 14 -114.879 -236.781 -89.485 -114.982 -236.212 -88.068 -110.894 -236.726 -87.525
3 14 -110.894 -236.726 -87.525 -110.790 -237.260 -88.956 -114.879 -236.781 -89.485
3 14 -114.936 -238.183 -90.095 -114.879 -236.781 -89.485 -110.790 -237.260 -88.956
3 14 -110.790 -237.260 -88.956 -110.909 -238.640 -89.608 -114.936 -238.183 -90.095
3 14 -115.121 -239.598 -89.540 -114.936 -238.183 -90.095 -110.909 -238.640 -89.608
3 14 -110.909 -238.640 -89.608 -111.182 -240.058 -89.098 -115.121 -239.598 -89.540
3 14 -115.324 -240.196 -88.146 -115.121 -239.598 -89.540 -111.182 -240.058 -89.098
3 14 -111.182 -240.058 -89.098 -111.447 -240.683 -87.727 -115.324 -240.196 -88.146
3 14 -111.551 -240.149 -86.296 -111.447 -240.683 -87.727 -107.551 -241.331 -87.264
3 14 -107.551 -241.331 -87.264 -107.659 -240.836 -85.819 -111.551 -240.149 -86.296
3 14 -111.431 -238.769 -85.644 -111.551 -240.149 -86.296 -107.659 -240.836 -85.819
3 14 -107.659 -240.836 -85.819 -107.508 -239.480 -85.125 -111.431 -238.769 -85.644
3 14 -111.159 -237.351 -86.153 -111.431 -238.769 -85.644 -107.508 -239.480 -85.125
3 14 -107.508 -239.480 -85.125 -107.186 -238.057 -85.588 -111.159 -237.351 -86.153
3 14 -110.894 -236.726 -87.525 -111.159 -237.351 -86.153 -107.186 -238.057 -85.588
3 14 -107.186 -238.057 -85.588 -106.881 -237.401 -86.937 -110.894 -236.726 -87.525
3 14 -110.790 -237.260 -88.956 -110.894 -236.726 -87.525 -106.881 -237.401 -86.937
3 14 -106.881 -237.401 -86.937 -106.774 -237.896 -88.382 -110.790 -237.260 -88.956
3 14 -110.909 -238.640 -89.608 -110.790 -237.260 -88.956 -106.774 -237.896 -88.382
3 14 -106.774 -237.896 -88.382 -106.925 -239.252 -89.076 -110.909 -238.640 -89.608
3 14 -111.182 -240.058 -89.098 -110.909 -238.640 -89.608 -106.925 -239.252 -89.076
3 14 -106.925 -239.252 -89.076 -107.247 -240.675 -88.613 -111.182 -240.058 -89.098
3 14 -111.447 -240.683 -87.727 -111.182 -240.058 -89.098 -107.247 -240.675 -88.613
3 14 -107.247 -240.675 -88.613 -107.551 -241.331 -87.264 -111.447 -240.683 -87.727
3 14 -107.659 -240.836 -85.819 -107.551 -241.331 -87.264 -103.663 -242.088 -86.773
3 14 -103.663 -242.088 -86.773 -103.778 -241.635 -85.316 -107.659 -240.836 -85.819
3 14 -107.508 -239.480 -85.125 -107.659 -240.836 -85.819 -103.778 -241.635 -85.316
3 14 -103.778 -241.635 -85.316 -103.606 -240.304 -84.579 -107.508 -239.480 -85.125
3 14 -107.186 -238.057 -85.588 -107.508 -239.480 -85.125 -103.606 -240.304 -84.579
3 14 -103.606 -240.304 -84.579 -103.245 -238.876 -84.995 -107.186 -238.057 -85.588
3 14 -106.881 -237.401 -86.937 -107.186 -238.057 -85.588 -103.245 -238.876 -84.995
3 14 -103.245 -238.876 -84.995 -102.909 -238.186 -86.320 -106.881 -237.401 -86.937
3 14 -106.774 -237.896 -88.382 -106.881 -237.401 -86.937 -102.909 -238.186 -86.320
3 14 -102.909 -238.186 -86.320 -102.793 -238.640 -87.777 -106.774 -237.896 -88.382
3 14 -106.925 -239.252 -89.076 -106.774 -237.896 -88.382 -102.793 -238.640 -87.777
3 14 -102.793 -238.640 -87.777 -102.966 -239.971 -88.514 -106.925 -239.252 -89.076
3 14 -107.247 -240.675 -88.613 -106.925 -239.252 -89.076 -102.966 -239.971 -88.514
3 14 -102.966 -239.971 -88.514 -103.326 -241.399 -88.098 -107.247 -240.675 -88.613
3 14 -107.551 -241.331 -87.264 -107.247 -240.675 -88.613 -103.326 -241.399 -88.098
3 14 -103.326 -241.399 -88.098 -103.663 -242.088 -86.773 -107.551 -241.331 -87.264
3 14 -103.778 -241.635 -85.316 -103.663 -242.088 -86.773 -95.883 -243.817 -85.712
3 14 -95.883 -243.817 -85.712 -96.015 -243.430 -84.237 -103.778 -241.635 -85.316
3 14 -103.606 -240.304 -84.579 -103.778 -241.635 -85.316 -96.015 -243.430 -84.237
3 14 -96.015 -243.430 -84.237 -95.831 -242.138 -83.436 -103.606 -240.304 -84.579
3 14 -103.245 -238.876 -84.995 -103.606 -240.304 -84.579 -95.831 -242.138 -83.436
3 14 -95.831 -242.138 -83.436 -95.439 -240.699 -83.779 -103.245 -238.876 -84.995
3 14 -102.909 -238.186 -86.320 -103.245 -238.876 -84.995 -95.439 -240.699 -83.779
3 14 -95.439 -240.699 -83.779 -95.068 -239.954 -85.064 -102.909 -238.186 -86.320
3 14 -102.793 -238.640 -87.777 -102.909 -238.186 -86.320 -95.068 -239.954 -85.064
3 14 -95.068 -239.954 -85.064 -94.936 -240.342 -86.539 -102.793 -238.640 -87.777
3 14 -102.966 -239.971 -88.514 -102.793 -238.640 -87.777 -94.936 -240.342 -86.539
3 14 -94.936 -240.342 -86.539 -95.120 -241.633 -87.340 -102.966 -239.971 -88.514
3 14 -103.326 -241.399 -88.098 -102.966 -239.971 -88.514 -95.120 -241.633 -87.340
3 14 -95.120 -241.633 -87.340 -95.512 -243.073 -86.997 -103.326 -241.399 -88.098
3 14 -103.663 -242.088 -86.773 -103.326 -241.399 -88.098 -95.512 -243.073 -86.997
3 14 -95.512 -243.073 -86.997 -95.883 -243.817 -85.712 -103.663 -242.088 -86.773
3 14 -95.883 -243.817 -85.712 -88.134 -245.720 -84.646 -88.293 -245.428 -83.152
3 14 -88.293 -245.428 -83.152 -96.015 -243.430 -84.237 -95.883 -243.817 -85.712
3 14 -96.015 -243.430 -84.237 -88.293 -245.428 -83.152 -88.113 -244.193 -82.265
3 14 -88.113 -244.193 -82.265 -95.831 -242.138 -83.436 -96.015 -243.430 -84.237
3 14 -95.831 -242.138 -83.436 -88.113 -244.193 -82.265 -87.700 -242.739 -82.505
3 14 -87.700 -242.739 -82.505 -95.439 -240.699 -83.779 -95.831 -242.138 -83.436
3 14 -95.439 -240.699 -83.779 -87.700 -242.739 -82.505 -87.297 -241.917 -83.732
3 14 -87.297 -241.917 -83.732 -95.068 -239.954 -85.064 -95.439 -240.699 -83.779
3 14 -95.068 -239.954 -85.064 -87.297 -241.917 -83.732 -87.138 -242.209 -85.226
3 14 -87.138 -242.209 -85.226 -94.936 -240.342 -86.539 -95.068 -239.954 -85.064
3 14 -94.936 -240.342 -86.539 -87.138 -242.209 -85.226 -87.317 -243.443 -86.113
3 14 -87.317 -243.443 -86.113 -95.120 -241.633 -87.340 -94.936 -240.342 -86.539
3 14 -95.120 -241.633 -87.340 -87.317 -243.443 -86.113 -87.730 -244.898 -85.873
3 14 -87.730 -244.898 -85.873 -95.512 -243.073 -86.997 -95.120 -241.633 -87.340
3 14 -95.512 -243.073 -86.997 -87.730 -244.898 -85.873 -88.134 -245.720 -84.646
3 14 -88.134 -245.720 -84.646 -95.883 -243.817 -85.712 -95.512 -243.073 -86.997
3 14 -88.134 -245.720 -84.646 -80.408 -247.740 -83.565 -80.598 -247.553 -82.058
3 14 -80.598 -247.553 -82.058 -88.293 -245.428 -83.152 -88.134 -245.720 -84.646
3 14 -88.293 -245.428 -83.152 -80.598 -247.553 -82.058 -80.432 -246.385 -81.083
3 14 -80.432 -246.385 -81.083 -88.113 -244.193 -82.265 -88.293 -245.428 -83.152
3 14 -88.113 -244.193 -82.265 -80.432 -246.385 -81.083 -80.008 -244.920 -81.211
3 14 -80.008 -244.920 -81.211 -87.700 -242.739 -82.505 -88.113 -244.193 -82.265
3 14 -87.700 -242.739 -82.505 -80.008 -244.920 -81.211 -79.574 -244.016 -82.368
3 14 -79.574 -244.016 -82.368 -87.297 -241.917 -83.732 -87.700 -242.739 -82.505
3 14 -87.297 -241.917 -83.732 -79.574 -244.016 -82.368 -79.384 -244.203 -83.875
3 14 -79.384 -244.203 -83.875 -87.138 -242.209 -85.226 -87.297 -241.917 -83.732
3 14 -87.138 -242.209 -85.226 -79.384 -244.203 -83.875 -79.550 -245.371 -84.850
3 14 -79.550 -245.371 -84.850 -87.317 -243.443 -86.113 -87.138 -242.209 -85.226
3 14 -87.317 -243.443 -86.113 -79.550 -245.371 -84.850 -79.974 -246.836 -84.722
3 14 -79.974 -246.836 -84.722 -87.730 -244.898 -85.873 -87.317 -243.443 -86.113
3 14 -87.730 -244.898 -85.873 -79.974 -246.836 -84.722 -80.408 -247.740 -83.565
3 14 -80.408 -247.740 -83.565 -88.134 -245.720 -84.646 -87.730 -244.898 -85.873
3 14 -80.408 -247.740 -83.565 -65.011 -252.033 -81.313 -65.253 -252.023 -79.802
3 14 -65.253 -252.023 -79.802 -80.598 -247.553 -82.058 -80.408 -247.740 -83.565
3 14 -80.598 -247.553 -82.058 -65.253 -252.023 -79.802 -65.123 -250.976 -78.692
3 14 -65.123 -250.976 -78.692 -80.432 -246.385 -81.083 -80.598 -247.553 -82.058
3 14 -80.432 -246.385 -81.083 -65.123 -250.976 -78.692 -64.699 -249.507 -78.634
3 14 -64.699 -249.507 -78.634 -80.008 -244.920 -81.211 -80.432 -246.385 -81.083
3 14 -80.008 -244.920 -81.211 -64.699 -249.507 -78.634 -64.227 -248.475 -79.662
3 14 -64.227 -248.475 -79.662 -79.574 -244.016 -82.368 -80.008 -244.920 -81.211
3 14 -79.574 -244.016 -82.368 -64.227 -248.475 -79.662 -63.985 -248.485 -81.173
3 14 -63.985 -248.485 -81.173 -79.384 -244.203 -83.875 -79.574 -244.016 -82.368
3 14 -79.384 -244.203 -83.875 -63.985 -248.485 -81.173 -64.114 -249.531 -82.283
3 14 -64.114 -249.531 -82.283 -79.550 -245.371 -84.850 -79.384 -244.203 -83.875
3 14 -79.550 -245.371 -84.850 -64.114 -249.531 -82.283 -64.539 -251.001 -82.341
3 14 -64.539 -251.001 -82.341 -79.974 -246.836 -84.722 -79.550 -245.371 -84.850
3 14 -79.974 -246.836 -84.722 -64.539 -251.001 -82.341 -65.011 -252.033 -81.313
3 14 -65.011 -252.033 -81.313 -80.408 -247.740 -83.565 -79.974 -246.836 -84.722
3 14 -65.011 -252.033 -81.313 -38.162 -259.987 -77.393 -38.504 -260.334 -75.942
3 14 -38.504 -260.334 -75.942 -65.253 -252.023 -79.802 -65.011 -252.033 -81.313
3 14 -65.253 -252.023 -79.802 -38.504 -260.334 -75.942 -38.478 -259.576 -74.613
3 14 -38.478 -259.576 -74.613 -65.123 -250.976 -78.692 -65.253 -252.023 -79.802
3 14 -65.123 -250.976 -78.692 -38.478 -259.576 -74.613 -38.099 -258.156 -74.184
3 14 -38.099 -258.156 -74.184 -64.699 -249.507 -78.634 -65.123 -250.976 -78.692
3 14 -64.699 -249.507 -78.634 -38.099 -258.156 -74.184 -37.589 -256.907 -74.907
3 14 -37.589 -256.907 -74.907 -64.227 -248.475 -79.662 -64.699 -249.507 -78.634
3 14 -64.227 -248.475 -79.662 -37.589 -256.907 -74.907 -37.247 -256.559 -76.358
3 14 -37.247 -256.559 -76.358 -63.985 -248.485 -81.173 -64.227 -248.475 -79.662
3 14 -63.985 -248.485 -81.173 -37.247 -256.559 -76.358 -37.273 -257.318 -77.687
3 14 -37.273 -257.318 -77.687 -64.114 -249.531 -82.283 -63.985 -248.485 -81.173
3 14 -64.114 -249.531 -82.283 -37.273 -257.318 -77.687 -37.652 -258.738 -78.116
3 14 -37.652 -258.738 -78.116 -64.539 -251.001 -82.341 -64.114 -249.531 -82.283
3 14 -64.539 -251.001 -82.341 -37.652 -258.738 -78.116 -38.162 -259.987 -77.393
3 14 -38.162 -259.987 -77.393 -65.011 -252.033 -81.313 -64.539 -251.001 -82.341
3 14 -38.162 -259.987 -77.393 -11.823 -268.019 -73.702 -12.268 -268.796 -72.460
3 14 -12.268 -268.796 -72.460 -38.504 -260.334 -75.942 -38.162 -259.987 -77.393
3 14 -38.504 -260.334 -75.942 -12.268 -268.796 -72.460 -12.390 -268.475 -70.969
3 14 -12.390 -268.475 -70.969 -38.478 -259.576 -74.613 -38.504 -260.334 -75.942
3 14 -38.478 -259.576 -74.613 -12.390 -268.475 -70.969 -12.117 -267.244 -70.101
3 14 -12.117 -267.244 -70.101 -38.099 -258.156 -74.184 -38.478 -259.576 -74.613
3 14 -38.099 -258.156 -74.184 -12.117 -267.244 -70.101 -11.609 -265.824 -70.365
3 14 -11.609 -265.824 -70.365 -37.589 -256.907 -74.907 -38.099 -258.156 -74.184
3 14 -37.589 -256.907 -74.907 -11.609 -265.824 -70.365 -11.164 -265.048 -71.606
3 14 -11.164 -265.048 -71.606 -37.247 -256.559 -76.358 -37.589 -256.907 -74.907
3 14 -37.247 -256.559 -76.358 -11.164 -265.048 -71.606 -11.042 -265.369 -73.098
3 14 -11.042 -265.369 -73.098 -37.273 -257.318 -77.687 -37.247 -256.559 -76.358
3 14 -37.273 -257.318 -77.687 -11.042 -265.369 -73.098 -11.315 -266.600 -73.966
3 14 -11.315 -266.600 -73.966 -37.652 -258.738 -78.116 -37.273 -257.318 -77.687
3 14 -37.652 -258.738 -78.116 -11.315 -266.600 -73.966 -11.823 -268.019 -73.702
3 14 -11.823 -268.019 -73.702 -38.162 -259.987 -77.393 -37.652 -258.738 -78.116
3 14 -11.823 -268.019 -73.702 3.504 -272.693 -71.669 3.011 -273.737 -70.663
3 14 3.011 -273.737 -70.663 -12.268 -268.796 -72.460 -11.823 -268.019 -73.702
3 14 -12.268 -268.796 -72.460 3.011 -273.737 -70.663 2.792 -273.761 -69.148
3 14 2.792 -273.761 -69.148 -12.390 -268.475 -70.969 -12.268 -268.796 -72.460
3 14 -12.390 -268.475 -70.969 2.792 -273.761 -69.148 2.974 -272.751 -68.012
3 14 2.974 -272.751 -68.012 -12.117 -267.244 -70.101 -12.390 -268.475 -70.969
3 14 -12.117 -267.244 -70.101 2.974 -272.751 -68.012 3.451 -271.300 -67.920
3 14 3.451 -271.300 -67.920 -11.609 -265.824 -70.365 -12.117 -267.244 -70.101
3 14 -11.609 -265.824 -70.365 3.451 -271.300 -67.920 3.943 -270.256 -68.926
3 14 3.943 -270.256 -68.926 -11.164 -265.048 -71.606 -11.609 -265.824 -70.365
3 14 -11.164 -265.048 -71.606 3.943 -270.256 -68.926 4.163 -270.232 -70.440
3 14 4.163 -270.232 -70.440 -11.042 -265.369 -73.098 -11.164 -265.048 -71.606
3 14 -11.042 -265.369 -73.098 4.163 -270.232 -70.440 3.981 -271.242 -71.577
3 14 3.981 -271.242 -71.577 -11.315 -266.600 -73.966 -11.042 -265.369 -73.098
3 14 -11.315 -266.600 -73.966 3.981 -271.242 -71.577 3.504 -272.693 -71.669
3 14 3.504 -272.693 -71.669 -11.823 -268.019 -73.702 -11.315 -266.600 -73.966
3 14 3.504 -272.693 -71.669 18.760 -277.591 -69.748 18.256 -278.771 -68.913
3 14 18.256 -278.771 -68.913 3.011 -273.737 -70.663 3.504 -272.693 -71.669
3 14 3.011 -273.737 -70.663 18.256 -278.771 -68.913 17.996 -279.010 -67.423
3 14 17.996 -279.010 -67.423 2.792 -273.761 -69.148 3.011 -273.737 -70.663
3 14 2.792 -273.761 -69.148 17.996 -279.010 -67.423 18.132 -278.168 -66.152
3 14 18.132 -278.168 -66.152 2.974 -272.751 -68.012 2.792 -273.761 -69.148
3 14 2.974 -272.751 -68.012 18.132 -278.168 -66.152 18.585 -276.739 -65.843
3 14 18.585 -276.739 -65.843 3.451 -271.300 -67.920 2.974 -272.751 -68.012
3 14 3.451 -271.300 -67.920 18.585 -276.739 -65.843 19.089 -275.559 -66.679
3 14 19.089 -275.559 -66.679 3.943 -270.256 -68.926 3.451 -271.300 -67.920
3 14 3.943 -270.256 -68.926 19.089 -275.559 -66.679 19.349 -275.320 -68.168
3 14 19.349 -275.320 -68.168 4.163 -270.232 -70.440 3.943 -270.256 -68.926
3 14 4.163 -270.232 -70.440 19.349 -275.320 -68.168 19.213 -276.162 -69.439
3 14 19.213 -276.162 -69.439 3.981 -271.242 -71.577 4.163 -270.232 -70.440
3 14 3.981 -271.242 -71.577 19.213 -276.162 -69.439 18.760 -277.591 -69.748
3 14 18.760 -277.591 -69.748 3.504 -272.693 -71.669 3.981 -271.242 -71.577
3 14 18.760 -277.591 -69.748 26.387 -280.020 -68.960 25.885 -281.278 -68.247
3 14 25.885 -281.278 -68.247 18.256 -278.771 -68.913 18.760 -277.591 -69.748
3 14 18.256 -278.771 -68.913 25.885 -281.278 -68.247 25.613 -281.661 -66.790
3 14 25.613 -281.661 -66.790 17.996 -279.010 -67.423 18.256 -278.771 -68.913
3 14 17.996 -279.010 -67.423 25.613 -281.661 -66.790 25.732 -280.944 -65.443
3 14 25.732 -280.944 -65.443 18.132 -278.168 -66.152 17.996 -279.010 -67.423
3 14 18.132 -278.168 -66.152 25.732 -280.944 -65.443 26.171 -279.548 -64.994
3 14 26.171 -279.548 -64.994 18.585 -276.739 -65.843 18.132 -278.168 -66.152
3 14 18.585 -276.739 -65.843 26.171 -279.548 -64.994 26.674 -278.291 -65.707
3 14 26.674 -278.291 -65.707 19.089 -275.559 -66.679 18.585 -276.739 -65.843
3 14 19.089 -275.559 -66.679 26.674 -278.291 -65.707 26.946 -277.908 -67.164
3 14 26.946 -277.908 -67.164 19.349 -275.320 -68.168 19.089 -275.559 -66.679
3 14 19.349 -275.320 -68.168 26.946 -277.908 -67.164 26.827 -278.624 -68.512
3 14 26.827 -278.624 -68.512 19.213 -276.162 -69.439 19.349 -275.320 -68.168
3 14 19.213 -276.162 -69.439 26.827 -278.624 -68.512 26.387 -280.020 -68.960
3 14 26.387 -280.020 -68.960 18.760 -277.591 -69.748 19.213 -276.162 -69.439
3 14 25.885 -281.278 -68.247 26.387 -280.020 -68.960 30.177 -281.245 -68.652
3 14 30.177 -281.245 -68.652 29.683 -282.536 -67.995 25.885 -281.278 -68.247
3 14 25.613 -281.661 -66.790 25.885 -281.278 -68.247 29.683 -282.536 -67.995
3 14 29.683 -282.536 -67.995 29.427 -282.988 -66.555 25.613 -281.661 -66.790
3 14 25.732 -280.944 -65.443 25.613 -281.661 -66.790 29.427 -282.988 -66.555
3 14 29.427 -282.988 -66.555 29.558 -282.337 -65.177 25.732 -280.944 -65.443
3 14 26.171 -279.548 -64.994 25.732 -280.944 -65.443 29.558 -282.337 -65.177
3 14 29.558 -282.337 -65.177 30.000 -280.963 -64.666 26.171 -279.548 -64.994
3 14 26.674 -278.291 -65.707 26.171 -279.548 -64.994 30.000 -280.963 -64.666
3 14 30.000 -280.963 -64.666 30.493 -279.671 -65.324 26.674 -278.291 -65.707
3 14 26.946 -277.908 -67.164 26.674 -278.291 -65.707 30.493 -279.671 -65.324
3 14 30.493 -279.671 -65.324 30.750 -279.219 -66.763 26.946 -277.908 -67.164
3 14 26.827 -278.624 -68.512 26.946 -277.908 -67.164 30.750 -279.219 -66.763
3 14 30.750 -279.219 -66.763 30.619 -279.871 -68.142 26.827 -278.624 -68.512
3 14 26.387 -280.020 -68.960 26.827 -278.624 -68.512 30.619 -279.871 -68.142
3 14 30.619 -279.871 -68.142 30.177 -281.245 -68.652 26.387 -280.020 -68.960
3 14 29.683 -282.536 -67.995 30.177 -281.245 -68.652 33.940 -282.498 -68.450
3 14 33.940 -282.498 -68.450 33.423 -283.798 -67.828 29.683 -282.536 -67.995
3 14 29.427 -282.988 -66.555 29.683 -282.536 -67.995 33.423 -283.798 -67.828
3 14 33.423 -283.798 -67.828 33.187 -284.296 -66.400 29.427 -282.988 -66.555
3 14 29.558 -282.337 -65.177 29.427 -282.988 -66.555 33.187 -284.296 -66.400
3 14 33.187 -284.296 -66.400 33.370 -283.700 -65.002 29.558 -282.337 -65.177
3 14 30.000 -280.963 -64.666 29.558 -282.337 -65.177 33.370 -283.700 -65.002
3 14 33.370 -283.700 -65.002 33.865 -282.360 -64.453 30.000 -280.963 -64.666
3 14 30.493 -279.671 -65.324 30.000 -280.963 -64.666 33.865 -282.360 -64.453
3 14 33.865 -282.360 -64.453 34.382 -281.060 -65.074 30.493 -279.671 -65.324
3 14 30.750 -279.219 -66.763 30.493 -279.671 -65.324 34.382 -281.060 -65.074
3 14 34.382 -281.060 -65.074 34.618 -280.562 -66.502 30.750 -279.219 -66.763
3 14 30.619 -279.871 -68.142 30.750 -279.219 -66.763 34.618 -280.562 -66.502
3 14 34.618 -280.562 -66.502 34.435 -281.158 -67.901 30.619 -279.871 -68.142
3 14 30.177 -281.245 -68.652 30.619 -279.871 -68.142 34.435 -281.158 -67.901
3 14 34.435 -281.158 -67.901 33.940 -282.498 -68.450 30.177 -281.245 -68.652
3 14 33.423 -283.798 -67.828 33.940 -282.498 -68.450 37.625 -283.999 -68.420
3 14 37.625 -283.999 -68.420 36.840 -285.171 -67.825 33.423 -283.798 -67.828
3 14 33.187 -284.296 -66.400 33.423 -283.798 -67.828 36.840 -285.171 -67.825
3 14 36.840 -285.171 -67.825 36.514 -285.648 -66.408 33.187 -284.296 -66.400
3 14 33.370 -283.700 -65.002 33.187 -284.296 -66.400 36.514 -285.648 -66.408
3 14 36.514 -285.648 -66.408 36.839 -285.150 -64.997 33.370 -283.700 -65.002
3 14 33.865 -282.360 -64.453 33.370 -283.700 -65.002 36.839 -285.150 -64.997
3 14 36.839 -285.150 -64.997 37.624 -283.969 -64.420 33.865 -282.360 -64.453
3 14 34.382 -281.060 -65.074 33.865 -282.360 -64.453 37.624 -283.969 -64.420
3 14 37.624 -283.969 -64.420 38.409 -282.797 -65.015 34.382 -281.060 -65.074
3 14 34.618 -280.562 -66.502 34.382 -281.060 -65.074 38.409 -282.797 -65.015
3 14 38.409 -282.797 -65.015 38.734 -282.320 -66.432 34.618 -280.562 -66.502
3 14 34.435 -281.158 -67.901 34.618 -280.562 -66.502 38.734 -282.320 -66.432
3 14 38.734 -282.320 -66.432 38.410 -282.818 -67.843 34.435 -281.158 -67.901
3 14 33.940 -282.498 -68.450 34.435 -281.158 -67.901 38.410 -282.818 -67.843
3 14 38.410 -282.818 -67.843 37.625 -283.999 -68.420 33.940 -282.498 -68.450
3 14 36.840 -285.171 -67.825 37.625 -283.999 -68.420 40.480 -286.814 -68.420
3 14 40.480 -286.814 -68.420 39.295 -287.585 -67.834 36.840 -285.171 -67.825
3 14 36.514 -285.648 -66.408 36.840 -285.171 -67.825 39.295 -287.585 -67.834
3 14 39.295 -287.585 -67.834 38.804 -287.904 -66.420 36.514 -285.648 -66.408
3 14 36.839 -285.150 -64.997 36.514 -285.648 -66.408 38.804 -287.904 -66.420
3 14 38.804 -287.904 -66.420 39.295 -287.585 -65.006 36.839 -285.150 -64.997
3 14 37.624 -283.969 -64.420 36.839 -285.150 -64.997 39.295 -287.585 -65.006
3 14 39.295 -287.585 -65.006 40.480 -286.814 -64.420 37.624 -283.969 -64.420
3 14 38.409 -282.797 -65.015 37.624 -283.969 -64.420 40.480 -286.814 -64.420
3 14 40.480 -286.814 -64.420 41.665 -286.042 -65.006 38.409 -282.797 -65.015
3 14 38.734 -282.320 -66.432 38.409 -282.797 -65.015 41.665 -286.042 -65.006
3 14 41.665 -286.042 -65.006 42.156 -285.723 -66.420 38.734 -282.320 -66.432
3 14 38.410 -282.818 -67.843 38.734 -282.320 -66.432 42.156 -285.723 -66.420
3 14 42.156 -285.723 -66.420 41.665 -286.042 -67.834 38.410 -282.818 -67.843
3 14 37.625 -283.999 -68.420 38.410 -282.818 -67.843 41.665 -286.042 -67.834
3 14 41.665 -286.042 -67.834 40.480 -286.814 -68.420 37.625 -283.999 -68.420
3 14 39.295 -287.585 -67.834 40.480 -286.814 -68.420 41.911 -290.572 -68.420
3 14 41.911 -290.572 -68.420 40.512 -290.785 -67.834 39.295 -287.585 -67.834
3 14 38.804 -287.904 -66.420 39.295 -287.585 -67.834 40.512 -290.785 -67.834
3 14 40.512 -290.785 -67.834 39.933 -290.873 -66.420 38.804 -287.904 -66.420
3 14 39.295 -287.585 -65.006 38.804 -287.904 -66.420 39.933 -290.873 -66.420
3 14 39.933 -290.873 -66.420 40.512 -290.785 -65.006 39.295 -287.585 -65.006
3 14 40.480 -286.814 -64.420 39.295 -287.585 -65.006 40.512 -290.785 -65.006
3 14 40.512 -290.785 -65.006 41.911 -290.572 -64.420 40.480 -286.814 -64.420
3 14 41.665 -286.042 -65.006 40.480 -286.814 -64.420 41.911 -290.572 -64.420
3 14 41.911 -290.572 -64.420 43.309 -290.359 -65.006 41.665 -286.042 -65.006
3 14 42.156 -285.723 -66.420 41.665 -286.042 -65.006 43.309 -290.359 -65.006
3 14 43.309 -290.359 -65.006 43.888 -290.271 -66.420 42.156 -285.723 -66.420
3 14 41.665 -286.042 -67.834 42.156 -285.723 -66.420 43.888 -290.271 -66.420
3 14 43.888 -290.271 -66.420 43.309 -290.359 -67.834 41.665 -286.042 -67.834
3 14 40.480 -286.814 -68.420 41.665 -286.042 -67.834 43.309 -290.359 -67.834
3 14 43.309 -290.359 -67.834 41.911 -290.572 -68.420 40.480 -286.814 -68.420
3 14 40.512 -290.785 -67.834 41.911 -290.572 -68.420 41.664 -294.587 -68.420
3 14 41.664 -294.587 -68.420 40.299 -294.217 -67.834 40.512 -290.785 -67.834
3 14 39.933 -290.873 -66.420 40.512 -290.785 -67.834 40.299 -294.217 -67.834
3 14 40.299 -294.217 -67.834 39.733 -294.064 -66.420 39.933 -290.873 -66.420
3 14 40.512 -290.785 -65.006 39.933 -290.873 -66.420 39.733 -294.064 -66.420
3 14 39.733 -294.064 -66.420 40.299 -294.217 -65.006 40.512 -290.785 -65.006
3 14 41.911 -290.572 -64.420 40.512 -290.785 -65.006 40.299 -294.217 -65.006
3 14 40.299 -294.217 -65.006 41.664 -294.587 -64.420 41.911 -290.572 -64.420
3 14 43.309 -290.359 -65.006 41.911 -290.572 -64.420 41.664 -294.587 -64.420
3 14 41.664 -294.587 -64.420 43.029 -294.957 -65.006 43.309 -290.359 -65.006
3 14 43.888 -290.271 -66.420 43.309 -290.359 -65.006 43.029 -294.957 -65.006
3 14 43.029 -294.957 -65.006 43.594 -295.111 -66.420 43.888 -290.271 -66.420
3 14 43.309 -290.359 -67.834 43.888 -290.271 -66.420 43.594 -295.111 -66.420
3 14 43.594 -295.111 -66.420 43.029 -294.957 -67.834 43.309 -290.359 -67.834
3 14 41.911 -290.572 -68.420 43.309 -290.359 -67.834 43.029 -294.957 -67.834
3 14 43.029 -294.957 -67.834 41.664 -294.587 -68.420 41.911 -290.572 -68.420
3 14 40.299 -294.217 -67.834 41.664 -294.587 -68.420 40.071 -297.736 -68.420
3 14 40.071 -297.736 -68.420 38.958 -296.864 -67.834 40.299 -294.217 -67.834
3 14 39.733 -294.064 -66.420 40.299 -294.217 -67.834 38.958 -296.864 -67.834
3 14 38.958 -296.864 -67.834 38.497 -296.503 -66.420 39.733 -294.064 -66.420
3 14 40.299 -294.217 -65.006 39.733 -294.064 -66.420 38.497 -296.503 -66.420
3 14 38.497 -296.503 -66.420 38.958 -296.864 -65.006 40.299 -294.217 -65.006
3 14 41.664 -294.587 -64.420 40.299 -294.217 -65.006 38.958 -296.864 -65.006
3 14 38.958 -296.864 -65.006 40.071 -297.736 -64.420 41.664 -294.587 -64.420
3 14 43.029 -294.957 -65.006 41.664 -294.587 -64.420 40.071 -297.736 -64.420
3 14 40.071 -297.736 -64.420 41.184 -298.609 -65.006 43.029 -294.957 -65.006
3 14 43.594 -295.111 -66.420 43.029 -294.957 -65.006 41.184 -298.609 -65.006
3 14 41.184 -298.609 -65.006 41.645 -298.970 -66.420 43.594 -295.111 -66.420
3 14 43.029 -294.957 -67.834 43.594 -295.111 -66.420 41.645 -298.970 -66.420
3 14 41.645 -298.970 -66.420 41.184 -298.609 -67.834 43.029 -294.957 -67.834
3 14 41.664 -294.587 -68.420 43.029 -294.957 -67.834 41.184 -298.609 -67.834
3 14 41.184 -298.609 -67.834 40.071 -297.736 -68.420 41.664 -294.587 -68.420
3 14 38.958 -296.864 -67.834 40.071 -297.736 -68.420 37.026 -300.351 -68.420
3 14 37.026 -300.351 -68.420 36.352 -299.107 -67.834 38.958 -296.864 -67.834
3 14 38.497 -296.503 -66.420 38.958 -296.864 -67.834 36.352 -299.107 -67.834
3 14 36.352 -299.107 -67.834 36.073 -298.592 -66.420 38.497 -296.503 -66.420
3 14 38.958 -296.864 -65.006 38.497 -296.503 -66.420 36.073 -298.592 -66.420
3 14 36.073 -298.592 -66.420 36.352 -299.107 -65.006 38.958 -296.864 -65.006
3 14 40.071 -297.736 -64.420 38.958 -296.864 -65.006 36.352 -299.107 -65.006
3 14 36.352 -299.107 -65.006 37.026 -300.351 -64.420 40.071 -297.736 -64.420
3 14 41.184 -298.609 -65.006 40.071 -297.736 -64.420 37.026 -300.351 -64.420
3 14 37.026 -300.351 -64.420 37.700 -301.594 -65.006 41.184 -298.609 -65.006
3 14 41.645 -298.970 -66.420 41.184 -298.609 -65.006 37.700 -301.594 -65.006
3 14 37.700 -301.594 -65.006 37.979 -302.109 -66.420 41.645 -298.970 -66.420
3 14 41.184 -298.609 -67.834 41.645 -298.970 -66.420 37.979 -302.109 -66.420
3 14 37.979 -302.109 -66.420 37.700 -301.594 -67.834 41.184 -298.609 -67.834
3 14 40.071 -297.736 -68.420 41.184 -298.609 -67.834 37.700 -301.594 -67.834
3 14 37.700 -301.594 -67.834 37.026 -300.351 -68.420 40.071 -297.736 -68.420
3 14 36.352 -299.107 -67.834 37.026 -300.351 -68.420 33.174 -301.474 -68.420
3 14 33.174 -301.474 -68.420 33.071 -300.064 -67.834 36.352 -299.107 -67.834
3 14 36.073 -298.592 -66.420 36.352 -299.107 -67.834 33.071 -300.064 -67.834
3 14 33.071 -300.064 -67.834 33.028 -299.479 -66.420 36.073 -298.592 -66.420
3 14 36.352 -299.107 -65.006 36.073 -298.592 -66.420 33.028 -299.479 -66.420
3 14 33.028 -299.479 -66.420 33.071 -300.064 -65.006 36.352 -299.107 -65.006
3 14 37.026 -300.351 -64.420 36.352 -299.107 -65.006 33.071 -300.064 -65.006
3 14 33.071 -300.064 -65.006 33.174 -301.474 -64.420 37.026 -300.351 -64.420
3 14 37.700 -301.594 -65.006 37.026 -300.351 -64.420 33.174 -301.474 -64.420
3 14 33.174 -301.474 -64.420 33.277 -302.884 -65.006 37.700 -301.594 -65.006
3 14 37.979 -302.109 -66.420 37.700 -301.594 -65.006 33.277 -302.884 -65.006
3 14 33.277 -302.884 -65.006 33.320 -303.469 -66.420 37.979 -302.109 -66.420
3 14 37.700 -301.594 -67.834 37.979 -302.109 -66.420 33.320 -303.469 -66.420
3 14 33.320 -303.469 -66.420 33.277 -302.884 -67.834 37.700 -301.594 -67.834
3 14 37.026 -300.351 -68.420 37.700 -301.594 -67.834 33.277 -302.884 -67.834
3 14 33.277 -302.884 -67.834 33.174 -301.474 -68.420 37.026 -300.351 -68.420
3 14 33.071 -300.064 -67.834 33.174 -301.474 -68.420 29.264 -300.932 -68.420
3 14 29.264 -300.932 -68.420 29.746 -299.602 -67.834 33.071 -300.064 -67.834
3 14 33.028 -299.479 -66.420 33.071 -300.064 -67.834 29.746 -299.602 -67.834
3 14 29.746 -299.602 -67.834 29.946 -299.052 -66.420 33.028 -299.479 -66.420
3 14 33.071 -300.064 -65.006 33.028 -299.479 -66.420 29.946 -299.052 -66.420
3 14 29.946 -299.052 -66.420 29.746 -299.602 -65.006 33.071 -300.064 -65.006
3 14 33.174 -301.474 -64.420 33.071 -300.064 -65.006 29.746 -299.602 -65.006
3 14 29.746 -299.602 -65.006 29.264 -300.932 -64.420 33.174 -301.474 -64.420
3 14 33.277 -302.884 -65.006 33.174 -301.474 -64.420 29.264 -300.932 -64.420
3 14 29.264 -300.932 -64.420 28.783 -302.262 -65.006 33.277 -302.884 -65.006
3 14 33.320 -303.469 -66.420 33.277 -302.884 -65.006 28.783 -302.262 -65.006
3 14 28.783 -302.262 -65.006 28.583 -302.813 -66.420 33.320 -303.469 -66.420
3 14 33.277 -302.884 -67.834 33.320 -303.469 -66.420 28.583 -302.813 -66.420
3 14 28.583 -302.813 -66.420 28.783 -302.262 -67.834 33.277 -302.884 -67.834
3 14 33.174 -301.474 -68.420 33.277 -302.884 -67.834 28.783 -302.262 -67.834
3 14 28.783 -302.262 -67.834 29.264 -300.932 -68.420 33.174 -301.474 -68.420
