0 FILE bbqxpjx.dat
0 bbqxpjx
0 Name:  bbqxpjx.dat
0 Author:  
0 BL_Item_No bbqxpjx
0 BFC CERTIFY CCW
3 14 30.791 -300.257 -97.414 30.380 -301.610 -98.000 26.445 -300.337 -97.866
3 14 26.445 -300.337 -97.866 26.936 -299.002 -97.300 30.791 -300.257 -97.414
3 14 30.962 -299.697 -96.000 30.791 -300.257 -97.414 26.936 -299.002 -97.300
3 14 26.936 -299.002 -97.300 27.201 -298.454 -95.896 30.962 -299.697 -96.000
3 14 30.791 -300.257 -94.586 30.962 -299.697 -96.000 27.201 -298.454 -95.896
3 14 27.201 -298.454 -95.896 27.085 -299.014 -94.476 30.791 -300.257 -94.586
3 14 30.380 -301.610 -94.000 30.791 -300.257 -94.586 27.085 -299.014 -94.476
3 14 27.085 -299.014 -94.476 26.655 -300.353 -93.872 30.380 -301.610 -94.000
3 14 29.968 -302.963 -94.586 30.380 -301.610 -94.000 26.655 -300.353 -93.872
3 14 26.655 -300.353 -93.872 26.164 -301.688 -94.438 29.968 -302.963 -94.586
3 14 29.797 -303.524 -96.000 29.968 -302.963 -94.586 26.164 -301.688 -94.438
3 14 26.164 -301.688 -94.438 25.899 -302.236 -95.843 29.797 -303.524 -96.000
3 14 29.968 -302.963 -97.414 29.797 -303.524 -96.000 25.899 -302.236 -95.843
3 14 25.899 -302.236 -95.843 26.015 -301.676 -97.263 29.968 -302.963 -97.414
3 14 30.380 -301.610 -98.000 29.968 -302.963 -97.414 26.015 -301.676 -97.263
3 14 26.015 -301.676 -97.263 26.445 -300.337 -97.866 30.380 -301.610 -98.000
3 14 26.936 -299.002 -97.300 26.445 -300.337 -97.866 22.577 -298.998 -97.579
3 14 22.577 -298.998 -97.579 23.119 -297.666 -97.053 26.936 -299.002 -97.300
3 14 27.201 -298.454 -95.896 26.936 -299.002 -97.300 23.119 -297.666 -97.053
3 14 23.119 -297.666 -97.053 23.451 -297.104 -95.669 27.201 -298.454 -95.896
3 14 27.085 -299.014 -94.476 27.201 -298.454 -95.896 23.451 -297.104 -95.669
3 14 23.451 -297.104 -95.669 23.380 -297.641 -94.237 27.085 -299.014 -94.476
3 14 26.655 -300.353 -93.872 27.085 -299.014 -94.476 23.380 -297.641 -94.237
3 14 23.380 -297.641 -94.237 22.948 -298.963 -93.597 26.655 -300.353 -93.872
3 14 26.164 -301.688 -94.438 26.655 -300.353 -93.872 22.948 -298.963 -93.597
3 14 22.948 -298.963 -93.597 22.406 -300.294 -94.123 26.164 -301.688 -94.438
3 14 25.899 -302.236 -95.843 26.164 -301.688 -94.438 22.406 -300.294 -94.123
3 14 22.406 -300.294 -94.123 22.074 -300.856 -95.508 25.899 -302.236 -95.843
3 14 26.015 -301.676 -97.263 25.899 -302.236 -95.843 22.074 -300.856 -95.508
3 14 22.074 -300.856 -95.508 22.144 -300.319 -96.939 26.015 -301.676 -97.263
3 14 26.445 -300.337 -97.866 26.015 -301.676 -97.263 22.144 -300.319 -96.939
3 14 22.144 -300.319 -96.939 22.577 -298.998 -97.579 26.445 -300.337 -97.866
3 14 23.119 -297.666 -97.053 22.577 -298.998 -97.579 14.995 -296.188 -96.780
3 14 14.995 -296.188 -96.780 15.572 -294.848 -96.317 23.119 -297.666 -97.053
3 14 23.451 -297.104 -95.669 23.119 -297.666 -97.053 15.572 -294.848 -96.317
3 14 15.572 -294.848 -96.317 15.966 -294.249 -94.964 23.451 -297.104 -95.669
3 14 23.380 -297.641 -94.237 23.451 -297.104 -95.669 15.966 -294.249 -94.964
3 14 15.966 -294.249 -94.964 15.946 -294.741 -93.515 23.380 -297.641 -94.237
3 14 22.948 -298.963 -93.597 23.380 -297.641 -94.237 15.946 -294.741 -93.515
3 14 15.946 -294.741 -93.515 15.523 -296.037 -92.818 22.948 -298.963 -93.597
3 14 22.406 -300.294 -94.123 22.948 -298.963 -93.597 15.523 -296.037 -92.818
3 14 15.523 -296.037 -92.818 14.945 -297.376 -93.281 22.406 -300.294 -94.123
3 14 22.074 -300.856 -95.508 22.406 -300.294 -94.123 14.945 -297.376 -93.281
3 14 14.945 -297.376 -93.281 14.551 -297.976 -94.633 22.074 -300.856 -95.508
3 14 22.144 -300.319 -96.939 22.074 -300.856 -95.508 14.551 -297.976 -94.633
3 14 14.551 -297.976 -94.633 14.572 -297.483 -96.083 22.144 -300.319 -96.939
3 14 22.577 -298.998 -97.579 22.144 -300.319 -96.939 14.572 -297.483 -96.083
3 14 14.572 -297.483 -96.083 14.995 -296.188 -96.780 22.577 -298.998 -97.579
3 14 14.995 -296.188 -96.780 3.736 -291.863 -95.288 4.336 -290.498 -94.940
3 14 4.336 -290.498 -94.940 15.572 -294.848 -96.317 14.995 -296.188 -96.780
3 14 15.572 -294.848 -96.317 4.336 -290.498 -94.940 4.794 -289.814 -93.650
3 14 4.794 -289.814 -93.650 15.966 -294.249 -94.964 15.572 -294.848 -96.317
3 14 15.966 -294.249 -94.964 4.794 -289.814 -93.650 4.843 -290.212 -92.172
3 14 4.843 -290.212 -92.172 15.946 -294.741 -93.515 15.966 -294.249 -94.964
3 14 15.946 -294.741 -93.515 4.843 -290.212 -92.172 4.453 -291.459 -91.374
3 14 4.453 -291.459 -91.374 15.523 -296.037 -92.818 15.946 -294.741 -93.515
3 14 15.523 -296.037 -92.818 4.453 -291.459 -91.374 3.854 -292.824 -91.722
3 14 3.854 -292.824 -91.722 14.945 -297.376 -93.281 15.523 -296.037 -92.818
3 14 14.945 -297.376 -93.281 3.854 -292.824 -91.722 3.396 -293.507 -93.013
3 14 3.396 -293.507 -93.013 14.551 -297.976 -94.633 14.945 -297.376 -93.281
3 14 14.551 -297.976 -94.633 3.396 -293.507 -93.013 3.347 -293.109 -94.490
3 14 3.347 -293.109 -94.490 14.572 -297.483 -96.083 14.551 -297.976 -94.633
3 14 14.572 -297.483 -96.083 3.347 -293.109 -94.490 3.736 -291.863 -95.288
3 14 3.736 -291.863 -95.288 14.995 -296.188 -96.780 14.572 -297.483 -96.083
3 14 3.736 -291.863 -95.288 -14.893 -284.574 -92.411 -14.300 -283.169 -92.282
3 14 -14.300 -283.169 -92.282 4.336 -290.498 -94.940 3.736 -291.863 -95.288
3 14 4.336 -290.498 -94.940 -14.300 -283.169 -92.282 -13.772 -282.319 -91.124
3 14 -13.772 -282.319 -91.124 4.794 -289.814 -93.650 4.336 -290.498 -94.940
3 14 4.794 -289.814 -93.650 -13.772 -282.319 -91.124 -13.617 -282.522 -89.615
3 14 -13.617 -282.522 -89.615 4.843 -290.212 -92.172 4.794 -289.814 -93.650
3 14 4.843 -290.212 -92.172 -13.617 -282.522 -89.615 -13.928 -283.660 -88.638
3 14 -13.928 -283.660 -88.638 4.453 -291.459 -91.374 4.843 -290.212 -92.172
3 14 4.453 -291.459 -91.374 -13.928 -283.660 -88.638 -14.521 -285.065 -88.767
3 14 -14.521 -285.065 -88.767 3.854 -292.824 -91.722 4.453 -291.459 -91.374
3 14 3.854 -292.824 -91.722 -14.521 -285.065 -88.767 -15.049 -285.915 -89.925
3 14 -15.049 -285.915 -89.925 3.396 -293.507 -93.013 3.854 -292.824 -91.722
3 14 3.396 -293.507 -93.013 -15.049 -285.915 -89.925 -15.204 -285.712 -91.434
3 14 -15.204 -285.712 -91.434 3.347 -293.109 -94.490 3.396 -293.507 -93.013
3 14 3.347 -293.109 -94.490 -15.204 -285.712 -91.434 -14.893 -284.574 -92.411
3 14 -14.893 -284.574 -92.411 3.736 -291.863 -95.288 3.347 -293.109 -94.490
3 14 -14.893 -284.574 -92.411 -26.088 -280.334 -90.482 -25.532 -278.914 -90.605
3 14 -25.532 -278.914 -90.605 -14.300 -283.169 -92.282 -14.893 -284.574 -92.411
3 14 -14.300 -283.169 -92.282 -25.532 -278.914 -90.605 -24.954 -277.889 -89.626
3 14 -24.954 -277.889 -89.626 -13.772 -282.319 -91.124 -14.300 -283.169 -92.282
3 14 -13.772 -282.319 -91.124 -24.954 -277.889 -89.626 -24.693 -277.860 -88.118
3 14 -24.693 -277.860 -88.118 -13.617 -282.522 -89.615 -13.772 -282.319 -91.124
3 14 -13.617 -282.522 -89.615 -24.693 -277.860 -88.118 -24.902 -278.845 -86.965
3 14 -24.902 -278.845 -86.965 -13.928 -283.660 -88.638 -13.617 -282.522 -89.615
3 14 -13.928 -283.660 -88.638 -24.902 -278.845 -86.965 -25.458 -280.265 -86.841
3 14 -25.458 -280.265 -86.841 -14.521 -285.065 -88.767 -13.928 -283.660 -88.638
3 14 -14.521 -285.065 -88.767 -25.458 -280.265 -86.841 -26.036 -281.290 -87.821
3 14 -26.036 -281.290 -87.821 -15.049 -285.915 -89.925 -14.521 -285.065 -88.767
3 14 -15.049 -285.915 -89.925 -26.036 -281.290 -87.821 -26.297 -281.319 -89.329
3 14 -26.297 -281.319 -89.329 -15.204 -285.712 -91.434 -15.049 -285.915 -89.925
3 14 -15.204 -285.712 -91.434 -26.297 -281.319 -89.329 -26.088 -280.334 -90.482
3 14 -26.088 -280.334 -90.482 -14.893 -284.574 -92.411 -15.204 -285.712 -91.434
3 14 -26.088 -280.334 -90.482 -44.669 -273.188 -87.163 -44.186 -271.796 -87.576
3 14 -44.186 -271.796 -87.576 -25.532 -278.914 -90.605 -26.088 -280.334 -90.482
3 14 -25.532 -278.914 -90.605 -44.186 -271.796 -87.576 -43.584 -270.597 -86.839
3 14 -43.584 -270.597 -86.839 -24.954 -277.889 -89.626 -25.532 -278.914 -90.605
3 14 -24.954 -277.889 -89.626 -43.584 -270.597 -86.839 -43.217 -270.293 -85.384
3 14 -43.217 -270.293 -85.384 -24.693 -277.860 -88.118 -24.954 -277.889 -89.626
3 14 -24.693 -277.860 -88.118 -43.217 -270.293 -85.384 -43.299 -271.063 -84.064
3 14 -43.299 -271.063 -84.064 -24.902 -278.845 -86.965 -24.693 -277.860 -88.118
3 14 -24.902 -278.845 -86.965 -43.299 -271.063 -84.064 -43.783 -272.456 -83.651
3 14 -43.783 -272.456 -83.651 -25.458 -280.265 -86.841 -24.902 -278.845 -86.965
3 14 -25.458 -280.265 -86.841 -43.783 -272.456 -83.651 -44.384 -273.655 -84.388
3 14 -44.384 -273.655 -84.388 -26.036 -281.290 -87.821 -25.458 -280.265 -86.841
3 14 -26.036 -281.290 -87.821 -44.384 -273.655 -84.388 -44.752 -273.958 -85.843
3 14 -44.752 -273.958 -85.843 -26.297 -281.319 -89.329 -26.036 -281.290 -87.821
3 14 -26.297 -281.319 -89.329 -44.752 -273.958 -85.843 -44.669 -273.188 -87.163
3 14 -44.669 -273.188 -87.163 -26.088 -280.334 -90.482 -26.297 -281.319 -89.329
3 14 -44.669 -273.188 -87.163 -63.291 -266.282 -83.623 -62.931 -265.006 -84.387
3 14 -62.931 -265.006 -84.387 -44.186 -271.796 -87.576 -44.669 -273.188 -87.163
3 14 -44.186 -271.796 -87.576 -62.931 -265.006 -84.387 -62.342 -263.645 -84.006
3 14 -62.342 -263.645 -84.006 -43.584 -270.597 -86.839 -44.186 -271.796 -87.576
3 14 -43.584 -270.597 -86.839 -62.342 -263.645 -84.006 -61.870 -262.997 -82.702
3 14 -61.870 -262.997 -82.702 -43.217 -270.293 -85.384 -43.584 -270.597 -86.839
3 14 -43.217 -270.293 -85.384 -61.870 -262.997 -82.702 -61.791 -263.441 -81.239
3 14 -61.791 -263.441 -81.239 -43.299 -271.063 -84.064 -43.217 -270.293 -85.384
3 14 -43.299 -271.063 -84.064 -61.791 -263.441 -81.239 -62.151 -264.718 -80.475
3 14 -62.151 -264.718 -80.475 -43.783 -272.456 -83.651 -43.299 -271.063 -84.064
3 14 -43.783 -272.456 -83.651 -62.151 -264.718 -80.475 -62.739 -266.078 -80.856
3 14 -62.739 -266.078 -80.856 -44.384 -273.655 -84.388 -43.783 -272.456 -83.651
3 14 -44.384 -273.655 -84.388 -62.739 -266.078 -80.856 -63.212 -266.726 -82.160
3 14 -63.212 -266.726 -82.160 -44.752 -273.958 -85.843 -44.384 -273.655 -84.388
3 14 -44.752 -273.958 -85.843 -63.212 -266.726 -82.160 -63.291 -266.282 -83.623
3 14 -63.291 -266.282 -83.623 -44.669 -273.188 -87.163 -44.752 -273.958 -85.843
3 14 -63.291 -266.282 -83.623 -70.751 -263.664 -82.050 -70.493 -262.517 -83.030
3 14 -70.493 -262.517 -83.030 -62.931 -265.006 -84.387 -63.291 -266.282 -83.623
3 14 -62.931 -265.006 -84.387 -70.493 -262.517 -83.030 -69.944 -261.093 -82.910
3 14 -69.944 -261.093 -82.910 -62.342 -263.645 -84.006 -62.931 -265.006 -84.387
3 14 -62.342 -263.645 -84.006 -69.944 -261.093 -82.910 -69.426 -260.226 -81.760
3 14 -69.426 -260.226 -81.760 -61.870 -262.997 -82.702 -62.342 -263.645 -84.006
3 14 -61.870 -262.997 -82.702 -69.426 -260.226 -81.760 -69.242 -260.424 -80.253
3 14 -69.242 -260.424 -80.253 -61.791 -263.441 -81.239 -61.870 -262.997 -82.702
3 14 -61.791 -263.441 -81.239 -69.242 -260.424 -80.253 -69.500 -261.571 -79.273
3 14 -69.500 -261.571 -79.273 -62.151 -264.718 -80.475 -61.791 -263.441 -81.239
3 14 -62.151 -264.718 -80.475 -69.500 -261.571 -79.273 -70.049 -262.995 -79.393
3 14 -70.049 -262.995 -79.393 -62.739 -266.078 -80.856 -62.151 -264.718 -80.475
3 14 -62.739 -266.078 -80.856 -70.049 -262.995 -79.393 -70.567 -263.862 -80.543
3 14 -70.567 -263.862 -80.543 -63.212 -266.726 -82.160 -62.739 -266.078 -80.856
3 14 -63.212 -266.726 -82.160 -70.567 -263.862 -80.543 -70.751 -263.664 -82.050
3 14 -70.751 -263.664 -82.050 -63.291 -266.282 -83.623 -63.212 -266.726 -82.160
3 14 -70.751 -263.664 -82.050 -81.497 -259.852 -80.011 -81.313 -258.808 -81.115
3 14 -81.313 -258.808 -81.115 -70.493 -262.517 -83.030 -70.751 -263.664 -82.050
3 14 -70.493 -262.517 -83.030 -81.313 -258.808 -81.115 -80.810 -257.364 -81.167
3 14 -80.810 -257.364 -81.167 -69.944 -261.093 -82.910 -70.493 -262.517 -83.030
3 14 -69.944 -261.093 -82.910 -80.810 -257.364 -81.167 -80.281 -256.365 -80.134
3 14 -80.281 -256.365 -80.134 -69.426 -260.226 -81.760 -69.944 -261.093 -82.910
3 14 -69.426 -260.226 -81.760 -80.281 -256.365 -80.134 -80.038 -256.396 -78.623
3 14 -80.038 -256.396 -78.623 -69.242 -260.424 -80.253 -69.426 -260.226 -81.760
3 14 -69.242 -260.424 -80.253 -80.038 -256.396 -78.623 -80.221 -257.440 -77.519
3 14 -80.221 -257.440 -77.519 -69.500 -261.571 -79.273 -69.242 -260.424 -80.253
3 14 -69.500 -261.571 -79.273 -80.221 -257.440 -77.519 -80.725 -258.884 -77.468
3 14 -80.725 -258.884 -77.468 -70.049 -262.995 -79.393 -69.500 -261.571 -79.273
3 14 -70.049 -262.995 -79.393 -80.725 -258.884 -77.468 -81.254 -259.884 -78.500
3 14 -81.254 -259.884 -78.500 -70.567 -263.862 -80.543 -70.049 -262.995 -79.393
3 14 -70.567 -263.862 -80.543 -81.254 -259.884 -78.500 -81.497 -259.852 -80.011
3 14 -81.497 -259.852 -80.011 -70.751 -263.664 -82.050 -70.567 -263.862 -80.543
3 14 -81.497 -259.852 -80.011 -88.991 -257.333 -78.551 -88.878 -256.397 -79.758
3 14 -88.878 -256.397 -79.758 -81.313 -258.808 -81.115 -81.497 -259.852 -80.011
3 14 -81.313 -258.808 -81.115 -88.878 -256.397 -79.758 -88.428 -254.949 -79.966
3 14 -88.428 -254.949 -79.966 -80.810 -257.364 -81.167 -81.313 -258.808 -81.115
3 14 -80.810 -257.364 -81.167 -88.428 -254.949 -79.966 -87.905 -253.836 -79.055
3 14 -87.905 -253.836 -79.055 -80.281 -256.365 -80.134 -80.810 -257.364 -81.167
3 14 -80.281 -256.365 -80.134 -87.905 -253.836 -79.055 -87.615 -253.711 -77.557
3 14 -87.615 -253.711 -77.557 -80.038 -256.396 -78.623 -80.281 -256.365 -80.134
3 14 -80.038 -256.396 -78.623 -87.615 -253.711 -77.557 -87.728 -254.646 -76.350
3 14 -87.728 -254.646 -76.350 -80.221 -257.440 -77.519 -80.038 -256.396 -78.623
3 14 -80.221 -257.440 -77.519 -87.728 -254.646 -76.350 -88.178 -256.094 -76.142
3 14 -88.178 -256.094 -76.142 -80.725 -258.884 -77.468 -80.221 -257.440 -77.519
3 14 -80.725 -258.884 -77.468 -88.178 -256.094 -76.142 -88.701 -257.207 -77.054
3 14 -88.701 -257.207 -77.054 -81.254 -259.884 -78.500 -80.725 -258.884 -77.468
3 14 -81.254 -259.884 -78.500 -88.701 -257.207 -77.054 -88.991 -257.333 -78.551
3 14 -88.991 -257.333 -78.551 -81.497 -259.852 -80.011 -81.254 -259.884 -78.500
3 14 -88.991 -257.333 -78.551 -96.530 -254.928 -77.166 -96.470 -254.078 -78.438
3 14 -96.470 -254.078 -78.438 -88.878 -256.397 -79.758 -88.991 -257.333 -78.551
3 14 -88.878 -256.397 -79.758 -96.470 -254.078 -78.438 -96.070 -252.635 -78.756
3 14 -96.070 -252.635 -78.756 -88.428 -254.949 -79.966 -88.878 -256.397 -79.758
3 14 -88.428 -254.949 -79.966 -96.070 -252.635 -78.756 -95.566 -251.445 -77.936
3 14 -95.566 -251.445 -77.936 -87.905 -253.836 -79.055 -88.428 -254.949 -79.966
3 14 -87.905 -253.836 -79.055 -95.566 -251.445 -77.936 -95.253 -251.205 -76.457
3 14 -95.253 -251.205 -76.457 -87.615 -253.711 -77.557 -87.905 -253.836 -79.055
3 14 -87.615 -253.711 -77.557 -95.253 -251.205 -76.457 -95.314 -252.055 -75.186
3 14 -95.314 -252.055 -75.186 -87.728 -254.646 -76.350 -87.615 -253.711 -77.557
3 14 -87.728 -254.646 -76.350 -95.314 -252.055 -75.186 -95.713 -253.498 -74.867
3 14 -95.713 -253.498 -74.867 -88.178 -256.094 -76.142 -87.728 -254.646 -76.350
3 14 -88.178 -256.094 -76.142 -95.713 -253.498 -74.867 -96.217 -254.688 -75.687
3 14 -96.217 -254.688 -75.687 -88.701 -257.207 -77.054 -88.178 -256.094 -76.142
3 14 -88.701 -257.207 -77.054 -96.217 -254.688 -75.687 -96.530 -254.928 -77.166
3 14 -96.530 -254.928 -77.166 -88.991 -257.333 -78.551 -88.701 -257.207 -77.054
3 14 -96.530 -254.928 -77.166 -100.304 -253.809 -76.459 -100.281 -253.021 -77.771
3 14 -100.281 -253.021 -77.771 -96.470 -254.078 -78.438 -96.530 -254.928 -77.166
3 14 -96.470 -254.078 -78.438 -100.281 -253.021 -77.771 -99.924 -251.585 -78.164
3 14 -99.924 -251.585 -78.164 -96.070 -252.635 -78.756 -96.470 -254.078 -78.438
3 14 -96.070 -252.635 -78.756 -99.924 -251.585 -78.164 -99.443 -250.343 -77.409
3 14 -99.443 -250.343 -77.409 -95.566 -251.445 -77.936 -96.070 -252.635 -78.756
3 14 -95.566 -251.445 -77.936 -99.443 -250.343 -77.409 -99.120 -250.023 -75.948
3 14 -99.120 -250.023 -75.948 -95.253 -251.205 -76.457 -95.566 -251.445 -77.936
3 14 -95.253 -251.205 -76.457 -99.120 -250.023 -75.948 -99.144 -250.811 -74.636
3 14 -99.144 -250.811 -74.636 -95.314 -252.055 -75.186 -95.253 -251.205 -76.457
3 14 -95.314 -252.055 -75.186 -99.144 -250.811 -74.636 -99.500 -252.247 -74.242
3 14 -99.500 -252.247 -74.242 -95.713 -253.498 -74.867 -95.314 -252.055 -75.186
3 14 -95.713 -253.498 -74.867 -99.500 -252.247 -74.242 -99.981 -253.489 -74.997
3 14 -99.981 -253.489 -74.997 -96.217 -254.688 -75.687 -95.713 -253.498 -74.867
3 14 -96.217 -254.688 -75.687 -99.981 -253.489 -74.997 -100.304 -253.809 -76.459
3 14 -100.304 -253.809 -76.459 -96.530 -254.928 -77.166 -96.217 -254.688 -75.687
3 14 -100.281 -253.021 -77.771 -100.304 -253.809 -76.459 -104.099 -252.746 -75.803
3 14 -104.099 -252.746 -75.803 -104.101 -251.997 -77.138 -100.281 -253.021 -77.771
3 14 -99.924 -251.585 -78.164 -100.281 -253.021 -77.771 -104.101 -251.997 -77.138
3 14 -104.101 -251.997 -77.138 -103.782 -250.565 -77.576 -99.924 -251.585 -78.164
3 14 -99.443 -250.343 -77.409 -99.924 -251.585 -78.164 -103.782 -250.565 -77.576
3 14 -103.782 -250.565 -77.576 -103.330 -249.290 -76.860 -99.443 -250.343 -77.409
3 14 -99.120 -250.023 -75.948 -99.443 -250.343 -77.409 -103.330 -249.290 -76.860
3 14 -103.330 -249.290 -76.860 -103.009 -248.918 -75.411 -99.120 -250.023 -75.948
3 14 -99.144 -250.811 -74.636 -99.120 -250.023 -75.948 -103.009 -248.918 -75.411
3 14 -103.009 -248.918 -75.411 -103.007 -249.667 -74.076 -99.144 -250.811 -74.636
3 14 -99.500 -252.247 -74.242 -99.144 -250.811 -74.636 -103.007 -249.667 -74.076
3 14 -103.007 -249.667 -74.076 -103.326 -251.099 -73.638 -99.500 -252.247 -74.242
3 14 -99.981 -253.489 -74.997 -99.500 -252.247 -74.242 -103.326 -251.099 -73.638
3 14 -103.326 -251.099 -73.638 -103.778 -252.374 -74.353 -99.981 -253.489 -74.997
3 14 -100.304 -253.809 -76.459 -99.981 -253.489 -74.997 -103.778 -252.374 -74.353
3 14 -103.778 -252.374 -74.353 -104.099 -252.746 -75.803 -100.304 -253.809 -76.459
3 14 -104.101 -251.997 -77.138 -104.099 -252.746 -75.803 -107.905 -251.776 -75.170
3 14 -107.905 -251.776 -75.170 -107.933 -251.065 -76.525 -104.101 -251.997 -77.138
3 14 -103.782 -250.565 -77.576 -104.101 -251.997 -77.138 -107.933 -251.065 -76.525
3 14 -107.933 -251.065 -76.525 -107.661 -249.636 -77.003 -103.782 -250.565 -77.576
3 14 -103.330 -249.290 -76.860 -103.782 -250.565 -77.576 -107.661 -249.636 -77.003
3 14 -107.661 -249.636 -77.003 -107.250 -248.327 -76.324 -103.330 -249.290 -76.860
3 14 -103.009 -248.918 -75.411 -103.330 -249.290 -76.860 -107.250 -248.327 -76.324
3 14 -107.250 -248.327 -76.324 -106.941 -247.905 -74.886 -103.009 -248.918 -75.411
3 14 -103.007 -249.667 -74.076 -103.009 -248.918 -75.411 -106.941 -247.905 -74.886
3 14 -106.941 -247.905 -74.886 -106.913 -248.616 -73.531 -103.007 -249.667 -74.076
3 14 -103.326 -251.099 -73.638 -103.007 -249.667 -74.076 -106.913 -248.616 -73.531
3 14 -106.913 -248.616 -73.531 -107.185 -250.045 -73.053 -103.326 -251.099 -73.638
3 14 -103.778 -252.374 -74.353 -103.326 -251.099 -73.638 -107.185 -250.045 -73.053
3 14 -107.185 -250.045 -73.053 -107.596 -251.354 -73.732 -103.778 -252.374 -74.353
3 14 -104.099 -252.746 -75.803 -103.778 -252.374 -74.353 -107.596 -251.354 -73.732
3 14 -107.596 -251.354 -73.732 -107.905 -251.776 -75.170 -104.099 -252.746 -75.803
3 14 -107.933 -251.065 -76.525 -107.905 -251.776 -75.170 -111.721 -250.936 -74.570
3 14 -111.721 -250.936 -74.570 -111.775 -250.261 -75.943 -107.933 -251.065 -76.525
3 14 -107.661 -249.636 -77.003 -107.933 -251.065 -76.525 -111.775 -250.261 -75.943
3 14 -111.775 -250.261 -75.943 -111.566 -248.834 -76.456 -107.661 -249.636 -77.003
3 14 -107.250 -248.327 -76.324 -107.661 -249.636 -77.003 -111.566 -248.834 -76.456
3 14 -111.566 -248.834 -76.456 -111.217 -247.491 -75.809 -107.250 -248.327 -76.324
3 14 -106.941 -247.905 -74.886 -107.250 -248.327 -76.324 -111.217 -247.491 -75.809
3 14 -111.217 -247.491 -75.809 -110.932 -247.020 -74.381 -106.941 -247.905 -74.886
3 14 -106.913 -248.616 -73.531 -106.941 -247.905 -74.886 -110.932 -247.020 -74.381
3 14 -110.932 -247.020 -74.381 -110.878 -247.695 -73.008 -106.913 -248.616 -73.531
3 14 -107.185 -250.045 -73.053 -106.913 -248.616 -73.531 -110.878 -247.695 -73.008
3 14 -110.878 -247.695 -73.008 -111.087 -249.122 -72.495 -107.185 -250.045 -73.053
3 14 -107.596 -251.354 -73.732 -107.185 -250.045 -73.053 -111.087 -249.122 -72.495
3 14 -111.087 -249.122 -72.495 -111.436 -250.465 -73.142 -107.596 -251.354 -73.732
3 14 -107.905 -251.776 -75.170 -107.596 -251.354 -73.732 -111.436 -250.465 -73.142
3 14 -111.436 -250.465 -73.142 -111.721 -250.936 -74.570 -107.905 -251.776 -75.170
3 14 -111.775 -250.261 -75.943 -111.721 -250.936 -74.570 -115.524 -250.295 -74.021
3 14 -115.524 -250.295 -74.021 -115.609 -249.654 -75.409 -111.775 -250.261 -75.943
3 14 -111.566 -248.834 -76.456 -111.775 -250.261 -75.943 -115.609 -249.654 -75.409
3 14 -115.609 -249.654 -75.409 -115.497 -248.227 -75.951 -111.566 -248.834 -76.456
3 14 -111.217 -247.491 -75.809 -111.566 -248.834 -76.456 -115.497 -248.227 -75.951
3 14 -115.497 -248.227 -75.951 -115.255 -246.849 -75.329 -111.217 -247.491 -75.809
3 14 -110.932 -247.020 -74.381 -111.217 -247.491 -75.809 -115.255 -246.849 -75.329
3 14 -115.255 -246.849 -75.329 -115.023 -246.328 -73.909 -110.932 -247.020 -74.381
3 14 -110.878 -247.695 -73.008 -110.932 -247.020 -74.381 -115.023 -246.328 -73.909
3 14 -115.023 -246.328 -73.909 -114.938 -246.969 -72.521 -110.878 -247.695 -73.008
3 14 -111.087 -249.122 -72.495 -110.878 -247.695 -73.008 -114.938 -246.969 -72.521
3 14 -114.938 -246.969 -72.521 -115.049 -248.396 -71.979 -111.087 -249.122 -72.495
3 14 -111.436 -250.465 -73.142 -111.087 -249.122 -72.495 -115.049 -248.396 -71.979
3 14 -115.049 -248.396 -71.979 -115.292 -249.774 -72.601 -111.436 -250.465 -73.142
3 14 -111.721 -250.936 -74.570 -111.436 -250.465 -73.142 -115.292 -249.774 -72.601
3 14 -115.292 -249.774 -72.601 -115.524 -250.295 -74.021 -111.721 -250.936 -74.570
3 14 -115.609 -249.654 -75.409 -115.524 -250.295 -74.021 -119.350 -250.000 -73.562
3 14 -119.350 -250.000 -73.562 -119.280 -249.398 -74.968 -115.609 -249.654 -75.409
3 14 -115.497 -248.227 -75.951 -115.609 -249.654 -75.409 -119.280 -249.398 -74.968
3 14 -119.280 -249.398 -74.968 -119.205 -247.978 -75.534 -115.497 -248.227 -75.951
3 14 -115.255 -246.849 -75.329 -115.497 -248.227 -75.951 -119.205 -247.978 -75.534
3 14 -119.205 -247.978 -75.534 -119.169 -246.572 -74.930 -115.255 -246.849 -75.329
3 14 -115.023 -246.328 -73.909 -115.255 -246.849 -75.329 -119.169 -246.572 -74.930
3 14 -119.169 -246.572 -74.930 -119.194 -246.004 -73.509 -115.023 -246.328 -73.909
3 14 -114.938 -246.969 -72.521 -115.023 -246.328 -73.909 -119.194 -246.004 -73.509
3 14 -119.194 -246.004 -73.509 -119.264 -246.606 -72.103 -114.938 -246.969 -72.521
3 14 -115.049 -248.396 -71.979 -114.938 -246.969 -72.521 -119.264 -246.606 -72.103
3 14 -119.264 -246.606 -72.103 -119.339 -248.026 -71.537 -115.049 -248.396 -71.979
3 14 -115.292 -249.774 -72.601 -115.049 -248.396 -71.979 -119.339 -248.026 -71.537
3 14 -119.339 -248.026 -71.537 -119.374 -249.432 -72.141 -115.292 -249.774 -72.601
3 14 -115.524 -250.295 -74.021 -115.292 -249.774 -72.601 -119.374 -249.432 -72.141
3 14 -119.374 -249.432 -72.141 -119.350 -250.000 -73.562 -115.524 -250.295 -74.021
3 14 -119.280 -249.398 -74.968 -119.350 -250.000 -73.562 -123.201 -250.000 -74.221
3 14 -123.201 -250.000 -74.221 -122.598 -249.413 -75.499 -119.280 -249.398 -74.968
3 14 -119.205 -247.978 -75.534 -119.280 -249.398 -74.968 -122.598 -249.413 -75.499
3 14 -122.598 -249.413 -75.499 -122.348 -247.998 -76.027 -119.205 -247.978 -75.534
3 14 -119.169 -246.572 -74.930 -119.205 -247.978 -75.534 -122.348 -247.998 -76.027
3 14 -122.348 -247.998 -76.027 -122.598 -246.585 -75.496 -119.169 -246.572 -74.930
3 14 -119.194 -246.004 -73.509 -119.169 -246.572 -74.930 -122.598 -246.585 -75.496
3 14 -122.598 -246.585 -75.496 -123.201 -246.000 -74.217 -119.194 -246.004 -73.509
3 14 -119.264 -246.606 -72.103 -119.194 -246.004 -73.509 -123.201 -246.000 -74.217
3 14 -123.201 -246.000 -74.217 -123.805 -246.587 -72.939 -119.264 -246.606 -72.103
3 14 -119.339 -248.026 -71.537 -119.264 -246.606 -72.103 -123.805 -246.587 -72.939
3 14 -123.805 -246.587 -72.939 -124.055 -248.002 -72.410 -119.339 -248.026 -71.537
3 14 -119.374 -249.432 -72.141 -119.339 -248.026 -71.537 -124.055 -248.002 -72.410
3 14 -124.055 -248.002 -72.410 -123.805 -249.415 -72.941 -119.374 -249.432 -72.141
3 14 -119.350 -250.000 -73.562 -119.374 -249.432 -72.141 -123.805 -249.415 -72.941
3 14 -123.805 -249.415 -72.941 -123.201 -250.000 -74.221 -119.350 -250.000 -73.562
3 14 -122.598 -249.413 -75.499 -123.201 -250.000 -74.221 -126.226 -250.000 -76.818
3 14 -126.226 -250.000 -76.818 -125.053 -249.414 -77.607 -122.598 -249.413 -75.499
3 14 -122.348 -247.998 -76.027 -122.598 -249.413 -75.499 -125.053 -249.414 -77.607
3 14 -125.053 -249.414 -77.607 -124.566 -248.000 -77.934 -122.348 -247.998 -76.027
3 14 -122.598 -246.585 -75.496 -122.348 -247.998 -76.027 -124.566 -248.000 -77.934
3 14 -124.566 -248.000 -77.934 -125.053 -246.586 -77.607 -122.598 -246.585 -75.496
3 14 -123.201 -246.000 -74.217 -122.598 -246.585 -75.496 -125.053 -246.586 -77.607
3 14 -125.053 -246.586 -77.607 -126.226 -246.000 -76.818 -123.201 -246.000 -74.217
3 14 -123.805 -246.587 -72.939 -123.201 -246.000 -74.217 -126.226 -246.000 -76.818
3 14 -126.226 -246.000 -76.818 -127.400 -246.586 -76.030 -123.805 -246.587 -72.939
3 14 -124.055 -248.002 -72.410 -123.805 -246.587 -72.939 -127.400 -246.586 -76.030
3 14 -127.400 -246.586 -76.030 -127.886 -248.000 -75.703 -124.055 -248.002 -72.410
3 14 -123.805 -249.415 -72.941 -124.055 -248.002 -72.410 -127.886 -248.000 -75.703
3 14 -127.886 -248.000 -75.703 -127.400 -249.414 -76.030 -123.805 -249.415 -72.941
3 14 -123.201 -250.000 -74.221 -123.805 -249.415 -72.941 -127.400 -249.414 -76.030
3 14 -127.400 -249.414 -76.030 -126.226 -250.000 -76.818 -123.201 -250.000 -74.221
3 14 -125.053 -249.414 -77.607 -126.226 -250.000 -76.818 -127.491 -250.000 -80.602
3 14 -127.491 -250.000 -80.602 -126.079 -249.414 -80.677 -125.053 -249.414 -77.607
3 14 -124.566 -248.000 -77.934 -125.053 -249.414 -77.607 -126.079 -249.414 -80.677
3 14 -126.079 -249.414 -80.677 -125.494 -248.000 -80.709 -124.566 -248.000 -77.934
3 14 -125.053 -246.586 -77.607 -124.566 -248.000 -77.934 -125.494 -248.000 -80.709
3 14 -125.494 -248.000 -80.709 -126.079 -246.586 -80.677 -125.053 -246.586 -77.607
3 14 -126.226 -246.000 -76.818 -125.053 -246.586 -77.607 -126.079 -246.586 -80.677
3 14 -126.079 -246.586 -80.677 -127.491 -246.000 -80.602 -126.226 -246.000 -76.818
3 14 -127.400 -246.586 -76.030 -126.226 -246.000 -76.818 -127.491 -246.000 -80.602
3 14 -127.491 -246.000 -80.602 -128.903 -246.586 -80.526 -127.400 -246.586 -76.030
3 14 -127.886 -248.000 -75.703 -127.400 -246.586 -76.030 -128.903 -246.586 -80.526
3 14 -128.903 -246.586 -80.526 -129.488 -248.000 -80.495 -127.886 -248.000 -75.703
3 14 -127.400 -249.414 -76.030 -127.886 -248.000 -75.703 -129.488 -248.000 -80.495
3 14 -129.488 -248.000 -80.495 -128.903 -249.414 -80.526 -127.400 -249.414 -76.030
3 14 -126.226 -250.000 -76.818 -127.400 -249.414 -76.030 -128.903 -249.414 -80.526
3 14 -128.903 -249.414 -80.526 -127.491 -250.000 -80.602 -126.226 -250.000 -76.818
3 14 -126.079 -249.414 -80.677 -127.491 -250.000 -80.602 -126.637 -250.000 -84.499
3 14 -126.637 -250.000 -84.499 -125.386 -249.414 -83.840 -126.079 -249.414 -80.677
3 14 -125.494 -248.000 -80.709 -126.079 -249.414 -80.677 -125.386 -249.414 -83.840
3 14 -125.386 -249.414 -83.840 -124.868 -248.000 -83.567 -125.494 -248.000 -80.709
3 14 -126.079 -246.586 -80.677 -125.494 -248.000 -80.709 -124.868 -248.000 -83.567
3 14 -124.868 -248.000 -83.567 -125.386 -246.586 -83.840 -126.079 -246.586 -80.677
3 14 -127.491 -246.000 -80.602 -126.079 -246.586 -80.677 -125.386 -246.586 -83.840
3 14 -125.386 -246.586 -83.840 -126.637 -246.000 -84.499 -127.491 -246.000 -80.602
3 14 -128.903 -246.586 -80.526 -127.491 -246.000 -80.602 -126.637 -246.000 -84.499
3 14 -126.637 -246.000 -84.499 -127.888 -246.586 -85.158 -128.903 -246.586 -80.526
3 14 -129.488 -248.000 -80.495 -128.903 -246.586 -80.526 -127.888 -246.586 -85.158
3 14 -127.888 -246.586 -85.158 -128.407 -248.000 -85.431 -129.488 -248.000 -80.495
3 14 -128.903 -249.414 -80.526 -129.488 -248.000 -80.495 -128.407 -248.000 -85.431
3 14 -128.407 -248.000 -85.431 -127.888 -249.414 -85.158 -128.903 -249.414 -80.526
3 14 -127.491 -250.000 -80.602 -128.903 -249.414 -80.526 -127.888 -249.414 -85.158
3 14 -127.888 -249.414 -85.158 -126.637 -250.000 -84.499 -127.491 -250.000 -80.602
3 14 -125.386 -249.414 -83.840 -126.637 -250.000 -84.499 -123.907 -250.000 -87.408
3 14 -123.907 -250.000 -87.408 -123.166 -249.414 -86.203 -125.386 -249.414 -83.840
3 14 -124.868 -248.000 -83.567 -125.386 -249.414 -83.840 -123.166 -249.414 -86.203
3 14 -123.166 -249.414 -86.203 -122.858 -248.000 -85.705 -124.868 -248.000 -83.567
3 14 -125.386 -246.586 -83.840 -124.868 -248.000 -83.567 -122.858 -248.000 -85.705
3 14 -122.858 -248.000 -85.705 -123.164 -246.586 -86.205 -125.386 -246.586 -83.840
3 14 -126.637 -246.000 -84.499 -125.386 -246.586 -83.840 -123.164 -246.586 -86.205
3 14 -123.164 -246.586 -86.205 -123.903 -246.000 -87.410 -126.637 -246.000 -84.499
3 14 -127.888 -246.586 -85.158 -126.637 -246.000 -84.499 -123.903 -246.000 -87.410
3 14 -123.903 -246.000 -87.410 -124.644 -246.586 -88.614 -127.888 -246.586 -85.158
3 14 -128.407 -248.000 -85.431 -127.888 -246.586 -85.158 -124.644 -246.586 -88.614
3 14 -124.644 -246.586 -88.614 -124.953 -248.000 -89.113 -128.407 -248.000 -85.431
3 14 -127.888 -249.414 -85.158 -128.407 -248.000 -85.431 -124.953 -248.000 -89.113
3 14 -124.953 -248.000 -89.113 -124.647 -249.414 -88.613 -127.888 -249.414 -85.158
3 14 -126.637 -250.000 -84.499 -127.888 -249.414 -85.158 -124.647 -249.414 -88.613
3 14 -124.647 -249.414 -88.613 -123.907 -250.000 -87.408 -126.637 -250.000 -84.499
3 14 -123.166 -249.414 -86.203 -123.907 -250.000 -87.408 -120.133 -250.008 -88.526
3 14 -120.133 -250.008 -88.526 -119.848 -249.426 -87.139 -123.166 -249.414 -86.203
3 14 -122.858 -248.000 -85.705 -123.166 -249.414 -86.203 -119.848 -249.426 -87.139
3 14 -119.848 -249.426 -87.139 -119.693 -248.013 -86.569 -122.858 -248.000 -85.705
3 14 -123.164 -246.586 -86.205 -122.858 -248.000 -85.705 -119.693 -248.013 -86.569
3 14 -119.693 -248.013 -86.569 -119.759 -246.599 -87.149 -123.164 -246.586 -86.205
3 14 -123.903 -246.000 -87.410 -123.164 -246.586 -86.205 -119.759 -246.599 -87.149
3 14 -119.759 -246.599 -87.149 -120.007 -246.010 -88.540 -123.903 -246.000 -87.410
3 14 -124.644 -246.586 -88.614 -123.903 -246.000 -87.410 -120.007 -246.010 -88.540
3 14 -120.007 -246.010 -88.540 -120.291 -246.592 -89.927 -124.644 -246.586 -88.614
3 14 -124.953 -248.000 -89.113 -124.644 -246.586 -88.614 -120.291 -246.592 -89.927
3 14 -120.291 -246.592 -89.927 -120.446 -248.004 -90.498 -124.953 -248.000 -89.113
3 14 -124.647 -249.414 -88.613 -124.953 -248.000 -89.113 -120.446 -248.004 -90.498
3 14 -120.446 -248.004 -90.498 -120.380 -249.419 -89.917 -124.647 -249.414 -88.613
3 14 -123.907 -250.000 -87.408 -124.647 -249.414 -88.613 -120.380 -249.419 -89.917
3 14 -120.380 -249.419 -89.917 -120.133 -250.008 -88.526 -123.907 -250.000 -87.408
3 14 -119.848 -249.426 -87.139 -120.133 -250.008 -88.526 -116.232 -250.248 -88.923
3 14 -116.232 -250.248 -88.923 -116.059 -249.685 -87.510 -119.848 -249.426 -87.139
3 14 -119.693 -248.013 -86.569 -119.848 -249.426 -87.139 -116.059 -249.685 -87.510
3 14 -116.059 -249.685 -87.510 -115.887 -248.284 -86.917 -119.693 -248.013 -86.569
3 14 -119.759 -246.599 -87.149 -119.693 -248.013 -86.569 -115.887 -248.284 -86.917
3 14 -115.887 -248.284 -86.917 -115.816 -246.867 -87.490 -119.759 -246.599 -87.149
3 14 -120.007 -246.010 -88.540 -119.759 -246.599 -87.149 -115.816 -246.867 -87.490
3 14 -115.816 -246.867 -87.490 -115.887 -246.263 -88.895 -120.007 -246.010 -88.540
3 14 -120.291 -246.592 -89.927 -120.007 -246.010 -88.540 -115.887 -246.263 -88.895
3 14 -115.887 -246.263 -88.895 -116.060 -246.826 -90.308 -120.291 -246.592 -89.927
3 14 -120.446 -248.004 -90.498 -120.291 -246.592 -89.927 -116.060 -246.826 -90.308
3 14 -116.060 -246.826 -90.308 -116.232 -248.227 -90.901 -120.446 -248.004 -90.498
3 14 -120.380 -249.419 -89.917 -120.446 -248.004 -90.498 -116.232 -248.227 -90.901
3 14 -116.232 -248.227 -90.901 -116.303 -249.644 -90.328 -120.380 -249.419 -89.917
3 14 -120.133 -250.008 -88.526 -120.380 -249.419 -89.917 -116.303 -249.644 -90.328
3 14 -116.303 -249.644 -90.328 -116.232 -250.248 -88.923 -120.133 -250.008 -88.526
3 14 -116.059 -249.685 -87.510 -116.232 -250.248 -88.923 -112.316 -250.679 -89.299
3 14 -112.316 -250.679 -89.299 -112.138 -250.155 -87.872 -116.059 -249.685 -87.510
3 14 -115.887 -248.284 -86.917 -116.059 -249.685 -87.510 -112.138 -250.155 -87.872
3 14 -112.138 -250.155 -87.872 -111.915 -248.776 -87.245 -115.887 -248.284 -86.917
3 14 -115.816 -246.867 -87.490 -115.887 -248.284 -86.917 -111.915 -248.776 -87.245
3 14 -111.915 -248.776 -87.245 -111.777 -247.351 -87.787 -115.816 -246.867 -87.490
3 14 -115.887 -246.263 -88.895 -115.816 -246.867 -87.490 -111.777 -247.351 -87.787
3 14 -111.777 -247.351 -87.787 -111.807 -246.714 -89.178 -115.887 -246.263 -88.895
3 14 -116.060 -246.826 -90.308 -115.887 -246.263 -88.895 -111.807 -246.714 -89.178
3 14 -111.807 -246.714 -89.178 -111.985 -247.238 -90.605 -116.060 -246.826 -90.308
3 14 -116.232 -248.227 -90.901 -116.060 -246.826 -90.308 -111.985 -247.238 -90.605
3 14 -111.985 -247.238 -90.605 -112.208 -248.617 -91.231 -116.232 -248.227 -90.901
3 14 -116.303 -249.644 -90.328 -116.232 -248.227 -90.901 -112.208 -248.617 -91.231
3 14 -112.208 -248.617 -91.231 -112.345 -250.042 -90.690 -116.303 -249.644 -90.328
3 14 -116.232 -250.248 -88.923 -116.303 -249.644 -90.328 -112.345 -250.042 -90.690
3 14 -112.345 -250.042 -90.690 -112.316 -250.679 -89.299 -116.232 -250.248 -88.923
3 14 -112.138 -250.155 -87.872 -112.316 -250.679 -89.299 -108.390 -251.234 -89.650
3 14 -108.390 -251.234 -89.650 -108.212 -250.751 -88.208 -112.138 -250.155 -87.872
3 14 -111.915 -248.776 -87.245 -112.138 -250.155 -87.872 -108.212 -250.751 -88.208
3 14 -108.212 -250.751 -88.208 -107.954 -249.395 -87.546 -111.915 -248.776 -87.245
3 14 -111.777 -247.351 -87.787 -111.915 -248.776 -87.245 -107.954 -249.395 -87.546
3 14 -107.954 -249.395 -87.546 -107.768 -247.962 -88.050 -111.777 -247.351 -87.787
3 14 -111.807 -246.714 -89.178 -111.777 -247.351 -87.787 -107.768 -247.962 -88.050
3 14 -107.768 -247.962 -88.050 -107.763 -247.290 -89.426 -111.807 -246.714 -89.178
3 14 -111.985 -247.238 -90.605 -111.807 -246.714 -89.178 -107.763 -247.290 -89.426
3 14 -107.763 -247.290 -89.426 -107.941 -247.774 -90.867 -111.985 -247.238 -90.605
3 14 -112.208 -248.617 -91.231 -111.985 -247.238 -90.605 -107.941 -247.774 -90.867
3 14 -107.941 -247.774 -90.867 -108.199 -249.130 -91.530 -112.208 -248.617 -91.231
3 14 -112.345 -250.042 -90.690 -112.208 -248.617 -91.231 -108.199 -249.130 -91.530
3 14 -108.199 -249.130 -91.530 -108.385 -250.563 -91.025 -112.345 -250.042 -90.690
3 14 -112.316 -250.679 -89.299 -112.345 -250.042 -90.690 -108.385 -250.563 -91.025
3 14 -108.385 -250.563 -91.025 -108.390 -251.234 -89.650 -112.316 -250.679 -89.299
3 14 -108.212 -250.751 -88.208 -108.390 -251.234 -89.650 -100.504 -252.554 -90.284
3 14 -100.504 -252.554 -90.284 -100.333 -252.136 -88.822 -108.212 -250.751 -88.208
3 14 -107.954 -249.395 -87.546 -108.212 -250.751 -88.208 -100.333 -252.136 -88.822
3 14 -100.333 -252.136 -88.822 -100.045 -250.818 -88.099 -107.954 -249.395 -87.546
3 14 -107.768 -247.962 -88.050 -107.954 -249.395 -87.546 -100.045 -250.818 -88.099
3 14 -100.045 -250.818 -88.099 -99.810 -249.371 -88.540 -107.768 -247.962 -88.050
3 14 -107.763 -247.290 -89.426 -107.768 -247.962 -88.050 -99.810 -249.371 -88.540
3 14 -99.810 -249.371 -88.540 -99.765 -248.643 -89.886 -107.763 -247.290 -89.426
3 14 -107.941 -247.774 -90.867 -107.763 -247.290 -89.426 -99.765 -248.643 -89.886
3 14 -99.765 -248.643 -89.886 -99.937 -249.061 -91.349 -107.941 -247.774 -90.867
3 14 -108.199 -249.130 -91.530 -107.941 -247.774 -90.867 -99.937 -249.061 -91.349
3 14 -99.937 -249.061 -91.349 -100.225 -250.380 -92.071 -108.199 -249.130 -91.530
3 14 -108.385 -250.563 -91.025 -108.199 -249.130 -91.530 -100.225 -250.380 -92.071
3 14 -100.225 -250.380 -92.071 -100.460 -251.827 -91.630 -108.385 -250.563 -91.025
3 14 -108.390 -251.234 -89.650 -108.385 -250.563 -91.025 -100.460 -251.827 -91.630
3 14 -100.460 -251.827 -91.630 -100.504 -252.554 -90.284 -108.390 -251.234 -89.650
3 14 -100.504 -252.554 -90.284 -88.694 -254.849 -91.185 -88.544 -254.554 -89.690
3 14 -88.544 -254.554 -89.690 -100.333 -252.136 -88.822 -100.504 -252.554 -90.284
3 14 -100.333 -252.136 -88.822 -88.544 -254.554 -89.690 -88.237 -253.306 -88.859
3 14 -88.237 -253.306 -88.859 -100.045 -250.818 -88.099 -100.333 -252.136 -88.822
3 14 -100.045 -250.818 -88.099 -88.237 -253.306 -88.859 -87.953 -251.836 -89.178
3 14 -87.953 -251.836 -89.178 -99.810 -249.371 -88.540 -100.045 -250.818 -88.099
3 14 -99.810 -249.371 -88.540 -87.953 -251.836 -89.178 -87.858 -251.005 -90.460
3 14 -87.858 -251.005 -90.460 -99.765 -248.643 -89.886 -99.810 -249.371 -88.540
3 14 -99.765 -248.643 -89.886 -87.858 -251.005 -90.460 -88.008 -251.301 -91.955
3 14 -88.008 -251.301 -91.955 -99.937 -249.061 -91.349 -99.765 -248.643 -89.886
3 14 -99.937 -249.061 -91.349 -88.008 -251.301 -91.955 -88.315 -252.549 -92.786
3 14 -88.315 -252.549 -92.786 -100.225 -250.380 -92.071 -99.937 -249.061 -91.349
3 14 -100.225 -250.380 -92.071 -88.315 -252.549 -92.786 -88.599 -254.019 -92.467
3 14 -88.599 -254.019 -92.467 -100.460 -251.827 -91.630 -100.225 -250.380 -92.071
3 14 -100.460 -251.827 -91.630 -88.599 -254.019 -92.467 -88.694 -254.849 -91.185
3 14 -88.694 -254.849 -91.185 -100.504 -252.554 -90.284 -100.460 -251.827 -91.630
3 14 -88.694 -254.849 -91.185 -77.398 -257.235 -92.051 -77.286 -257.107 -90.530
3 14 -77.286 -257.107 -90.530 -88.544 -254.554 -89.690 -88.694 -254.849 -91.185
3 14 -88.544 -254.554 -89.690 -77.286 -257.107 -90.530 -76.976 -255.965 -89.559
3 14 -76.976 -255.965 -89.559 -88.237 -253.306 -88.859 -88.544 -254.554 -89.690
3 14 -88.237 -253.306 -88.859 -76.976 -255.965 -89.559 -76.649 -254.477 -89.709
3 14 -76.649 -254.477 -89.709 -87.953 -251.836 -89.178 -88.237 -253.306 -88.859
3 14 -87.953 -251.836 -89.178 -76.649 -254.477 -89.709 -76.497 -253.515 -90.890
3 14 -76.497 -253.515 -90.890 -87.858 -251.005 -90.460 -87.953 -251.836 -89.178
3 14 -87.858 -251.005 -90.460 -76.497 -253.515 -90.890 -76.609 -253.643 -92.411
3 14 -76.609 -253.643 -92.411 -88.008 -251.301 -91.955 -87.858 -251.005 -90.460
3 14 -88.008 -251.301 -91.955 -76.609 -253.643 -92.411 -76.919 -254.786 -93.381
3 14 -76.919 -254.786 -93.381 -88.315 -252.549 -92.786 -88.008 -251.301 -91.955
3 14 -88.315 -252.549 -92.786 -76.919 -254.786 -93.381 -77.245 -256.274 -93.232
3 14 -77.245 -256.274 -93.232 -88.599 -254.019 -92.467 -88.315 -252.549 -92.786
3 14 -88.599 -254.019 -92.467 -77.245 -256.274 -93.232 -77.398 -257.235 -92.051
3 14 -77.398 -257.235 -92.051 -88.694 -254.849 -91.185 -88.599 -254.019 -92.467
3 14 -77.398 -257.235 -92.051 -53.857 -262.589 -93.649 -53.823 -262.760 -92.128
3 14 -53.823 -262.760 -92.128 -77.286 -257.107 -90.530 -77.398 -257.235 -92.051
3 14 -77.286 -257.107 -90.530 -53.823 -262.760 -92.128 -53.541 -261.835 -90.941
3 14 -53.541 -261.835 -90.941 -76.976 -255.965 -89.559 -77.286 -257.107 -90.530
3 14 -76.976 -255.965 -89.559 -53.541 -261.835 -90.941 -53.177 -260.356 -90.784
3 14 -53.177 -260.356 -90.784 -76.649 -254.477 -89.709 -76.976 -255.965 -89.559
3 14 -76.649 -254.477 -89.709 -53.177 -260.356 -90.784 -52.943 -259.191 -91.748
3 14 -52.943 -259.191 -91.748 -76.497 -253.515 -90.890 -76.649 -254.477 -89.709
3 14 -76.497 -253.515 -90.890 -52.943 -259.191 -91.748 -52.977 -259.020 -93.269
3 14 -52.977 -259.020 -93.269 -76.609 -253.643 -92.411 -76.497 -253.515 -90.890
3 14 -76.609 -253.643 -92.411 -52.977 -259.020 -93.269 -53.258 -259.945 -94.456
3 14 -53.258 -259.945 -94.456 -76.919 -254.786 -93.381 -76.609 -253.643 -92.411
3 14 -76.919 -254.786 -93.381 -53.258 -259.945 -94.456 -53.623 -261.424 -94.613
3 14 -53.623 -261.424 -94.613 -77.245 -256.274 -93.232 -76.919 -254.786 -93.381
3 14 -77.245 -256.274 -93.232 -53.623 -261.424 -94.613 -53.857 -262.589 -93.649
3 14 -53.857 -262.589 -93.649 -77.398 -257.235 -92.051 -77.245 -256.274 -93.232
3 14 -53.857 -262.589 -93.649 -34.252 -267.146 -95.007 -34.329 -267.699 -93.581
3 14 -34.329 -267.699 -93.581 -53.823 -262.760 -92.128 -53.857 -262.589 -93.649
3 14 -53.823 -262.760 -92.128 -34.329 -267.699 -93.581 -34.119 -267.116 -92.181
3 14 -34.119 -267.116 -92.181 -53.541 -261.835 -90.941 -53.823 -262.760 -92.128
3 14 -53.541 -261.835 -90.941 -34.119 -267.116 -92.181 -33.744 -265.740 -91.627
3 14 -33.744 -265.740 -91.627 -53.177 -260.356 -90.784 -53.541 -261.835 -90.941
3 14 -53.177 -260.356 -90.784 -33.744 -265.740 -91.627 -33.424 -264.375 -92.243
3 14 -33.424 -264.375 -92.243 -52.943 -259.191 -91.748 -53.177 -260.356 -90.784
3 14 -52.943 -259.191 -91.748 -33.424 -264.375 -92.243 -33.347 -263.822 -93.668
3 14 -33.347 -263.822 -93.668 -52.977 -259.020 -93.269 -52.943 -259.191 -91.748
3 14 -52.977 -259.020 -93.269 -33.347 -263.822 -93.668 -33.558 -264.405 -95.068
3 14 -33.558 -264.405 -95.068 -53.258 -259.945 -94.456 -52.977 -259.020 -93.269
3 14 -53.258 -259.945 -94.456 -33.558 -264.405 -95.068 -33.932 -265.782 -95.622
3 14 -33.932 -265.782 -95.622 -53.623 -261.424 -94.613 -53.258 -259.945 -94.456
3 14 -53.623 -261.424 -94.613 -33.932 -265.782 -95.622 -34.252 -267.146 -95.007
3 14 -34.252 -267.146 -95.007 -53.857 -262.589 -93.649 -53.623 -261.424 -94.613
3 14 -34.252 -267.146 -95.007 -6.835 -273.805 -96.522 -7.030 -274.725 -95.314
3 14 -7.030 -274.725 -95.314 -34.329 -267.699 -93.581 -34.252 -267.146 -95.007
3 14 -34.329 -267.699 -93.581 -7.030 -274.725 -95.314 -6.925 -274.555 -93.796
3 14 -6.925 -274.555 -93.796 -34.119 -267.116 -92.181 -34.329 -267.699 -93.581
3 14 -34.119 -267.116 -92.181 -6.925 -274.555 -93.796 -6.582 -273.395 -92.858
3 14 -6.582 -273.395 -92.858 -33.744 -265.740 -91.627 -34.119 -267.116 -92.181
3 14 -33.744 -265.740 -91.627 -6.582 -273.395 -92.858 -6.202 -271.925 -93.049
3 14 -6.202 -271.925 -93.049 -33.424 -264.375 -92.243 -33.744 -265.740 -91.627
3 14 -33.424 -264.375 -92.243 -6.202 -271.925 -93.049 -6.007 -271.005 -94.257
3 14 -6.007 -271.005 -94.257 -33.347 -263.822 -93.668 -33.424 -264.375 -92.243
3 14 -33.347 -263.822 -93.668 -6.007 -271.005 -94.257 -6.111 -271.175 -95.774
3 14 -6.111 -271.175 -95.774 -33.558 -264.405 -95.068 -33.347 -263.822 -93.668
3 14 -33.558 -264.405 -95.068 -6.111 -271.175 -95.774 -6.454 -272.335 -96.713
3 14 -6.454 -272.335 -96.713 -33.932 -265.782 -95.622 -33.558 -264.405 -95.068
3 14 -33.932 -265.782 -95.622 -6.454 -272.335 -96.713 -6.835 -273.805 -96.522
3 14 -6.835 -273.805 -96.522 -34.252 -267.146 -95.007 -33.932 -265.782 -95.622
3 14 -6.835 -273.805 -96.522 8.862 -277.561 -97.283 8.577 -278.725 -96.331
3 14 8.577 -278.725 -96.331 -7.030 -274.725 -95.314 -6.835 -273.805 -96.522
3 14 -7.030 -274.725 -95.314 8.577 -278.725 -96.331 8.578 -278.906 -94.811
3 14 8.578 -278.906 -94.811 -6.925 -274.555 -93.796 -7.030 -274.725 -95.314
3 14 -6.925 -274.555 -93.796 8.578 -278.906 -94.811 8.864 -277.996 -93.613
3 14 8.864 -277.996 -93.613 -6.582 -273.395 -92.858 -6.925 -274.555 -93.796
3 14 -6.582 -273.395 -92.858 8.864 -277.996 -93.613 9.267 -276.530 -93.440
3 14 9.267 -276.530 -93.440 -6.202 -271.925 -93.049 -6.582 -273.395 -92.858
3 14 -6.202 -271.925 -93.049 9.267 -276.530 -93.440 9.552 -275.365 -94.392
3 14 9.552 -275.365 -94.392 -6.007 -271.005 -94.257 -6.202 -271.925 -93.049
3 14 -6.007 -271.005 -94.257 9.552 -275.365 -94.392 9.551 -275.185 -95.912
3 14 9.551 -275.185 -95.912 -6.111 -271.175 -95.774 -6.007 -271.005 -94.257
3 14 -6.111 -271.175 -95.774 9.551 -275.185 -95.912 9.265 -276.095 -97.110
3 14 9.265 -276.095 -97.110 -6.454 -272.335 -96.713 -6.111 -271.175 -95.774
3 14 -6.454 -272.335 -96.713 9.265 -276.095 -97.110 8.862 -277.561 -97.283
3 14 8.862 -277.561 -97.283 -6.835 -273.805 -96.522 -6.454 -272.335 -96.713
3 14 8.862 -277.561 -97.283 27.930 -282.488 -97.891 27.588 -283.773 -97.132
3 14 27.588 -283.773 -97.132 8.577 -278.725 -96.331 8.862 -277.561 -97.283
3 14 8.577 -278.725 -96.331 27.588 -283.773 -97.132 27.507 -284.169 -95.656
3 14 27.507 -284.169 -95.656 8.578 -278.906 -94.811 8.577 -278.725 -96.331
3 14 8.578 -278.906 -94.811 27.507 -284.169 -95.656 27.736 -283.445 -94.327
3 14 27.736 -283.445 -94.327 8.864 -277.996 -93.613 8.578 -278.906 -94.811
3 14 8.864 -277.996 -93.613 27.736 -283.445 -94.327 28.139 -282.024 -93.923
3 14 28.139 -282.024 -93.923 9.267 -276.530 -93.440 8.864 -277.996 -93.613
3 14 9.267 -276.530 -93.440 28.139 -282.024 -93.923 28.481 -280.740 -94.682
3 14 28.481 -280.740 -94.682 9.552 -275.365 -94.392 9.267 -276.530 -93.440
3 14 9.552 -275.365 -94.392 28.481 -280.740 -94.682 28.562 -280.343 -96.159
3 14 28.562 -280.343 -96.159 9.551 -275.185 -95.912 9.552 -275.365 -94.392
3 14 9.551 -275.185 -95.912 28.562 -280.343 -96.159 28.333 -281.068 -97.488
3 14 28.333 -281.068 -97.488 9.265 -276.095 -97.110 9.551 -275.185 -95.912
3 14 9.265 -276.095 -97.110 28.333 -281.068 -97.488 27.930 -282.488 -97.891
3 14 27.930 -282.488 -97.891 8.862 -277.561 -97.283 9.265 -276.095 -97.110
3 14 27.930 -282.488 -97.891 35.774 -284.494 -97.999 35.221 -285.779 -97.378
3 14 35.221 -285.779 -97.378 27.588 -283.773 -97.132 27.930 -282.488 -97.891
3 14 27.588 -283.773 -97.132 35.221 -285.779 -97.378 35.008 -286.286 -95.950
3 14 35.008 -286.286 -95.950 27.507 -284.169 -95.656 27.588 -283.773 -97.132
3 14 27.507 -284.169 -95.656 35.008 -286.286 -95.950 35.260 -285.718 -94.551
3 14 35.260 -285.718 -94.551 27.736 -283.445 -94.327 27.507 -284.169 -95.656
3 14 27.736 -283.445 -94.327 35.260 -285.718 -94.551 35.829 -284.408 -94.001
3 14 35.829 -284.408 -94.001 28.139 -282.024 -93.923 27.736 -283.445 -94.327
3 14 28.139 -282.024 -93.923 35.829 -284.408 -94.001 36.382 -283.123 -94.622
3 14 36.382 -283.123 -94.622 28.481 -280.740 -94.682 28.139 -282.024 -93.923
3 14 28.481 -280.740 -94.682 36.382 -283.123 -94.622 36.595 -282.616 -96.050
3 14 36.595 -282.616 -96.050 28.562 -280.343 -96.159 28.481 -280.740 -94.682
3 14 28.562 -280.343 -96.159 36.595 -282.616 -96.050 36.343 -283.183 -97.449
3 14 36.343 -283.183 -97.449 28.333 -281.068 -97.488 28.562 -280.343 -96.159
3 14 28.333 -281.068 -97.488 36.343 -283.183 -97.449 35.774 -284.494 -97.999
3 14 35.774 -284.494 -97.999 27.930 -282.488 -97.891 28.333 -281.068 -97.488
3 14 35.221 -285.779 -97.378 35.774 -284.494 -97.999 39.231 -286.512 -98.000
3 14 39.231 -286.512 -98.000 38.252 -287.532 -97.414 35.221 -285.779 -97.378
3 14 35.008 -286.286 -95.950 35.221 -285.779 -97.378 38.252 -287.532 -97.414
3 14 38.252 -287.532 -97.414 37.846 -287.954 -96.000 35.008 -286.286 -95.950
3 14 35.260 -285.718 -94.551 35.008 -286.286 -95.950 37.846 -287.954 -96.000
3 14 37.846 -287.954 -96.000 38.252 -287.532 -94.586 35.260 -285.718 -94.551
3 14 35.829 -284.408 -94.001 35.260 -285.718 -94.551 38.252 -287.532 -94.586
3 14 38.252 -287.532 -94.586 39.231 -286.512 -94.000 35.829 -284.408 -94.001
3 14 36.382 -283.123 -94.622 35.829 -284.408 -94.001 39.231 -286.512 -94.000
3 14 39.231 -286.512 -94.000 40.211 -285.492 -94.586 36.382 -283.123 -94.622
3 14 36.595 -282.616 -96.050 36.382 -283.123 -94.622 40.211 -285.492 -94.586
3 14 40.211 -285.492 -94.586 40.617 -285.070 -96.000 36.595 -282.616 -96.050
3 14 36.343 -283.183 -97.449 36.595 -282.616 -96.050 40.617 -285.070 -96.000
3 14 40.617 -285.070 -96.000 40.211 -285.492 -97.414 36.343 -283.183 -97.449
3 14 35.774 -284.494 -97.999 36.343 -283.183 -97.449 40.211 -285.492 -97.414
3 14 40.211 -285.492 -97.414 39.231 -286.512 -98.000 35.774 -284.494 -97.999
3 14 38.252 -287.532 -97.414 39.231 -286.512 -98.000 41.428 -289.857 -98.000
3 14 41.428 -289.857 -98.000 40.103 -290.351 -97.414 38.252 -287.532 -97.414
3 14 37.846 -287.954 -96.000 38.252 -287.532 -97.414 40.103 -290.351 -97.414
3 14 40.103 -290.351 -97.414 39.554 -290.555 -96.000 37.846 -287.954 -96.000
3 14 38.252 -287.532 -94.586 37.846 -287.954 -96.000 39.554 -290.555 -96.000
3 14 39.554 -290.555 -96.000 40.103 -290.351 -94.586 38.252 -287.532 -94.586
3 14 39.231 -286.512 -94.000 38.252 -287.532 -94.586 40.103 -290.351 -94.586
3 14 40.103 -290.351 -94.586 41.428 -289.857 -94.000 39.231 -286.512 -94.000
3 14 40.211 -285.492 -94.586 39.231 -286.512 -94.000 41.428 -289.857 -94.000
3 14 41.428 -289.857 -94.000 42.753 -289.363 -94.586 40.211 -285.492 -94.586
3 14 40.617 -285.070 -96.000 40.211 -285.492 -94.586 42.753 -289.363 -94.586
3 14 42.753 -289.363 -94.586 43.302 -289.158 -96.000 40.617 -285.070 -96.000
3 14 40.211 -285.492 -97.414 40.617 -285.070 -96.000 43.302 -289.158 -96.000
3 14 43.302 -289.158 -96.000 42.753 -289.363 -97.414 40.211 -285.492 -97.414
3 14 39.231 -286.512 -98.000 40.211 -285.492 -97.414 42.753 -289.363 -97.414
3 14 42.753 -289.363 -97.414 41.428 -289.857 -98.000 39.231 -286.512 -98.000
3 14 40.103 -290.351 -97.414 41.428 -289.857 -98.000 41.957 -293.823 -98.000
3 14 41.957 -293.823 -98.000 40.549 -293.693 -97.414 40.103 -290.351 -97.414
3 14 39.554 -290.555 -96.000 40.103 -290.351 -97.414 40.549 -293.693 -97.414
3 14 40.549 -293.693 -97.414 39.965 -293.640 -96.000 39.554 -290.555 -96.000
3 14 40.103 -290.351 -94.586 39.554 -290.555 -96.000 39.965 -293.640 -96.000
3 14 39.965 -293.640 -96.000 40.549 -293.693 -94.586 40.103 -290.351 -94.586
3 14 41.428 -289.857 -94.000 40.103 -290.351 -94.586 40.549 -293.693 -94.586
3 14 40.549 -293.693 -94.586 41.957 -293.823 -94.000 41.428 -289.857 -94.000
3 14 42.753 -289.363 -94.586 41.428 -289.857 -94.000 41.957 -293.823 -94.000
3 14 41.957 -293.823 -94.000 43.365 -293.952 -94.586 42.753 -289.363 -94.586
3 14 43.302 -289.158 -96.000 42.753 -289.363 -94.586 43.365 -293.952 -94.586
3 14 43.365 -293.952 -94.586 43.949 -294.005 -96.000 43.302 -289.158 -96.000
3 14 42.753 -289.363 -97.414 43.302 -289.158 -96.000 43.949 -294.005 -96.000
3 14 43.949 -294.005 -96.000 43.365 -293.952 -97.414 42.753 -289.363 -97.414
3 14 41.428 -289.857 -98.000 42.753 -289.363 -97.414 43.365 -293.952 -97.414
3 14 43.365 -293.952 -97.414 41.957 -293.823 -98.000 41.428 -289.857 -98.000
3 14 40.549 -293.693 -97.414 41.957 -293.823 -98.000 40.715 -297.626 -98.000
3 14 40.715 -297.626 -98.000 39.502 -296.899 -97.414 40.549 -293.693 -97.414
3 14 39.965 -293.640 -96.000 40.549 -293.693 -97.414 39.502 -296.899 -97.414
3 14 39.502 -296.899 -97.414 39.000 -296.598 -96.000 39.965 -293.640 -96.000
3 14 40.549 -293.693 -94.586 39.965 -293.640 -96.000 39.000 -296.598 -96.000
3 14 39.000 -296.598 -96.000 39.502 -296.899 -94.586 40.549 -293.693 -94.586
3 14 41.957 -293.823 -94.000 40.549 -293.693 -94.586 39.502 -296.899 -94.586
3 14 39.502 -296.899 -94.586 40.715 -297.626 -94.000 41.957 -293.823 -94.000
3 14 43.365 -293.952 -94.586 41.957 -293.823 -94.000 40.715 -297.626 -94.000
3 14 40.715 -297.626 -94.000 41.928 -298.353 -94.586 43.365 -293.952 -94.586
3 14 43.949 -294.005 -96.000 43.365 -293.952 -94.586 41.928 -298.353 -94.586
3 14 41.928 -298.353 -94.586 42.431 -298.655 -96.000 43.949 -294.005 -96.000
3 14 43.365 -293.952 -97.414 43.949 -294.005 -96.000 42.431 -298.655 -96.000
3 14 42.431 -298.655 -96.000 41.928 -298.353 -97.414 43.365 -293.952 -97.414
3 14 41.957 -293.823 -98.000 43.365 -293.952 -97.414 41.928 -298.353 -97.414
3 14 41.928 -298.353 -97.414 40.715 -297.626 -98.000 41.957 -293.823 -98.000
3 14 39.502 -296.899 -97.414 40.715 -297.626 -98.000 37.946 -300.514 -98.000
3 14 37.946 -300.514 -98.000 37.168 -299.333 -97.414 39.502 -296.899 -97.414
3 14 39.000 -296.598 -96.000 39.502 -296.899 -97.414 37.168 -299.333 -97.414
3 14 37.168 -299.333 -97.414 36.846 -298.843 -96.000 39.000 -296.598 -96.000
3 14 39.502 -296.899 -94.586 39.000 -296.598 -96.000 36.846 -298.843 -96.000
3 14 36.846 -298.843 -96.000 37.168 -299.333 -94.586 39.502 -296.899 -94.586
3 14 40.715 -297.626 -94.000 39.502 -296.899 -94.586 37.168 -299.333 -94.586
3 14 37.168 -299.333 -94.586 37.946 -300.514 -94.000 40.715 -297.626 -94.000
3 14 41.928 -298.353 -94.586 40.715 -297.626 -94.000 37.946 -300.514 -94.000
3 14 37.946 -300.514 -94.000 38.723 -301.696 -94.586 41.928 -298.353 -94.586
3 14 42.431 -298.655 -96.000 41.928 -298.353 -94.586 38.723 -301.696 -94.586
3 14 38.723 -301.696 -94.586 39.045 -302.185 -96.000 42.431 -298.655 -96.000
3 14 41.928 -298.353 -97.414 42.431 -298.655 -96.000 39.045 -302.185 -96.000
3 14 39.045 -302.185 -96.000 38.723 -301.696 -97.414 41.928 -298.353 -97.414
3 14 40.715 -297.626 -98.000 41.928 -298.353 -97.414 38.723 -301.696 -97.414
3 14 38.723 -301.696 -97.414 37.946 -300.514 -98.000 40.715 -297.626 -98.000
3 14 37.168 -299.333 -97.414 37.946 -300.514 -98.000 34.197 -301.915 -98.000
3 14 34.197 -301.915 -98.000 34.002 -300.515 -97.414 37.168 -299.333 -97.414
3 14 36.846 -298.843 -96.000 37.168 -299.333 -97.414 34.002 -300.515 -97.414
3 14 34.002 -300.515 -97.414 33.920 -299.935 -96.000 36.846 -298.843 -96.000
3 14 37.168 -299.333 -94.586 36.846 -298.843 -96.000 33.920 -299.935 -96.000
3 14 33.920 -299.935 -96.000 34.002 -300.515 -94.586 37.168 -299.333 -94.586
3 14 37.946 -300.514 -94.000 37.168 -299.333 -94.586 34.002 -300.515 -94.586
3 14 34.002 -300.515 -94.586 34.197 -301.915 -94.000 37.946 -300.514 -94.000
3 14 38.723 -301.696 -94.586 37.946 -300.514 -94.000 34.197 -301.915 -94.000
3 14 34.197 -301.915 -94.000 34.393 -303.316 -94.586 38.723 -301.696 -94.586
3 14 39.045 -302.185 -96.000 38.723 -301.696 -94.586 34.393 -303.316 -94.586
3 14 34.393 -303.316 -94.586 34.475 -303.896 -96.000 39.045 -302.185 -96.000
3 14 38.723 -301.696 -97.414 39.045 -302.185 -96.000 34.475 -303.896 -96.000
3 14 34.475 -303.896 -96.000 34.393 -303.316 -97.414 38.723 -301.696 -97.414
3 14 37.946 -300.514 -98.000 38.723 -301.696 -97.414 34.393 -303.316 -97.414
3 14 34.393 -303.316 -97.414 34.197 -301.915 -98.000 37.946 -300.514 -98.000
3 14 34.002 -300.515 -97.414 34.197 -301.915 -98.000 30.380 -301.610 -98.000
3 14 30.380 -301.610 -98.000 30.791 -300.257 -97.414 34.002 -300.515 -97.414
3 14 33.920 -299.935 -96.000 34.002 -300.515 -97.414 30.791 -300.257 -97.414
3 14 30.791 -300.257 -97.414 30.962 -299.697 -96.000 33.920 -299.935 -96.000
3 14 34.002 -300.515 -94.586 33.920 -299.935 -96.000 30.962 -299.697 -96.000
3 14 30.962 -299.697 -96.000 30.791 -300.257 -94.586 34.002 -300.515 -94.586
3 14 34.197 -301.915 -94.000 34.002 -300.515 -94.586 30.791 -300.257 -94.586
3 14 30.791 -300.257 -94.586 30.380 -301.610 -94.000 34.197 -301.915 -94.000
3 14 34.393 -303.316 -94.586 34.197 -301.915 -94.000 30.380 -301.610 -94.000
3 14 30.380 -301.610 -94.000 29.968 -302.963 -94.586 34.393 -303.316 -94.586
3 14 34.475 -303.896 -96.000 34.393 -303.316 -94.586 29.968 -302.963 -94.586
3 14 29.968 -302.963 -94.586 29.797 -303.524 -96.000 34.475 -303.896 -96.000
3 14 34.393 -303.316 -97.414 34.475 -303.896 -96.000 29.797 -303.524 -96.000
3 14 29.797 -303.524 -96.000 29.968 -302.963 -97.414 34.393 -303.316 -97.414
3 14 34.197 -301.915 -98.000 34.393 -303.316 -97.414 29.968 -302.963 -97.414
3 14 29.968 -302.963 -97.414 30.380 -301.610 -98.000 34.197 -301.915 -98.000
