0 FILE DX0067.DAT.dat
0 DX0067
0 Name:  Untitled_15
0 Author:  
0 BL_Item_No DX0067.DAT
0 BFC CERTIFY CCW
1 71 0.0000 0.0000 0.0000 1.0000 0.0000 0.0000 0.0000 1.0000 0.0000 0.0000 0.0000 1.0000 58120.dat
1 72 0.0000 -27.0000 -192.0000 1.0000 0.0000 0.0000 0.0000 1.0000 0.0000 0.0000 0.0000 1.0000 58124c01.dat
2 24 0.044 -24.840 121.462 -0.003 -21.967 118.682
2 24 0.044 -26.561 119.683 -0.004 -23.688 116.903
2 24 -2.430 -24.861 121.483 -2.478 -21.988 118.703
2 24 -2.431 -26.582 119.704 -2.479 -23.709 116.924
2 24 2.519 -24.819 121.441 2.471 -21.945 118.661
2 24 2.519 -26.540 119.662 2.471 -23.667 116.882
1 0 3.7560 -25.6682 120.5416 -1.2375 -0.0479 1.2372 -0.8710 2.8730 -0.8499 -0.8788 -2.7801 -0.8997 3-4cyli.dat
1 0 1.2812 -25.6893 120.5624 -1.2375 -0.0479 1.2372 -0.8710 2.8730 -0.8499 -0.8788 -2.7801 -0.8997 1-4cyli.dat
1 0 1.2812 -25.6893 120.5624 1.2375 -0.0479 -1.2372 0.8710 2.8730 0.8499 0.8788 -2.7801 0.8997 1-4cyli.dat
1 0 -1.1926 -25.7104 120.5832 -1.2375 -0.0479 1.2372 -0.8710 2.8730 -0.8499 -0.8788 -2.7801 -0.8997 1-4cyli.dat
1 0 -1.1926 -25.7104 120.5832 1.2375 -0.0479 -1.2372 0.8710 2.8730 0.8499 0.8788 -2.7801 0.8997 1-4cyli.dat
1 0 -3.6675 -25.7314 120.6041 1.2375 -0.0479 -1.2372 0.8710 2.8730 0.8499 0.8788 -2.7801 0.8997 3-4cyli.dat
2 24 0.168 -27.387 123.764 0.029 -24.429 121.077
2 24 0.170 -29.051 121.932 0.031 -26.093 119.245
2 24 -2.306 -27.452 123.820 -2.445 -24.495 121.133
2 24 -2.303 -29.116 121.988 -2.442 -26.159 119.301
2 24 2.641 -27.321 123.708 2.502 -24.364 121.021
2 24 2.644 -28.986 121.876 2.505 -26.028 119.189
1 0 3.8789 -28.1205 122.7642 -1.2354 -0.1389 1.2379 -0.8647 2.9575 -0.7994 -0.8879 -2.6868 -0.9439 3-4cyli.dat
1 0 1.4054 -28.1858 122.8202 -1.2354 -0.1389 1.2379 -0.8647 2.9575 -0.7994 -0.8879 -2.6868 -0.9439 1-4cyli.dat
1 0 1.4054 -28.1858 122.8202 1.2354 -0.1389 -1.2379 0.8647 2.9575 0.7994 0.8879 -2.6868 0.9439 1-4cyli.dat
1 0 -1.0671 -28.2511 122.8762 -1.2354 -0.1389 1.2379 -0.8647 2.9575 -0.7994 -0.8879 -2.6868 -0.9439 1-4cyli.dat
1 0 -1.0671 -28.2511 122.8762 1.2354 -0.1389 -1.2379 0.8647 2.9575 0.7994 0.8879 -2.6868 0.9439 1-4cyli.dat
1 0 -3.5406 -28.3164 122.9322 1.2354 -0.1389 -1.2379 0.8647 2.9575 0.7994 0.8879 -2.6868 0.9439 3-4cyli.dat
2 24 0.362 -29.821 125.814 0.125 -26.776 123.234
2 24 0.365 -31.421 123.926 0.127 -28.376 121.346
2 24 -2.109 -29.935 125.907 -2.346 -26.890 123.327
2 24 -2.106 -31.535 124.019 -2.343 -28.490 121.439
2 24 2.833 -29.707 125.721 2.595 -26.663 123.141
2 24 2.835 -31.307 123.833 2.598 -28.263 121.253
1 0 4.0688 -30.4502 124.7308 -1.2340 -0.2375 1.2365 -0.8568 3.0448 -0.7431 -0.8975 -2.5803 -0.9906 3-4cyli.dat
1 0 1.5982 -30.5640 124.8239 -1.2340 -0.2375 1.2365 -0.8568 3.0448 -0.7431 -0.8975 -2.5803 -0.9906 1-4cyli.dat
1 0 1.5982 -30.5640 124.8239 1.2340 -0.2375 -1.2365 0.8568 3.0448 0.7431 0.8975 -2.5803 0.9906 1-4cyli.dat
1 0 -0.8714 -30.6777 124.9170 -1.2340 -0.2375 1.2365 -0.8568 3.0448 -0.7431 -0.8975 -2.5803 -0.9906 1-4cyli.dat
1 0 -0.8714 -30.6777 124.9170 1.2340 -0.2375 -1.2365 0.8568 3.0448 0.7431 0.8975 -2.5803 0.9906 1-4cyli.dat
1 0 -3.3421 -30.7914 125.0101 1.2340 -0.2375 -1.2365 0.8568 3.0448 0.7431 0.8975 -2.5803 0.9906 3-4cyli.dat
2 24 0.664 -32.352 127.749 0.305 -29.206 125.308
2 24 0.662 -33.869 125.794 0.302 -30.723 123.353
2 24 -1.801 -32.526 127.887 -2.160 -29.380 125.446
2 24 -1.803 -34.043 125.932 -2.163 -30.897 123.491
2 24 3.129 -32.178 127.611 2.770 -29.031 125.170
2 24 3.127 -33.695 125.655 2.767 -30.549 123.214
1 0 4.3598 -32.8488 126.5642 -1.2336 -0.3592 1.2312 -0.8457 3.1462 -0.6715 -0.9085 -2.4408 -1.0467 3-4cyli.dat
1 0 1.8948 -33.0230 126.7025 -1.2336 -0.3592 1.2312 -0.8457 3.1462 -0.6715 -0.9085 -2.4408 -1.0467 1-4cyli.dat
1 0 1.8948 -33.0230 126.7025 1.2336 -0.3592 -1.2312 0.8457 3.1462 0.6715 0.9085 -2.4408 1.0467 1-4cyli.dat
1 0 -0.5692 -33.1971 126.8406 -1.2336 -0.3592 1.2312 -0.8457 3.1462 -0.6715 -0.9085 -2.4408 -1.0467 1-4cyli.dat
1 0 -0.5692 -33.1971 126.8406 1.2336 -0.3592 -1.2312 0.8457 3.1462 0.6715 0.9085 -2.4408 1.0467 1-4cyli.dat
1 0 -3.0342 -33.3713 126.9789 1.2336 -0.3592 -1.2312 0.8457 3.1462 0.6715 0.9085 -2.4408 1.0467 3-4cyli.dat
2 24 1.113 -35.181 129.692 0.605 -31.922 127.433
2 24 1.097 -36.593 127.659 0.590 -33.333 125.400
2 24 -1.342 -35.431 129.884 -1.850 -32.171 127.625
2 24 -1.358 -36.842 127.851 -1.865 -33.582 125.592
2 24 3.568 -34.932 129.500 3.060 -31.672 127.242
2 24 3.552 -36.343 127.467 3.045 -33.083 125.208
1 0 4.7868 -35.5126 128.3884 -1.2351 -0.5075 1.2197 -0.8302 3.2597 -0.5809 -0.9207 -2.2588 -1.1123 3-4cyli.dat
1 0 2.3318 -35.7620 128.5801 -1.2351 -0.5075 1.2197 -0.8302 3.2597 -0.5809 -0.9207 -2.2588 -1.1123 1-4cyli.dat
1 0 2.3318 -35.7620 128.5801 1.2351 -0.5075 -1.2197 0.8302 3.2597 0.5809 0.9207 -2.2588 1.1123 1-4cyli.dat
1 0 -0.1221 -36.0112 128.7717 -1.2351 -0.5075 1.2197 -0.8302 3.2597 -0.5809 -0.9207 -2.2588 -1.1123 1-4cyli.dat
1 0 -0.1221 -36.0112 128.7717 1.2351 -0.5075 -1.2197 0.8302 3.2597 0.5809 0.9207 -2.2588 1.1123 1-4cyli.dat
1 0 -2.5770 -36.2605 128.9634 1.2351 -0.5075 -1.2197 0.8302 3.2597 0.5809 0.9207 -2.2588 1.1123 3-4cyli.dat
2 24 1.690 -37.929 131.296 0.992 -34.541 129.292
2 24 1.647 -39.196 129.170 0.948 -35.807 127.166
2 24 -0.746 -38.279 131.554 -1.444 -34.890 129.550
2 24 -0.790 -39.545 129.428 -1.488 -36.157 127.424
2 24 4.127 -37.580 131.038 3.429 -34.191 129.034
2 24 4.083 -38.846 128.912 3.385 -35.458 126.908
1 0 5.3230 -38.0380 129.8460 -1.2400 -0.6983 1.1963 -0.8079 3.3884 -0.4585 -0.9338 -2.0040 -1.1920 3-4cyli.dat
1 0 2.8865 -38.3874 130.1042 -1.2400 -0.6983 1.1963 -0.8079 3.3884 -0.4585 -0.9338 -2.0040 -1.1920 1-4cyli.dat
1 0 2.8865 -38.3874 130.1042 1.2400 -0.6983 -1.1963 0.8079 3.3884 0.4585 0.9338 -2.0040 1.1920 1-4cyli.dat
1 0 0.4509 -38.7367 130.3623 -1.2400 -0.6983 1.1963 -0.8079 3.3884 -0.4585 -0.9338 -2.0040 -1.1920 1-4cyli.dat
1 0 0.4509 -38.7367 130.3623 1.2400 -0.6983 -1.1963 0.8079 3.3884 0.4585 0.9338 -2.0040 1.1920 1-4cyli.dat
1 0 -1.9857 -39.0861 130.6205 1.2400 -0.6983 -1.1963 0.8079 3.3884 0.4585 0.9338 -2.0040 1.1920 3-4cyli.dat
2 24 2.493 -40.817 132.590 1.551 -37.295 130.948
2 24 2.394 -41.884 130.359 1.451 -38.362 128.717
2 24 0.090 -41.302 132.929 -0.852 -37.780 131.287
2 24 -0.010 -42.369 130.698 -0.952 -38.847 129.056
2 24 4.896 -40.332 132.251 3.954 -36.810 130.609
2 24 4.797 -41.399 130.020 3.855 -37.877 128.378
1 0 6.0477 -40.6227 130.9662 -1.2512 -0.9423 1.1518 -0.7758 3.5216 -0.2909 -0.9460 -1.6419 -1.2849 3-4cyli.dat
1 0 3.6445 -41.1076 131.3052 -1.2512 -0.9423 1.1518 -0.7758 3.5216 -0.2909 -0.9460 -1.6419 -1.2849 1-4cyli.dat
1 0 3.6445 -41.1076 131.3052 1.2512 -0.9423 -1.1518 0.7758 3.5216 0.2909 0.9460 -1.6419 1.2849 1-4cyli.dat
1 0 1.2422 -41.5924 131.6441 -1.2512 -0.9423 1.1518 -0.7758 3.5216 -0.2909 -0.9460 -1.6419 -1.2849 1-4cyli.dat
1 0 1.2422 -41.5924 131.6441 1.2512 -0.9423 -1.1518 0.7758 3.5216 0.2909 0.9460 -1.6419 1.2849 1-4cyli.dat
1 0 -1.1610 -42.0774 131.9830 1.2512 -0.9423 -1.1518 0.7758 3.5216 0.2909 0.9460 -1.6419 1.2849 3-4cyli.dat
2 24 3.517 -43.794 133.527 2.300 -40.173 132.351
2 24 3.326 -44.615 131.200 2.108 -40.993 130.024
2 24 1.168 -44.447 133.951 -0.050 -40.825 132.775
2 24 0.976 -45.267 131.624 -0.242 -41.646 130.447
2 24 5.867 -43.142 133.104 4.649 -39.520 131.927
2 24 5.675 -43.963 130.777 4.457 -40.341 129.600
1 0 6.9454 -43.2261 131.7287 -1.2706 -1.2178 1.0787 -0.7364 3.6218 -0.0841 -0.9516 -1.1767 -1.3753 3-4cyli.dat
1 0 4.5958 -43.8785 132.1525 -1.2706 -1.2178 1.0787 -0.7364 3.6218 -0.0841 -0.9516 -1.1767 -1.3753 1-4cyli.dat
1 0 4.5958 -43.8785 132.1525 1.2706 -1.2178 -1.0787 0.7364 3.6218 0.0841 0.9516 -1.1767 1.3753 1-4cyli.dat
1 0 2.2472 -44.5306 132.5761 -1.2706 -1.2178 1.0787 -0.7364 3.6218 -0.0841 -0.9516 -1.1767 -1.3753 1-4cyli.dat
1 0 2.2472 -44.5306 132.5761 1.2706 -1.2178 -1.0787 0.7364 3.6218 0.0841 0.9516 -1.1767 1.3753 1-4cyli.dat
1 0 -0.1024 -45.1830 132.9999 1.2706 -1.2178 -1.0787 0.7364 3.6218 0.0841 0.9516 -1.1767 1.3753 3-4cyli.dat
2 24 4.828 -46.816 133.930 3.307 -43.164 133.355
2 24 4.487 -47.336 131.535 2.966 -43.683 130.959
2 24 2.565 -47.678 134.440 1.043 -44.026 133.864
2 24 2.224 -48.198 132.044 0.702 -44.546 131.468
2 24 7.091 -45.953 133.421 5.570 -42.301 132.846
2 24 6.750 -46.473 131.026 5.229 -42.821 130.450
1 0 8.0521 -45.7821 131.9693 -1.3021 -1.5214 0.9610 -0.6910 3.6523 0.1714 -0.9431 -0.5756 -1.4524 3-4cyli.dat
1 0 5.7888 -46.6446 132.4785 -1.3021 -1.5214 0.9610 -0.6910 3.6523 0.1714 -0.9431 -0.5756 -1.4524 1-4cyli.dat
1 0 5.7888 -46.6446 132.4785 1.3021 -1.5214 -0.9610 0.6910 3.6523 -0.1714 0.9431 -0.5756 1.4524 1-4cyli.dat
1 0 3.5264 -47.5067 132.9876 -1.3021 -1.5214 0.9610 -0.6910 3.6523 0.1714 -0.9431 -0.5756 -1.4524 1-4cyli.dat
1 0 3.5264 -47.5067 132.9876 1.3021 -1.5214 -0.9610 0.6910 3.6523 -0.1714 0.9431 -0.5756 1.4524 1-4cyli.dat
1 0 1.2632 -48.3692 133.4969 1.3021 -1.5214 -0.9610 0.6910 3.6523 -0.1714 0.9431 -0.5756 1.4524 3-4cyli.dat
2 24 6.551 -49.989 133.660 4.698 -46.455 133.906
2 24 5.956 -50.134 131.262 4.103 -46.600 131.508
2 24 4.440 -51.137 134.254 2.587 -47.603 134.500
2 24 3.845 -51.282 131.856 1.992 -47.748 132.102
2 24 8.662 -48.841 133.067 6.809 -45.306 133.313
2 24 8.066 -48.986 130.669 6.213 -45.452 130.915
1 0 9.4191 -48.3396 131.5714 -1.3529 -1.8531 0.7577 -0.6466 3.5343 0.5013 -0.9022 0.2459 -1.4956 3-4cyli.dat
1 0 7.3083 -49.4876 132.1649 -1.3529 -1.8531 0.7577 -0.6466 3.5343 0.5013 -0.9022 0.2459 -1.4956 1-4cyli.dat
1 0 7.3083 -49.4876 132.1649 1.3529 -1.8531 -0.7577 0.6466 3.5343 -0.5013 0.9022 0.2459 1.4956 1-4cyli.dat
1 0 5.1984 -50.6351 132.7582 -1.3529 -1.8531 0.7577 -0.6466 3.5343 0.5013 -0.9022 0.2459 -1.4956 1-4cyli.dat
1 0 5.1984 -50.6351 132.7582 1.3529 -1.8531 -0.7577 0.6466 3.5343 -0.5013 0.9022 0.2459 1.4956 1-4cyli.dat
1 0 3.0876 -51.7832 133.3517 1.3529 -1.8531 -0.7577 0.6466 3.5343 -0.5013 0.9022 0.2459 1.4956 3-4cyli.dat
2 24 8.415 -52.641 132.603 6.300 -49.458 133.778
2 24 7.458 -52.437 130.330 5.344 -49.254 131.505
2 24 6.545 -54.124 133.257 4.430 -50.941 134.432
2 24 5.588 -53.921 130.983 3.474 -50.737 132.158
2 24 10.285 -51.157 131.949 8.170 -47.974 133.124
2 24 9.328 -50.954 129.676 7.214 -47.770 130.851
1 0 10.7414 -50.3140 130.4861 -1.4132 -2.1146 0.4567 -0.6398 3.1833 0.8436 -0.8098 1.1750 -1.4636 3-4cyli.dat
1 0 8.8713 -51.7975 131.1400 -1.4132 -2.1146 0.4567 -0.6398 3.1833 0.8436 -0.8098 1.1750 -1.4636 1-4cyli.dat
1 0 8.8713 -51.7975 131.1400 1.4132 -2.1146 -0.4567 0.6398 3.1833 -0.8436 0.8098 1.1750 1.4636 1-4cyli.dat
1 0 7.0020 -53.2805 131.7935 -1.4132 -2.1146 0.4567 -0.6398 3.1833 0.8436 -0.8098 1.1750 -1.4636 1-4cyli.dat
1 0 7.0020 -53.2805 131.7935 1.4132 -2.1146 -0.4567 0.6398 3.1833 -0.8436 0.8098 1.1750 1.4636 1-4cyli.dat
1 0 5.1319 -54.7641 132.4474 1.4132 -2.1146 -0.4567 0.6398 3.1833 -0.8436 0.8098 1.1750 1.4636 3-4cyli.dat
2 24 10.318 -54.866 131.013 8.104 -52.067 132.817
2 24 9.062 -54.504 128.911 6.848 -51.706 130.715
2 24 8.684 -56.596 131.692 6.470 -53.798 133.496
2 24 7.428 -56.235 129.590 5.214 -53.437 131.394
2 24 11.952 -53.135 130.334 9.738 -50.337 132.138
2 24 10.696 -52.774 128.232 8.482 -49.976 130.036
1 0 12.1405 -52.0896 128.9438 -1.4449 -2.2137 0.1888 -0.6846 2.7982 1.0458 -0.7112 1.8042 -1.3903 3-4cyli.dat
1 0 10.5066 -53.8202 129.6230 -1.4449 -2.2137 0.1888 -0.6846 2.7982 1.0458 -0.7112 1.8042 -1.3903 1-4cyli.dat
1 0 10.5066 -53.8202 129.6230 1.4449 -2.2137 -0.1888 0.6846 2.7982 -1.0458 0.7112 1.8042 1.3903 1-4cyli.dat
1 0 8.8733 -55.5500 130.3018 -1.4449 -2.2137 0.1888 -0.6846 2.7982 1.0458 -0.7112 1.8042 -1.3903 1-4cyli.dat
1 0 8.8733 -55.5500 130.3018 1.4449 -2.2137 -0.1888 0.6846 2.7982 -1.0458 0.7112 1.8042 1.3903 1-4cyli.dat
1 0 7.2394 -57.2805 130.9810 1.4449 -2.2137 -0.1888 0.6846 2.7982 -1.0458 0.7112 1.8042 1.3903 3-4cyli.dat
2 24 12.223 -56.696 129.031 9.989 -54.341 131.365
2 24 10.668 -56.303 127.146 8.433 -53.949 129.481
2 24 10.885 -58.657 129.728 8.650 -56.303 132.062
2 24 9.329 -58.265 127.843 7.095 -55.911 130.178
2 24 13.562 -54.734 128.334 11.328 -52.380 130.668
2 24 12.007 -54.342 126.449 9.772 -51.987 128.784
1 0 13.4538 -53.5577 127.0437 -1.4471 -2.2344 -0.1085 -0.7846 2.3544 1.1768 -0.5938 2.3345 -1.2906 3-4cyli.dat
1 0 12.1150 -55.5192 127.7406 -1.4471 -2.2344 -0.1085 -0.7846 2.3544 1.1768 -0.5938 2.3345 -1.2906 1-4cyli.dat
1 0 12.1150 -55.5192 127.7406 1.4471 -2.2344 0.1085 0.7846 2.3544 -1.1768 0.5938 2.3345 1.2906 1-4cyli.dat
1 0 10.7768 -57.4800 128.4372 -1.4471 -2.2344 -0.1085 -0.7846 2.3544 1.1768 -0.5938 2.3345 -1.2906 1-4cyli.dat
1 0 10.7768 -57.4800 128.4372 1.4471 -2.2344 0.1085 0.7846 2.3544 -1.1768 0.5938 2.3345 1.2906 1-4cyli.dat
1 0 9.4381 -59.4415 129.1341 1.4471 -2.2344 0.1085 0.7846 2.3544 -1.1768 0.5938 2.3345 1.2906 3-4cyli.dat
2 24 14.066 -58.142 126.758 11.865 -56.178 129.457
2 24 12.277 -57.836 125.076 10.075 -55.873 127.775
2 24 13.034 -60.276 127.469 10.833 -58.312 130.167
2 24 11.245 -59.971 125.787 9.043 -58.007 128.485
2 24 15.098 -56.007 126.047 12.897 -54.044 128.746
2 24 13.309 -55.702 124.365 11.107 -53.739 127.064
1 0 14.7198 -54.7881 124.8508 -1.4108 -2.2015 -0.3788 -0.9145 1.9635 1.2196 -0.4855 2.6988 -1.1964 3-4cyli.dat
1 0 13.6878 -56.9224 125.5617 -1.4108 -2.2015 -0.3788 -0.9145 1.9635 1.2196 -0.4855 2.6988 -1.1964 1-4cyli.dat
1 0 13.6878 -56.9224 125.5617 1.4108 -2.2015 0.3788 0.9145 1.9635 -1.2196 0.4855 2.6988 1.1964 1-4cyli.dat
1 0 12.6562 -59.0558 126.2724 -1.4108 -2.2015 -0.3788 -0.9145 1.9635 1.2196 -0.4855 2.6988 -1.1964 1-4cyli.dat
1 0 12.6562 -59.0558 126.2724 1.4108 -2.2015 0.3788 0.9145 1.9635 -1.2196 0.4855 2.6988 1.1964 1-4cyli.dat
1 0 11.6241 -61.1900 126.9833 1.4108 -2.2015 0.3788 0.9145 1.9635 -1.2196 0.4855 2.6988 1.1964 3-4cyli.dat
2 24 15.970 -59.393 124.123 13.829 -57.783 127.091
2 24 13.999 -59.264 122.631 11.858 -57.654 125.599
2 24 15.273 -61.655 124.847 13.132 -60.045 127.815
2 24 13.303 -61.526 123.356 11.162 -59.916 126.324
2 24 16.666 -57.131 123.398 14.525 -55.521 126.367
2 24 14.695 -57.002 121.907 12.554 -55.392 124.875
1 0 16.0290 -55.9362 122.2909 -1.3335 -2.1410 -0.6372 -1.0663 1.6097 1.1954 -0.3836 2.9682 -1.1079 3-4cyli.dat
1 0 15.3327 -58.1981 123.0152 -1.3335 -2.1410 -0.6372 -1.0663 1.6097 1.1954 -0.3836 2.9682 -1.1079 1-4cyli.dat
1 0 15.3327 -58.1981 123.0152 1.3335 -2.1410 0.6372 1.0663 1.6097 -1.1954 0.3836 2.9682 1.1079 1-4cyli.dat
1 0 14.6366 -60.4590 123.7393 -1.3335 -2.1410 -0.6372 -1.0663 1.6097 1.1954 -0.3836 2.9682 -1.1079 1-4cyli.dat
1 0 14.6366 -60.4590 123.7393 1.3335 -2.1410 0.6372 1.0663 1.6097 -1.1954 0.3836 2.9682 1.1079 1-4cyli.dat
1 0 13.9403 -62.7209 124.4636 1.3335 -2.1410 0.6372 1.0663 1.6097 -1.1954 0.3836 2.9682 1.1079 3-4cyli.dat
2 24 17.653 -60.336 121.571 15.573 -58.987 124.707
2 24 15.578 -60.403 120.223 13.498 -59.055 123.360
2 24 17.252 -62.665 122.306 15.172 -61.316 125.442
2 24 15.177 -62.732 120.958 13.096 -61.384 124.095
2 24 18.055 -58.007 120.836 15.975 -56.658 123.972
2 24 15.980 -58.074 119.488 13.900 -56.726 122.625
1 0 17.2182 -56.8765 119.7949 -1.2383 -2.0800 -0.8368 -1.1981 1.3485 1.1307 -0.3060 3.1369 -1.0409 3-4cyli.dat
1 0 16.8167 -59.2055 120.5299 -1.2383 -2.0800 -0.8368 -1.1981 1.3485 1.1307 -0.3060 3.1369 -1.0409 1-4cyli.dat
1 0 16.8167 -59.2055 120.5299 1.2383 -2.0800 0.8368 1.1981 1.3485 -1.1307 0.3060 3.1369 1.0409 1-4cyli.dat
1 0 16.4154 -61.5335 121.2646 -1.2383 -2.0800 -0.8368 -1.1981 1.3485 1.1307 -0.3060 3.1369 -1.0409 1-4cyli.dat
1 0 16.4154 -61.5335 121.2646 1.2383 -2.0800 0.8368 1.1981 1.3485 -1.1307 0.3060 3.1369 1.0409 1-4cyli.dat
1 0 16.0139 -63.8625 121.9996 1.2383 -2.0800 0.8368 1.1981 1.3485 -1.1307 0.3060 3.1369 1.0409 3-4cyli.dat
2 24 19.264 -61.104 118.935 17.242 -59.964 122.190
2 24 17.133 -61.372 117.705 15.111 -60.231 120.960
2 24 19.131 -63.461 119.678 17.109 -62.321 122.933
2 24 17.000 -63.729 118.448 14.978 -62.588 121.703
2 24 19.397 -58.747 118.192 17.375 -57.607 121.447
2 24 17.266 -59.014 116.962 15.244 -57.874 120.217
1 0 18.3984 -57.7027 117.2056 -1.1320 -2.0220 -0.9989 -1.3121 1.1403 1.0448 -0.2435 3.2553 -0.9864 3-4cyli.dat
1 0 18.2653 -60.0598 117.9486 -1.1320 -2.0220 -0.9989 -1.3121 1.1403 1.0448 -0.2435 3.2553 -0.9864 1-4cyli.dat
1 0 18.2653 -60.0598 117.9486 1.1320 -2.0220 0.9989 1.3121 1.1403 -1.0448 0.2435 3.2553 0.9864 1-4cyli.dat
1 0 18.1323 -62.4159 118.6913 -1.1320 -2.0220 -0.9989 -1.3121 1.1403 1.0448 -0.2435 3.2553 -0.9864 1-4cyli.dat
1 0 18.1323 -62.4159 118.6913 1.1320 -2.0220 0.9989 1.3121 1.1403 -1.0448 0.2435 3.2553 0.9864 1-4cyli.dat
1 0 17.9992 -64.7730 119.4343 1.1320 -2.0220 0.9989 1.3121 1.1403 -1.0448 0.2435 3.2553 0.9864 3-4cyli.dat
2 24 20.815 -61.736 116.240 18.851 -60.782 119.589
2 24 18.662 -62.213 115.114 16.699 -61.259 118.464
2 24 20.946 -64.092 116.987 18.983 -63.138 120.337
2 24 18.794 -64.569 115.862 16.831 -63.615 119.212
2 24 20.683 -59.380 115.492 18.720 -58.426 118.842
2 24 18.531 -59.857 114.366 16.568 -58.903 117.716
1 0 19.5421 -58.4413 114.5556 -1.0103 -1.9631 -1.1416 -1.4163 0.9540 0.9392 -0.1888 3.3499 -0.9365 3-4cyli.dat
1 0 19.6734 -60.7970 115.3033 -1.0103 -1.9631 -1.1416 -1.4163 0.9540 0.9392 -0.1888 3.3499 -0.9365 1-4cyli.dat
1 0 19.6734 -60.7970 115.3033 1.0103 -1.9631 1.1416 1.4163 0.9540 -0.9392 0.1888 3.3499 0.9365 1-4cyli.dat
1 0 19.8046 -63.1517 116.0508 -1.0103 -1.9631 -1.1416 -1.4163 0.9540 0.9392 -0.1888 3.3499 -0.9365 1-4cyli.dat
1 0 19.8046 -63.1517 116.0508 1.0103 -1.9631 1.1416 1.4163 0.9540 -0.9392 0.1888 3.3499 0.9365 1-4cyli.dat
1 0 19.9359 -65.5074 116.7986 1.0103 -1.9631 1.1416 1.4163 0.9540 -0.9392 0.1888 3.3499 0.9365 3-4cyli.dat
2 24 22.309 -62.263 113.502 20.396 -61.452 116.918
2 24 20.165 -62.922 112.458 18.252 -62.112 115.874
2 24 22.661 -64.595 114.252 20.748 -63.785 117.668
2 24 20.516 -65.254 113.208 18.603 -64.444 116.624
2 24 21.958 -59.930 112.752 20.045 -59.120 116.168
2 24 19.813 -60.590 111.707 17.900 -59.779 115.123
1 0 20.7100 -59.0943 111.8549 -0.8964 -1.9130 -1.2481 -1.4957 0.8103 0.8364 -0.1472 3.4160 -0.8973 3-4cyli.dat
1 0 21.0616 -61.4266 112.6051 -0.8964 -1.9130 -1.2481 -1.4957 0.8103 0.8364 -0.1472 3.4160 -0.8973 1-4cyli.dat
1 0 21.0616 -61.4266 112.6051 0.8964 -1.9130 1.2481 1.4957 0.8103 -0.8364 0.1472 3.4160 0.8973 1-4cyli.dat
1 0 21.4131 -63.7578 113.3549 -0.8964 -1.9130 -1.2481 -1.4957 0.8103 0.8364 -0.1472 3.4160 -0.8973 1-4cyli.dat
1 0 21.4131 -63.7578 113.3549 0.8964 -1.9130 1.2481 1.4957 0.8103 -0.8364 0.1472 3.4160 0.8973 1-4cyli.dat
1 0 21.7647 -66.0901 114.1050 0.8964 -1.9130 1.2481 1.4957 0.8103 -0.8364 0.1472 3.4160 0.8973 3-4cyli.dat
2 24 23.870 -62.729 110.508 22.010 -62.058 113.983
2 24 21.756 -63.575 109.539 19.896 -62.904 113.014
2 24 24.443 -65.017 111.257 22.583 -64.346 114.732
2 24 22.329 -65.863 110.288 20.469 -65.192 113.763
2 24 23.298 -60.440 109.759 21.437 -59.769 113.234
2 24 21.183 -61.287 108.791 19.323 -60.616 112.266
1 0 21.9544 -59.7196 108.9010 -0.7707 -1.8604 -1.3436 -1.5672 0.6711 0.7210 -0.1100 3.4748 -0.8586 3-4cyli.dat
1 0 22.5273 -62.0080 109.6497 -0.7707 -1.8604 -1.3436 -1.5672 0.6711 0.7210 -0.1100 3.4748 -0.8586 1-4cyli.dat
1 0 22.5273 -62.0080 109.6497 0.7707 -1.8604 1.3436 1.5672 0.6711 -0.7210 0.1100 3.4748 0.8586 1-4cyli.dat
1 0 23.1000 -64.2955 110.3981 -0.7707 -1.8604 -1.3436 -1.5672 0.6711 0.7210 -0.1100 3.4748 -0.8586 1-4cyli.dat
1 0 23.1000 -64.2955 110.3981 0.7707 -1.8604 1.3436 1.5672 0.6711 -0.7210 0.1100 3.4748 0.8586 1-4cyli.dat
1 0 23.6730 -66.5839 111.1469 0.7707 -1.8604 1.3436 1.5672 0.6711 -0.7210 0.1100 3.4748 0.8586 3-4cyli.dat
2 24 25.271 -63.074 107.703 23.458 -62.520 111.224
2 24 23.202 -64.085 106.797 21.389 -63.531 110.317
2 24 26.035 -65.307 108.448 24.223 -64.753 111.969
2 24 23.966 -66.318 107.542 22.153 -65.764 111.062
2 24 24.506 -60.841 106.958 22.694 -60.287 110.479
2 24 22.437 -61.852 106.052 20.624 -61.298 109.572
1 0 23.0902 -60.2300 106.1328 -0.6524 -1.8128 -1.4167 -1.6218 0.5541 0.6110 -0.0807 3.5203 -0.8257 3-4cyli.dat
1 0 23.8546 -62.4630 106.8779 -0.6524 -1.8128 -1.4167 -1.6218 0.5541 0.6110 -0.0807 3.5203 -0.8257 1-4cyli.dat
1 0 23.8546 -62.4630 106.8779 0.6524 -1.8128 1.4167 1.6218 0.5541 -0.6110 0.0807 3.5203 0.8257 1-4cyli.dat
1 0 24.6187 -64.6950 107.6227 -0.6524 -1.8128 -1.4167 -1.6218 0.5541 0.6110 -0.0807 3.5203 -0.8257 1-4cyli.dat
1 0 24.6187 -64.6950 107.6227 0.6524 -1.8128 1.4167 1.6218 0.5541 -0.6110 0.0807 3.5203 0.8257 1-4cyli.dat
1 0 25.3831 -66.9280 108.3678 0.6524 -1.8128 1.4167 1.6218 0.5541 -0.6110 0.0807 3.5203 0.8257 3-4cyli.dat
2 24 26.639 -63.366 104.881 24.864 -62.898 108.433
2 24 24.617 -64.505 104.021 22.842 -64.037 107.572
2 24 27.550 -65.545 105.623 25.774 -65.077 109.175
2 24 25.528 -66.683 104.763 23.752 -66.215 108.314
2 24 25.728 -61.188 104.139 23.953 -60.720 107.691
2 24 23.707 -62.326 103.278 21.931 -61.859 106.830
1 0 24.2627 -60.6679 103.3381 -0.5556 -1.7754 -1.4662 -1.6583 0.4677 0.5199 -0.0593 3.5517 -0.8014 3-4cyli.dat
1 0 25.1734 -62.8464 104.0802 -0.5556 -1.7754 -1.4662 -1.6583 0.4677 0.5199 -0.0593 3.5517 -0.8014 1-4cyli.dat
1 0 25.1734 -62.8464 104.0802 0.5556 -1.7754 1.4662 1.6583 0.4677 -0.5199 0.0593 3.5517 0.8014 1-4cyli.dat
1 0 26.0838 -65.0239 104.8220 -0.5556 -1.7754 -1.4662 -1.6583 0.4677 0.5199 -0.0593 3.5517 -0.8014 1-4cyli.dat
1 0 26.0838 -65.0239 104.8220 0.5556 -1.7754 1.4662 1.6583 0.4677 -0.5199 0.0593 3.5517 0.8014 1-4cyli.dat
1 0 26.9945 -67.2023 105.5641 0.5556 -1.7754 1.4662 1.6583 0.4677 -0.5199 0.0593 3.5517 0.8014 3-4cyli.dat
2 24 27.974 -63.597 102.039 26.237 -63.215 105.621
2 24 26.009 -64.861 101.222 24.273 -64.480 104.803
2 24 29.028 -65.711 102.776 27.292 -65.330 106.357
2 24 27.064 -66.976 101.958 25.328 -66.594 105.540
2 24 26.919 -61.482 101.303 25.183 -61.101 104.884
2 24 24.955 -62.747 100.485 23.219 -62.365 104.067
1 0 25.4102 -61.0573 100.5263 -0.4549 -1.7362 -1.5093 -1.6893 0.3814 0.4251 -0.0406 3.5813 -0.7769 3-4cyli.dat
1 0 26.4648 -63.1719 101.2627 -0.4549 -1.7362 -1.5093 -1.6893 0.3814 0.4251 -0.0406 3.5813 -0.7769 1-4cyli.dat
1 0 26.4648 -63.1719 101.2627 0.4549 -1.7362 1.5093 1.6893 0.3814 -0.4251 0.0406 3.5813 0.7769 1-4cyli.dat
1 0 27.5189 -65.2856 101.9988 -0.4549 -1.7362 -1.5093 -1.6893 0.3814 0.4251 -0.0406 3.5813 -0.7769 1-4cyli.dat
1 0 27.5189 -65.2856 101.9988 0.4549 -1.7362 1.5093 1.6893 0.3814 -0.4251 0.0406 3.5813 0.7769 1-4cyli.dat
1 0 28.5734 -67.4001 102.7352 0.4549 -1.7362 1.5093 1.6893 0.3814 -0.4251 0.0406 3.5813 0.7769 3-4cyli.dat
2 24 29.280 -63.779 99.183 27.578 -63.469 102.787
2 24 27.373 -65.148 98.400 25.670 -64.838 102.004
2 24 30.453 -65.832 99.914 28.751 -65.521 103.518
2 24 28.546 -67.201 99.131 26.844 -66.890 102.735
2 24 28.107 -61.726 98.452 26.404 -61.416 102.056
2 24 26.199 -63.095 97.669 24.497 -62.785 101.273
1 0 26.5669 -61.3844 97.6950 -0.3670 -1.7023 -1.5403 -1.7108 0.3105 0.3419 -0.0259 3.6043 -0.7569 3-4cyli.dat
1 0 27.7402 -63.4373 98.4260 -0.3670 -1.7023 -1.5403 -1.7108 0.3105 0.3419 -0.0259 3.6043 -0.7569 1-4cyli.dat
1 0 27.7402 -63.4373 98.4260 0.3670 -1.7023 1.5403 1.7108 0.3105 -0.3419 0.0259 3.6043 0.7569 1-4cyli.dat
1 0 28.9131 -65.4894 99.1568 -0.3670 -1.7023 -1.5403 -1.7108 0.3105 0.3419 -0.0259 3.6043 -0.7569 1-4cyli.dat
1 0 28.9131 -65.4894 99.1568 0.3670 -1.7023 1.5403 1.7108 0.3105 -0.3419 0.0259 3.6043 0.7569 1-4cyli.dat
1 0 30.0865 -67.5423 99.8878 0.3670 -1.7023 1.5403 1.7108 0.3105 -0.3419 0.0259 3.6043 0.7569 3-4cyli.dat
2 24 31.909 -64.069 93.309 28.926 -63.670 99.846
2 24 30.079 -65.559 92.564 27.095 -65.160 99.101
2 24 33.221 -66.041 94.028 30.238 -65.642 100.565
2 24 31.390 -67.531 93.283 28.407 -67.132 99.820
2 24 30.598 -62.098 92.590 27.614 -61.699 99.127
2 24 28.767 -63.587 91.845 25.783 -63.188 98.382
1 0 29.0269 -61.8566 91.8583 -0.2595 -2.9833 -1.5712 -1.7306 0.3989 0.2410 -0.0128 6.5367 -0.7318 3-4cyli.dat
1 0 30.3388 -63.8283 92.5773 -0.2595 -2.9833 -1.5712 -1.7306 0.3989 0.2410 -0.0128 6.5367 -0.7318 1-4cyli.dat
1 0 30.3388 -63.8283 92.5773 0.2595 -2.9833 1.5712 1.7306 0.3989 -0.2410 0.0128 6.5367 0.7318 1-4cyli.dat
1 0 31.6501 -65.7993 93.2961 -0.2595 -2.9833 -1.5712 -1.7306 0.3989 0.2410 -0.0128 6.5367 -0.7318 1-4cyli.dat
1 0 31.6501 -65.7993 93.2961 0.2595 -2.9833 1.5712 1.7306 0.3989 -0.2410 0.0128 6.5367 0.7318 1-4cyli.dat
1 0 32.9619 -67.7710 94.0151 0.2595 -2.9833 1.5712 1.7306 0.3989 -0.2410 0.0128 6.5367 0.7318 3-4cyli.dat
2 24 34.351 -64.143 87.513 31.481 -63.952 94.109
2 24 32.643 -65.793 86.817 29.772 -65.602 93.414
2 24 35.845 -65.986 88.216 32.975 -65.795 94.813
2 24 34.137 -67.636 87.521 31.266 -67.446 94.117
2 24 32.857 -62.299 86.810 29.986 -62.109 93.406
2 24 31.149 -63.949 86.114 28.278 -63.759 92.710
1 0 31.2562 -62.2026 86.1102 -0.1071 -2.8705 -1.6011 -1.7467 0.1906 0.0966 0.0039 6.5963 -0.6995 3-4cyli.dat
1 0 32.7504 -64.0460 86.8137 -0.1071 -2.8705 -1.6011 -1.7467 0.1906 0.0966 0.0039 6.5963 -0.6995 1-4cyli.dat
1 0 32.7504 -64.0460 86.8137 0.1071 -2.8705 1.6011 1.7467 0.1906 -0.0966 -0.0039 6.5963 0.6995 1-4cyli.dat
1 0 34.2440 -65.8887 87.5169 -0.1071 -2.8705 -1.6011 -1.7467 0.1906 0.0966 0.0039 6.5963 -0.6995 1-4cyli.dat
1 0 34.2440 -65.8887 87.5169 0.1071 -2.8705 1.6011 1.7467 0.1906 -0.0966 -0.0039 6.5963 0.6995 1-4cyli.dat
1 0 35.7382 -67.7321 88.2204 0.1071 -2.8705 1.6011 1.7467 0.1906 -0.0966 -0.0039 6.5963 0.6995 3-4cyli.dat
2 24 36.818 -64.106 81.458 34.039 -64.071 88.096
2 24 35.217 -65.874 80.797 32.438 -65.839 87.435
2 24 38.446 -65.838 82.149 35.667 -65.802 88.787
2 24 36.845 -67.606 81.488 34.066 -67.571 88.126
2 24 35.190 -62.374 80.767 32.411 -62.339 87.405
2 24 33.589 -64.143 80.107 30.810 -64.107 86.745
1 0 33.5765 -62.3925 80.0920 0.0136 -2.7790 -1.6141 -1.7498 0.0353 -0.0183 0.0150 6.6380 -0.6757 3-4cyli.dat
1 0 35.2043 -64.1242 80.7827 0.0136 -2.7790 -1.6141 -1.7498 0.0353 -0.0183 0.0150 6.6380 -0.6757 1-4cyli.dat
1 0 35.2043 -64.1242 80.7827 -0.0136 -2.7790 1.6141 1.7498 0.0353 0.0183 -0.0150 6.6380 0.6757 1-4cyli.dat
1 0 36.8315 -65.8552 81.4731 0.0136 -2.7790 -1.6141 -1.7498 0.0353 -0.0183 0.0150 6.6380 -0.6757 1-4cyli.dat
1 0 36.8315 -65.8552 81.4731 -0.0136 -2.7790 1.6141 1.7498 0.0353 0.0183 -0.0150 6.6380 0.6757 1-4cyli.dat
1 0 38.4594 -67.5868 82.1638 -0.0136 -2.7790 1.6141 1.7498 0.0353 0.0183 -0.0150 6.6380 0.6757 3-4cyli.dat
2 24 39.205 -63.952 75.374 36.518 -64.061 82.049
2 24 37.711 -65.821 74.742 35.024 -65.931 81.417
2 24 40.949 -65.573 76.050 38.261 -65.683 82.725
2 24 39.455 -67.443 75.418 36.768 -67.552 82.093
2 24 37.461 -62.330 74.699 34.774 -62.440 81.374
2 24 35.967 -64.200 74.067 33.280 -64.309 80.742
1 0 35.8431 -62.4542 74.0456 0.1250 -2.6872 -1.6186 -1.7453 -0.1096 -0.1240 0.0217 6.6749 -0.6536 3-4cyli.dat
1 0 37.5868 -64.0756 74.7209 0.1250 -2.6872 -1.6186 -1.7453 -0.1096 -0.1240 0.0217 6.6749 -0.6536 1-4cyli.dat
1 0 37.5868 -64.0756 74.7209 -0.1250 -2.6872 1.6186 1.7453 -0.1096 0.1240 -0.0217 6.6749 0.6536 1-4cyli.dat
1 0 39.3298 -65.6964 75.3960 0.1250 -2.6872 -1.6186 -1.7453 -0.1096 -0.1240 0.0217 6.6749 -0.6536 1-4cyli.dat
1 0 39.3298 -65.6964 75.3960 -0.1250 -2.6872 1.6186 1.7453 -0.1096 0.1240 -0.0217 6.6749 0.6536 1-4cyli.dat
1 0 41.0735 -67.3178 76.0714 -0.1250 -2.6872 1.6186 1.7453 -0.1096 0.1240 -0.0217 6.6749 0.6536 3-4cyli.dat
2 24 41.442 -63.718 69.502 38.827 -63.935 76.204
2 24 40.037 -65.663 68.892 37.423 -65.879 75.593
2 24 43.271 -65.248 70.167 40.656 -65.464 76.868
2 24 41.867 -67.192 69.556 39.252 -67.408 76.257
2 24 39.612 -62.189 68.838 36.998 -62.405 75.539
2 24 38.208 -64.134 68.228 35.594 -64.350 74.929
1 0 37.9964 -62.3966 68.2011 0.2125 -2.6144 -1.6165 -1.7368 -0.2163 -0.2076 0.0268 6.7012 -0.6374 3-4cyli.dat
1 0 39.8256 -63.9258 68.8653 0.2125 -2.6144 -1.6165 -1.7368 -0.2163 -0.2076 0.0268 6.7012 -0.6374 1-4cyli.dat
1 0 39.8256 -63.9258 68.8653 -0.2125 -2.6144 1.6165 1.7368 -0.2163 0.2076 -0.0268 6.7012 0.6374 1-4cyli.dat
1 0 41.6539 -65.4545 69.5293 0.2125 -2.6144 -1.6165 -1.7368 -0.2163 -0.2076 0.0268 6.7012 -0.6374 1-4cyli.dat
1 0 41.6539 -65.4545 69.5293 -0.2125 -2.6144 1.6165 1.7368 -0.2163 0.2076 -0.0268 6.7012 0.6374 1-4cyli.dat
1 0 43.4830 -66.9838 70.1936 -0.2125 -2.6144 1.6165 1.7368 -0.2163 0.2076 -0.0268 6.7012 0.6374 3-4cyli.dat
2 24 44.737 -63.207 60.518 41.102 -63.711 70.244
2 24 43.436 -65.228 59.927 39.801 -65.732 69.653
2 24 46.657 -64.631 61.162 43.022 -65.135 70.887
2 24 45.355 -66.652 60.571 41.721 -67.156 70.296
2 24 42.818 -61.783 59.875 39.183 -62.287 69.600
2 24 41.517 -63.804 59.284 37.882 -64.308 69.009
1 0 41.2085 -62.0814 59.2578 0.3090 -3.6349 -1.6101 -1.7222 -0.5037 -0.2983 0.0263 9.7252 -0.6172 3-4cyli.dat
1 0 43.1278 -63.5055 59.9014 0.3090 -3.6349 -1.6101 -1.7222 -0.5037 -0.2983 0.0263 9.7252 -0.6172 1-4cyli.dat
1 0 43.1278 -63.5055 59.9014 -0.3090 -3.6349 1.6101 1.7222 -0.5037 0.2983 -0.0263 9.7252 0.6172 1-4cyli.dat
1 0 45.0463 -64.9289 60.5447 0.3090 -3.6349 -1.6101 -1.7222 -0.5037 -0.2983 0.0263 9.7252 -0.6172 1-4cyli.dat
1 0 45.0463 -64.9289 60.5447 -0.3090 -3.6349 1.6101 1.7222 -0.5037 0.2983 -0.0263 9.7252 0.6172 1-4cyli.dat
1 0 46.9655 -66.3529 61.1883 -0.3090 -3.6349 1.6101 1.7222 -0.5037 0.2983 -0.0263 9.7252 0.6172 3-4cyli.dat
2 24 47.917 -62.516 51.400 44.437 -63.209 61.170
2 24 46.734 -64.614 50.830 43.254 -65.307 60.600
2 24 49.926 -63.819 52.023 46.447 -64.512 61.793
2 24 48.744 -65.916 51.453 45.264 -66.610 61.223
2 24 45.907 -61.213 50.776 42.427 -61.907 60.547
2 24 44.724 -63.311 50.206 41.244 -64.004 59.976
1 0 44.3109 -61.6103 50.1798 0.4135 -3.4798 -1.5963 -1.7002 -0.6936 -0.3975 0.0266 9.7701 -0.5968 3-4cyli.dat
1 0 46.3208 -62.9131 50.8032 0.4135 -3.4798 -1.5963 -1.7002 -0.6936 -0.3975 0.0266 9.7701 -0.5968 1-4cyli.dat
1 0 46.3208 -62.9131 50.8032 -0.4135 -3.4798 1.5963 1.7002 -0.6936 0.3975 -0.0266 9.7701 0.5968 1-4cyli.dat
1 0 48.3299 -64.2154 51.4263 0.4135 -3.4798 -1.5963 -1.7002 -0.6936 -0.3975 0.0266 9.7701 -0.5968 1-4cyli.dat
1 0 48.3299 -64.2154 51.4263 -0.4135 -3.4798 1.5963 1.7002 -0.6936 0.3975 -0.0266 9.7701 0.5968 1-4cyli.dat
1 0 50.3398 -65.5182 52.0497 -0.4135 -3.4798 1.5963 1.7002 -0.6936 0.3975 -0.0266 9.7701 0.5968 3-4cyli.dat
2 24 50.892 -61.710 42.485 47.553 -62.559 52.292
2 24 49.812 -63.867 41.931 46.473 -64.716 51.738
2 24 52.972 -62.907 43.090 49.634 -63.756 52.897
2 24 51.892 -65.064 42.535 48.554 -65.913 52.342
2 24 48.812 -60.513 41.881 45.473 -61.362 51.688
2 24 47.732 -62.670 41.326 44.393 -63.519 51.133
1 0 47.2321 -60.9925 41.3015 0.5000 -3.3384 -1.5800 -1.6768 -0.8492 -0.4798 0.0250 9.8071 -0.5794 3-4cyli.dat
1 0 49.3123 -62.1896 41.9059 0.5000 -3.3384 -1.5800 -1.6768 -0.8492 -0.4798 0.0250 9.8071 -0.5794 1-4cyli.dat
1 0 49.3123 -62.1896 41.9059 -0.5000 -3.3384 1.5800 1.6768 -0.8492 0.4798 -0.0250 9.8071 0.5794 1-4cyli.dat
1 0 51.3916 -63.3862 42.5101 0.5000 -3.3384 -1.5800 -1.6768 -0.8492 -0.4798 0.0250 9.8071 -0.5794 1-4cyli.dat
1 0 51.3916 -63.3862 42.5101 -0.5000 -3.3384 1.5800 1.6768 -0.8492 0.4798 -0.0250 9.8071 0.5794 1-4cyli.dat
1 0 53.4719 -64.5832 43.1146 -0.5000 -3.3384 1.5800 1.6768 -0.8492 0.4798 -0.0250 9.8071 0.5794 3-4cyli.dat
2 24 53.747 -60.786 33.542 50.544 -61.769 43.382
2 24 52.758 -62.989 33.000 49.555 -63.973 42.840
2 24 55.884 -61.889 34.127 52.681 -62.872 43.967
2 24 54.895 -64.092 33.586 51.692 -65.075 43.425
2 24 51.610 -59.683 32.957 48.407 -60.667 42.796
2 24 50.621 -61.887 32.415 47.418 -62.870 42.254
1 0 50.0476 -60.2333 32.3931 0.5742 -3.2031 -1.5626 -1.6529 -0.9833 -0.5503 0.0217 9.8397 -0.5637 3-4cyli.dat
1 0 52.1846 -61.3360 32.9785 0.5742 -3.2031 -1.5626 -1.6529 -0.9833 -0.5503 0.0217 9.8397 -0.5637 1-4cyli.dat
1 0 52.1846 -61.3360 32.9785 -0.5742 -3.2031 1.5626 1.6529 -0.9833 0.5503 -0.0217 9.8397 0.5637 1-4cyli.dat
1 0 54.3208 -62.4383 33.5638 0.5742 -3.2031 -1.5626 -1.6529 -0.9833 -0.5503 0.0217 9.8397 -0.5637 1-4cyli.dat
1 0 54.3208 -62.4383 33.5638 -0.5742 -3.2031 1.5626 1.6529 -0.9833 0.5503 -0.0217 9.8397 0.5637 1-4cyli.dat
1 0 56.4578 -63.5411 34.1492 -0.5742 -3.2031 1.5626 1.6529 -0.9833 0.5503 -0.0217 9.8397 0.5637 3-4cyli.dat
2 24 57.499 -59.357 21.199 53.519 -60.827 34.112
2 24 56.600 -61.600 20.666 52.620 -63.070 33.580
2 24 59.688 -60.367 21.759 55.708 -61.837 34.672
2 24 58.789 -62.611 21.226 54.809 -64.081 34.140
2 24 55.310 -58.346 20.639 51.330 -59.816 33.553
2 24 54.411 -60.590 20.107 50.431 -62.060 33.020
1 0 53.7667 -58.9626 20.0934 0.6447 -3.9800 -1.5441 -1.6268 -1.4700 -0.6165 0.0135 12.9135 -0.5461 3-4cyli.dat
1 0 55.9557 -59.9731 20.6531 0.6447 -3.9800 -1.5441 -1.6268 -1.4700 -0.6165 0.0135 12.9135 -0.5461 1-4cyli.dat
1 0 55.9557 -59.9731 20.6531 -0.6447 -3.9800 1.5441 1.6268 -1.4700 0.6165 -0.0135 12.9135 0.5461 1-4cyli.dat
1 0 58.1437 -60.9831 21.2125 0.6447 -3.9800 -1.5441 -1.6268 -1.4700 -0.6165 0.0135 12.9135 -0.5461 1-4cyli.dat
1 0 58.1437 -60.9831 21.2125 -0.6447 -3.9800 1.5441 1.6268 -1.4700 0.6165 -0.0135 12.9135 0.5461 1-4cyli.dat
1 0 60.3327 -61.9935 21.7721 -0.6447 -3.9800 1.5441 1.6268 -1.4700 0.6165 -0.0135 12.9135 0.5461 3-4cyli.dat
2 24 60.094 -58.189 12.101 57.212 -59.438 22.010
2 24 59.287 -60.469 11.579 56.404 -61.719 21.487
2 24 62.331 -59.103 12.637 59.448 -60.352 22.545
2 24 61.524 -61.383 12.114 58.641 -62.633 22.023
2 24 57.857 -57.274 11.566 54.975 -58.524 21.474
2 24 57.050 -59.555 11.043 54.168 -60.804 20.952
1 0 56.3361 -57.9572 11.0371 0.7148 -2.8826 -1.5218 -1.5973 -1.2496 -0.6831 0.0065 9.9083 -0.5289 3-4cyli.dat
1 0 58.5728 -58.8714 11.5726 0.7148 -2.8826 -1.5218 -1.5973 -1.2496 -0.6831 0.0065 9.9083 -0.5289 1-4cyli.dat
1 0 58.5728 -58.8714 11.5726 -0.7148 -2.8826 1.5218 1.5973 -1.2496 0.6831 -0.0065 9.9083 0.5289 1-4cyli.dat
1 0 60.8087 -59.7853 12.1078 0.7148 -2.8826 -1.5218 -1.5973 -1.2496 -0.6831 0.0065 9.9083 -0.5289 1-4cyli.dat
1 0 60.8087 -59.7853 12.1078 -0.7148 -2.8826 1.5218 1.5973 -1.2496 0.6831 -0.0065 9.9083 0.5289 1-4cyli.dat
1 0 63.0454 -60.6996 12.6432 -0.7148 -2.8826 1.5218 1.5973 -1.2496 0.6831 -0.0065 9.9083 0.5289 3-4cyli.dat
2 24 63.397 -56.512 -0.080 59.827 -58.282 12.916
2 24 62.657 -58.817 -0.597 59.087 -60.587 12.399
2 24 65.668 -57.356 0.429 62.097 -59.125 13.425
2 24 64.928 -59.660 -0.088 61.357 -61.430 12.908
2 24 61.127 -55.669 -0.588 57.556 -57.439 12.407
2 24 60.387 -57.973 -1.106 56.816 -59.743 11.890
1 0 59.6219 -56.3992 -1.1013 0.7652 -3.5703 -1.5052 -1.5738 -1.7698 -0.7305 -0.0041 12.9954 -0.5130 3-4cyli.dat
1 0 61.8924 -57.2426 -0.5924 0.7652 -3.5703 -1.5052 -1.5738 -1.7698 -0.7305 -0.0041 12.9954 -0.5130 1-4cyli.dat
1 0 61.8924 -57.2426 -0.5924 -0.7652 -3.5703 1.5052 1.5738 -1.7698 0.7305 0.0041 12.9954 0.5130 1-4cyli.dat
1 0 64.1620 -58.0856 -0.0836 0.7652 -3.5703 -1.5052 -1.5738 -1.7698 -0.7305 -0.0041 12.9954 -0.5130 1-4cyli.dat
1 0 64.1620 -58.0856 -0.0836 -0.7652 -3.5703 1.5052 1.5738 -1.7698 0.7305 0.0041 12.9954 0.5130 1-4cyli.dat
1 0 66.4326 -58.9289 0.4253 -0.7652 -3.5703 1.5052 1.5738 -1.7698 0.7305 0.0041 12.9954 0.5130 3-4cyli.dat
2 24 66.493 -54.687 -12.396 63.170 -56.604 0.644
2 24 65.828 -57.016 -12.908 62.505 -58.933 0.132
2 24 68.799 -55.450 -11.921 65.476 -57.367 1.119
2 24 68.134 -57.778 -12.433 64.811 -59.696 0.608
2 24 64.187 -53.925 -12.872 60.863 -55.842 0.168
2 24 63.522 -56.253 -13.384 60.199 -58.170 -0.344
1 0 62.7018 -54.7073 -13.3653 0.8207 -3.3231 -1.4852 -1.5455 -1.9171 -0.7829 -0.0181 13.0401 -0.4936 3-4cyli.dat
1 0 65.0079 -55.4699 -12.8898 0.8207 -3.3231 -1.4852 -1.5455 -1.9171 -0.7829 -0.0181 13.0401 -0.4936 1-4cyli.dat
1 0 65.0079 -55.4699 -12.8898 -0.8207 -3.3231 1.4852 1.5455 -1.9171 0.7829 0.0181 13.0401 0.4936 1-4cyli.dat
1 0 67.3130 -56.2322 -12.4144 0.8207 -3.3231 -1.4852 -1.5455 -1.9171 -0.7829 -0.0181 13.0401 -0.4936 1-4cyli.dat
1 0 67.3130 -56.2322 -12.4144 -0.8207 -3.3231 1.4852 1.5455 -1.9171 0.7829 0.0181 13.0401 0.4936 1-4cyli.dat
1 0 69.6191 -56.9948 -11.9389 -0.8207 -3.3231 1.4852 1.5455 -1.9171 0.7829 0.0181 13.0401 0.4936 3-4cyli.dat
2 24 69.344 -52.739 -24.754 66.280 -54.787 -11.671
2 24 68.745 -55.086 -25.262 65.680 -57.134 -12.179
2 24 71.680 -53.430 -24.315 68.615 -55.479 -11.232
2 24 71.081 -55.777 -24.823 68.016 -57.826 -11.740
2 24 67.009 -52.048 -25.193 63.944 -54.096 -12.110
2 24 66.409 -54.395 -25.701 63.345 -56.443 -12.617
1 0 65.5419 -52.8752 -25.6660 0.8681 -3.0648 -1.4673 -1.5190 -2.0484 -0.8278 -0.0345 13.0833 -0.4733 3-4cyli.dat
1 0 67.8775 -53.5665 -25.2272 0.8681 -3.0648 -1.4673 -1.5190 -2.0484 -0.8278 -0.0345 13.0833 -0.4733 1-4cyli.dat
1 0 67.8775 -53.5665 -25.2272 -0.8681 -3.0648 1.4673 1.5190 -2.0484 0.8278 0.0345 13.0833 0.4733 1-4cyli.dat
1 0 70.2122 -54.2575 -24.7884 0.8681 -3.0648 -1.4673 -1.5190 -2.0484 -0.8278 -0.0345 13.0833 -0.4733 1-4cyli.dat
1 0 70.2122 -54.2575 -24.7884 -0.8681 -3.0648 1.4673 1.5190 -2.0484 0.8278 0.0345 13.0833 0.4733 1-4cyli.dat
1 0 72.5478 -54.9487 -24.3495 -0.8681 -3.0648 1.4673 1.5190 -2.0484 0.8278 0.0345 13.0833 0.4733 3-4cyli.dat
2 24 71.350 -51.181 -34.203 69.187 -52.826 -24.171
2 24 70.805 -53.541 -34.708 68.641 -55.187 -24.675
2 24 73.709 -51.812 -33.799 71.545 -53.458 -23.766
2 24 73.163 -54.173 -34.303 71.000 -55.819 -24.271
2 24 68.992 -50.549 -34.608 66.828 -52.195 -24.576
2 24 68.446 -52.910 -35.113 66.283 -54.555 -25.080
1 0 67.5402 -51.4132 -35.0631 0.9064 -2.1633 -1.4519 -1.4961 -1.6456 -0.8645 -0.0499 10.0328 -0.4549 3-4cyli.dat
1 0 69.8987 -52.0448 -34.6582 0.9064 -2.1633 -1.4519 -1.4961 -1.6456 -0.8645 -0.0499 10.0328 -0.4549 1-4cyli.dat
1 0 69.8987 -52.0448 -34.6582 -0.9064 -2.1633 1.4519 1.4961 -1.6456 0.8645 0.0499 10.0328 0.4549 1-4cyli.dat
1 0 72.2563 -52.6761 -34.2534 0.9064 -2.1633 -1.4519 -1.4961 -1.6456 -0.8645 -0.0499 10.0328 -0.4549 1-4cyli.dat
1 0 72.2563 -52.6761 -34.2534 -0.9064 -2.1633 1.4519 1.4961 -1.6456 0.8645 0.0499 10.0328 0.4549 1-4cyli.dat
1 0 74.6148 -53.3078 -33.8484 -0.9064 -2.1633 1.4519 1.4961 -1.6456 0.8645 0.0499 10.0328 0.4549 3-4cyli.dat
2 24 73.736 -49.067 -46.532 71.162 -51.315 -33.376
2 24 73.230 -51.437 -47.036 70.656 -53.685 -33.880
2 24 76.112 -49.652 -46.167 73.539 -51.900 -33.011
2 24 75.606 -52.022 -46.671 73.032 -54.270 -33.515
2 24 71.359 -48.482 -46.897 68.785 -50.730 -33.741
2 24 70.853 -50.852 -47.401 68.279 -53.100 -34.245
1 0 69.9177 -49.3738 -47.3311 0.9354 -2.5740 -1.4414 -1.4773 -2.2482 -0.8922 -0.0694 13.1560 -0.4345 3-4cyli.dat
1 0 72.2946 -49.9590 -46.9661 0.9354 -2.5740 -1.4414 -1.4773 -2.2482 -0.8922 -0.0694 13.1560 -0.4345 1-4cyli.dat
1 0 72.2946 -49.9590 -46.9661 -0.9354 -2.5740 1.4414 1.4773 -2.2482 0.8922 0.0694 13.1560 0.4345 1-4cyli.dat
1 0 74.6706 -50.5440 -46.6012 0.9354 -2.5740 -1.4414 -1.4773 -2.2482 -0.8922 -0.0694 13.1560 -0.4345 1-4cyli.dat
1 0 74.6706 -50.5440 -46.6012 -0.9354 -2.5740 1.4414 1.4773 -2.2482 0.8922 0.0694 13.1560 0.4345 1-4cyli.dat
1 0 77.0476 -51.1292 -46.2361 -0.9354 -2.5740 1.4414 1.4773 -2.2482 0.8922 0.0694 13.1560 0.4345 3-4cyli.dat
2 24 75.324 -47.421 -55.789 73.560 -49.207 -45.702
2 24 74.859 -49.799 -56.292 73.095 -51.585 -46.205
2 24 77.719 -47.957 -55.465 75.954 -49.743 -45.379
2 24 77.253 -50.336 -55.968 75.489 -52.122 -45.881
2 24 72.930 -46.884 -56.113 71.166 -48.670 -46.026
2 24 72.465 -49.262 -56.615 70.700 -51.048 -46.529
1 0 71.5008 -47.8044 -56.5259 0.9644 -1.7644 -1.4297 -1.4575 -1.7860 -0.9207 -0.0894 10.0868 -0.4131 3-4cyli.dat
1 0 73.8951 -48.3411 -56.2022 0.9644 -1.7644 -1.4297 -1.4575 -1.7860 -0.9207 -0.0894 10.0868 -0.4131 1-4cyli.dat
1 0 73.8951 -48.3411 -56.2022 -0.9644 -1.7644 1.4297 1.4575 -1.7860 0.9207 0.0894 10.0868 0.4131 1-4cyli.dat
1 0 76.2884 -48.8777 -55.8785 0.9644 -1.7644 -1.4297 -1.4575 -1.7860 -0.9207 -0.0894 10.0868 -0.4131 1-4cyli.dat
1 0 76.2884 -48.8777 -55.8785 -0.9644 -1.7644 1.4297 1.4575 -1.7860 0.9207 0.0894 10.0868 0.4131 1-4cyli.dat
1 0 78.6827 -49.4145 -55.5547 -0.9644 -1.7644 1.4297 1.4575 -1.7860 0.9207 0.0894 10.0868 0.4131 3-4cyli.dat
2 24 76.762 -45.699 -65.213 75.197 -47.541 -55.104
2 24 76.325 -48.083 -65.715 74.760 -49.925 -55.606
2 24 79.170 -46.199 -64.932 77.605 -48.042 -54.822
2 24 78.733 -48.583 -65.434 77.168 -50.426 -55.324
2 24 74.355 -45.198 -65.495 72.790 -47.041 -55.385
2 24 73.918 -47.582 -65.997 72.353 -49.424 -55.887
1 0 72.9330 -46.1395 -65.8864 0.9852 -1.5649 -1.4221 -1.4421 -1.8424 -0.9415 -0.1103 10.1095 -0.3917 3-4cyli.dat
1 0 75.3404 -46.6400 -65.6050 0.9852 -1.5649 -1.4221 -1.4421 -1.8424 -0.9415 -0.1103 10.1095 -0.3917 1-4cyli.dat
1 0 75.3404 -46.6400 -65.6050 -0.9852 -1.5649 1.4221 1.4421 -1.8424 0.9415 0.1103 10.1095 0.3917 1-4cyli.dat
1 0 77.7469 -47.1404 -65.3237 0.9852 -1.5649 -1.4221 -1.4421 -1.8424 -0.9415 -0.1103 10.1095 -0.3917 1-4cyli.dat
1 0 77.7469 -47.1404 -65.3237 -0.9852 -1.5649 1.4221 1.4421 -1.8424 0.9415 0.1103 10.1095 0.3917 1-4cyli.dat
1 0 80.1544 -47.6410 -65.0422 -0.9852 -1.5649 1.4221 1.4421 -1.8424 0.9415 0.1103 10.1095 0.3917 3-4cyli.dat
2 24 77.967 -43.974 -74.414 76.618 -45.869 -64.283
2 24 77.555 -46.362 -74.915 76.206 -48.257 -64.785
2 24 80.387 -44.441 -74.179 79.038 -46.336 -64.048
2 24 79.974 -46.829 -74.681 78.625 -48.724 -64.550
2 24 75.548 -43.507 -74.649 74.199 -45.402 -64.518
2 24 75.136 -45.895 -75.150 73.787 -47.790 -65.019
1 0 74.1330 -44.4673 -75.0166 1.0033 -1.3490 -1.4156 -1.4275 -1.8950 -0.9606 -0.1334 10.1309 -0.3682 3-4cyli.dat
1 0 76.5522 -44.9342 -74.7818 1.0033 -1.3490 -1.4156 -1.4275 -1.8950 -0.9606 -0.1334 10.1309 -0.3682 1-4cyli.dat
1 0 76.5522 -44.9342 -74.7818 -1.0033 -1.3490 1.4156 1.4275 -1.8950 0.9606 0.1334 10.1309 0.3682 1-4cyli.dat
1 0 78.9704 -45.4010 -74.5471 1.0033 -1.3490 -1.4156 -1.4275 -1.8950 -0.9606 -0.1334 10.1309 -0.3682 1-4cyli.dat
1 0 78.9704 -45.4010 -74.5471 -1.0033 -1.3490 1.4156 1.4275 -1.8950 0.9606 0.1334 10.1309 0.3682 1-4cyli.dat
1 0 81.3896 -45.8680 -74.3124 -1.0033 -1.3490 1.4156 1.4275 -1.8950 0.9606 0.1334 10.1309 0.3682 3-4cyli.dat
2 24 78.664 -42.781 -80.654 77.857 -44.120 -73.629
2 24 78.271 -45.172 -81.155 77.464 -46.511 -74.130
2 24 81.092 -43.220 -80.459 80.285 -44.559 -73.434
2 24 80.699 -45.612 -80.960 79.892 -46.951 -73.935
2 24 76.236 -42.341 -80.849 75.429 -43.680 -73.825
2 24 75.844 -44.733 -81.350 75.036 -46.072 -74.326
1 0 74.8267 -43.3167 -81.1971 1.0174 -0.8075 -1.4102 -1.4156 -1.3390 -0.9759 -0.1529 7.0244 -0.3481 3-4cyli.dat
1 0 77.2545 -43.7563 -81.0018 1.0174 -0.8075 -1.4102 -1.4156 -1.3390 -0.9759 -0.1529 7.0244 -0.3481 1-4cyli.dat
1 0 77.2545 -43.7563 -81.0018 -1.0174 -0.8075 1.4102 1.4156 -1.3390 0.9759 0.1529 7.0244 0.3481 1-4cyli.dat
1 0 79.6813 -44.1958 -80.8066 1.0174 -0.8075 -1.4102 -1.4156 -1.3390 -0.9759 -0.1529 7.0244 -0.3481 1-4cyli.dat
1 0 79.6813 -44.1958 -80.8066 -1.0174 -0.8075 1.4102 1.4156 -1.3390 0.9759 0.1529 7.0244 0.3481 1-4cyli.dat
1 0 82.1091 -44.6355 -80.6114 -1.0174 -0.8075 1.4102 1.4156 -1.3390 0.9759 0.1529 7.0244 0.3481 3-4cyli.dat
2 24 79.282 -41.541 -87.048 78.592 -42.903 -80.015
2 24 78.902 -43.935 -87.549 78.212 -45.297 -80.516
2 24 81.716 -41.961 -86.890 81.026 -43.323 -79.858
2 24 81.336 -44.355 -87.391 80.646 -45.716 -80.358
2 24 76.848 -41.122 -87.206 76.158 -42.483 -80.173
2 24 76.468 -43.515 -87.706 75.778 -44.877 -80.674
1 0 75.4416 -42.1081 -87.5346 1.0267 -0.6902 -1.4071 -1.4067 -1.3614 -0.9869 -0.1715 7.0326 -0.3292 3-4cyli.dat
1 0 77.8756 -42.5279 -87.3770 1.0267 -0.6902 -1.4071 -1.4067 -1.3614 -0.9869 -0.1715 7.0326 -0.3292 1-4cyli.dat
1 0 77.8756 -42.5279 -87.3770 -1.0267 -0.6902 1.4071 1.4067 -1.3614 0.9869 0.1715 7.0326 0.3292 1-4cyli.dat
1 0 80.3087 -42.9476 -87.2194 1.0267 -0.6902 -1.4071 -1.4067 -1.3614 -0.9869 -0.1715 7.0326 -0.3292 1-4cyli.dat
1 0 80.3087 -42.9476 -87.2194 -1.0267 -0.6902 1.4071 1.4067 -1.3614 0.9869 0.1715 7.0326 0.3292 1-4cyli.dat
1 0 82.7427 -43.3674 -87.0618 -1.0267 -0.6902 1.4071 1.4067 -1.3614 0.9869 0.1715 7.0326 0.3292 3-4cyli.dat
2 24 79.957 -39.687 -96.433 79.207 -41.694 -86.261
2 24 79.589 -42.082 -96.933 78.839 -44.090 -86.761
2 24 82.398 -40.083 -96.331 81.648 -42.090 -86.160
2 24 82.030 -42.479 -96.831 81.280 -44.486 -86.660
2 24 77.516 -39.290 -96.534 76.766 -41.298 -86.363
2 24 77.148 -41.686 -97.034 76.398 -43.694 -86.863
1 0 76.1123 -40.2897 -96.8352 1.0363 -0.7499 -1.4044 -1.3960 -2.0073 -0.9997 -0.1991 10.1712 -0.3008 3-4cyli.dat
1 0 78.5532 -40.6860 -96.7335 1.0363 -0.7499 -1.4044 -1.3960 -2.0073 -0.9997 -0.1991 10.1712 -0.3008 1-4cyli.dat
1 0 78.5532 -40.6860 -96.7335 -1.0363 -0.7499 1.4044 1.3960 -2.0073 0.9997 0.1991 10.1712 0.3008 1-4cyli.dat
1 0 80.9932 -41.0821 -96.6317 1.0363 -0.7499 -1.4044 -1.3960 -2.0073 -0.9997 -0.1991 10.1712 -0.3008 1-4cyli.dat
1 0 80.9932 -41.0821 -96.6317 -1.0363 -0.7499 1.4044 1.3960 -2.0073 0.9997 0.1991 10.1712 0.3008 1-4cyli.dat
1 0 83.4342 -41.4784 -96.5300 -1.0363 -0.7499 1.4044 1.3960 -2.0073 0.9997 0.1991 10.1712 0.3008 3-4cyli.dat
2 24 80.249 -38.428 -102.693 79.904 -39.842 -95.646
2 24 79.893 -40.826 -103.192 79.548 -42.241 -96.144
2 24 82.695 -38.800 -102.648 82.350 -40.215 -95.600
2 24 82.340 -41.198 -103.147 81.995 -42.613 -96.099
2 24 77.802 -38.056 -102.738 77.457 -39.470 -95.691
2 24 77.447 -40.454 -103.237 77.102 -41.868 -96.189
1 0 76.4020 -39.0686 -103.0099 1.0454 -0.3450 -1.4009 -1.3849 -1.4143 -1.0129 -0.2268 7.0475 -0.2719 3-4cyli.dat
1 0 78.8484 -39.4407 -102.9648 1.0454 -0.3450 -1.4009 -1.3849 -1.4143 -1.0129 -0.2268 7.0475 -0.2719 1-4cyli.dat
1 0 78.8484 -39.4407 -102.9648 -1.0454 -0.3450 1.4009 1.3849 -1.4143 1.0129 0.2268 7.0475 0.2719 1-4cyli.dat
1 0 81.2939 -39.8126 -102.9197 1.0454 -0.3450 -1.4009 -1.3849 -1.4143 -1.0129 -0.2268 7.0475 -0.2719 1-4cyli.dat
1 0 81.2939 -39.8126 -102.9197 -1.0454 -0.3450 1.4009 1.3849 -1.4143 1.0129 0.2268 7.0475 0.2719 1-4cyli.dat
1 0 83.7403 -40.1847 -102.8746 -1.0454 -0.3450 1.4009 1.3849 -1.4143 1.0129 0.2268 7.0475 0.2719 3-4cyli.dat
2 24 80.396 -37.172 -108.858 80.212 -38.606 -101.809
2 24 80.047 -39.572 -109.355 79.864 -41.006 -102.306
2 24 82.845 -37.526 -108.866 82.662 -38.960 -101.817
2 24 82.497 -39.926 -109.363 82.313 -41.360 -102.314
2 24 77.946 -36.819 -108.850 77.762 -38.253 -101.800
2 24 77.598 -39.218 -109.347 77.414 -40.652 -102.298
1 0 76.5477 -37.8412 -109.0944 1.0506 -0.1836 -1.3988 -1.3765 -1.4338 -1.0228 -0.2526 7.0497 -0.2445 3-4cyli.dat
1 0 78.9973 -38.1949 -109.1026 1.0506 -0.1836 -1.3988 -1.3765 -1.4338 -1.0228 -0.2526 7.0497 -0.2445 1-4cyli.dat
1 0 78.9973 -38.1949 -109.1026 -1.0506 -0.1836 1.3988 1.3765 -1.4338 1.0228 0.2526 7.0497 0.2445 1-4cyli.dat
1 0 81.4459 -38.5485 -109.1107 1.0506 -0.1836 -1.3988 -1.3765 -1.4338 -1.0228 -0.2526 7.0497 -0.2445 1-4cyli.dat
1 0 81.4459 -38.5485 -109.1107 -1.0506 -0.1836 1.3988 1.3765 -1.4338 1.0228 0.2526 7.0497 0.2445 1-4cyli.dat
1 0 83.8955 -38.9022 -109.1188 -1.0506 -0.1836 1.3988 1.3765 -1.4338 1.0228 0.2526 7.0497 0.2445 3-4cyli.dat
2 24 80.430 -36.520 -112.038 80.378 -37.322 -108.121
2 24 80.086 -38.921 -112.534 80.034 -39.723 -108.617
2 24 82.881 -36.863 -112.075 82.829 -37.665 -108.159
2 24 82.537 -39.264 -112.572 82.485 -40.066 -108.655
2 24 77.979 -36.178 -112.000 77.927 -36.980 -108.084
2 24 77.636 -38.578 -112.496 77.584 -39.380 -108.580
1 0 76.5824 -37.2059 -112.2292 1.0537 -0.0521 -1.3970 -1.3715 -0.8021 -1.0287 -0.2669 3.9165 -0.2292 3-4cyli.dat
1 0 79.0333 -37.5487 -112.2669 1.0537 -0.0521 -1.3970 -1.3715 -0.8021 -1.0287 -0.2669 3.9165 -0.2292 1-4cyli.dat
1 0 79.0333 -37.5487 -112.2669 -1.0537 -0.0521 1.3970 1.3715 -0.8021 1.0287 0.2669 3.9165 0.2292 1-4cyli.dat
1 0 81.4831 -37.8914 -112.3045 1.0537 -0.0521 -1.3970 -1.3715 -0.8021 -1.0287 -0.2669 3.9165 -0.2292 1-4cyli.dat
1 0 81.4831 -37.8914 -112.3045 -1.0537 -0.0521 1.3970 1.3715 -0.8021 1.0287 0.2669 3.9165 0.2292 1-4cyli.dat
1 0 83.9340 -38.2342 -112.3421 -1.0537 -0.0521 1.3970 1.3715 -0.8021 1.0287 0.2669 3.9165 0.2292 3-4cyli.dat
2 24 80.327 -35.210 -118.347 80.431 -36.672 -111.302
2 24 79.987 -37.611 -118.841 80.091 -39.073 -111.795
2 24 82.779 -35.536 -118.451 82.882 -36.998 -111.406
2 24 82.439 -37.937 -118.944 82.542 -39.399 -111.899
2 24 77.876 -34.884 -118.244 77.979 -36.346 -111.198
2 24 77.536 -37.286 -118.737 77.640 -38.748 -111.692
1 0 76.4809 -35.9219 -118.4387 1.0557 0.1034 -1.3954 -1.3634 -1.4620 -1.0378 -0.2984 7.0455 -0.1949 3-4cyli.dat
1 0 78.9322 -36.2475 -118.5422 1.0557 0.1034 -1.3954 -1.3634 -1.4620 -1.0378 -0.2984 7.0455 -0.1949 1-4cyli.dat
1 0 78.9322 -36.2475 -118.5422 -1.0557 0.1034 1.3954 1.3634 -1.4620 1.0378 0.2984 7.0455 0.1949 1-4cyli.dat
1 0 81.3825 -36.5730 -118.6457 1.0557 0.1034 -1.3954 -1.3634 -1.4620 -1.0378 -0.2984 7.0455 -0.1949 1-4cyli.dat
1 0 81.3825 -36.5730 -118.6457 -1.0557 0.1034 1.3954 1.3634 -1.4620 1.0378 0.2984 7.0455 0.1949 1-4cyli.dat
1 0 83.8338 -36.8986 -118.7493 -1.0557 0.1034 1.3954 1.3634 -1.4620 1.0378 0.2984 7.0455 0.1949 3-4cyli.dat
2 24 80.242 -34.598 -121.279 80.347 -35.414 -117.367
2 24 79.904 -37.000 -121.771 80.010 -37.816 -117.859
2 24 82.693 -34.915 -121.411 82.798 -35.731 -117.499
2 24 82.356 -37.317 -121.903 82.461 -38.133 -117.991
2 24 77.791 -34.281 -121.147 77.896 -35.097 -117.235
2 24 77.453 -36.683 -121.639 77.559 -37.499 -117.726
1 0 76.3970 -35.3231 -121.3269 1.0569 0.1053 -1.3940 -1.3594 -0.8161 -1.0425 -0.3120 3.9126 -0.1799 3-4cyli.dat
1 0 78.8481 -35.6400 -121.4590 1.0569 0.1053 -1.3940 -1.3594 -0.8161 -1.0425 -0.3120 3.9126 -0.1799 1-4cyli.dat
1 0 78.8481 -35.6400 -121.4590 -1.0569 0.1053 1.3940 1.3594 -0.8161 1.0425 0.3120 3.9126 0.1799 1-4cyli.dat
1 0 81.2981 -35.9568 -121.5910 1.0569 0.1053 -1.3940 -1.3594 -0.8161 -1.0425 -0.3120 3.9126 -0.1799 1-4cyli.dat
1 0 81.2981 -35.9568 -121.5910 -1.0569 0.1053 1.3940 1.3594 -0.8161 1.0425 0.3120 3.9126 0.1799 1-4cyli.dat
1 0 83.7492 -36.2738 -121.7231 -1.0569 0.1053 1.3940 1.3594 -0.8161 1.0425 0.3120 3.9126 0.1799 3-4cyli.dat
2 24 79.858 -33.268 -127.575 80.267 -34.751 -120.545
2 24 79.522 -35.671 -128.062 79.931 -37.155 -121.033
2 24 82.306 -33.567 -127.780 82.715 -35.051 -120.751
2 24 81.971 -35.971 -128.268 82.380 -37.454 -121.238
2 24 77.409 -32.968 -127.369 77.818 -34.452 -120.339
2 24 77.074 -35.371 -127.857 77.483 -36.855 -120.827
1 0 76.0183 -34.0192 -127.5098 1.0564 0.4090 -1.3916 -1.3513 -1.4838 -1.0517 -0.3467 7.0298 -0.1410 3-4cyli.dat
1 0 78.4665 -34.3189 -127.7155 1.0564 0.4090 -1.3916 -1.3513 -1.4838 -1.0517 -0.3467 7.0298 -0.1410 1-4cyli.dat
1 0 78.4665 -34.3189 -127.7155 -1.0564 0.4090 1.3916 1.3513 -1.4838 1.0517 0.3467 7.0298 0.1410 1-4cyli.dat
1 0 80.9136 -34.6185 -127.9212 1.0564 0.4090 -1.3916 -1.3513 -1.4838 -1.0517 -0.3467 7.0298 -0.1410 1-4cyli.dat
1 0 80.9136 -34.6185 -127.9212 -1.0564 0.4090 1.3916 1.3513 -1.4838 1.0517 0.3467 7.0298 0.1410 1-4cyli.dat
1 0 83.3618 -34.9182 -128.1269 -1.0564 0.4090 1.3916 1.3513 -1.4838 1.0517 0.3467 7.0298 0.1410 3-4cyli.dat
2 24 79.599 -32.594 -130.740 79.912 -33.423 -126.842
2 24 79.265 -34.998 -131.225 79.577 -35.827 -127.326
2 24 82.044 -32.882 -130.998 82.356 -33.711 -127.099
2 24 81.710 -35.286 -131.482 82.022 -36.115 -127.583
2 24 77.155 -32.306 -130.483 77.467 -33.135 -126.584
2 24 76.820 -34.710 -130.968 77.133 -35.539 -127.069
1 0 75.7656 -33.3635 -130.5968 1.0552 0.3124 -1.3893 -1.3459 -0.8290 -1.0579 -0.3707 3.8988 -0.1136 3-4cyli.dat
1 0 78.2103 -33.6516 -130.8539 1.0552 0.3124 -1.3893 -1.3459 -0.8290 -1.0579 -0.3707 3.8988 -0.1136 1-4cyli.dat
1 0 78.2103 -33.6516 -130.8539 -1.0552 0.3124 1.3893 1.3459 -0.8290 1.0579 0.3707 3.8988 0.1136 1-4cyli.dat
1 0 80.6540 -33.9395 -131.1110 1.0552 0.3124 -1.3893 -1.3459 -0.8290 -1.0579 -0.3707 3.8988 -0.1136 1-4cyli.dat
1 0 80.6540 -33.9395 -131.1110 -1.0552 0.3124 1.3893 1.3459 -0.8290 1.0579 0.3707 3.8988 0.1136 1-4cyli.dat
1 0 83.0987 -34.2276 -131.3681 -1.0552 0.3124 1.3893 1.3459 -0.8290 1.0579 0.3707 3.8988 0.1136 3-4cyli.dat
2 24 79.285 -31.938 -133.803 79.671 -32.771 -129.912
2 24 78.951 -34.343 -134.284 79.337 -35.175 -130.393
2 24 81.726 -32.217 -134.105 82.112 -33.049 -130.214
2 24 81.391 -34.622 -134.586 81.778 -35.454 -130.695
2 24 76.844 -31.660 -133.501 77.231 -32.492 -129.610
2 24 76.510 -34.064 -133.982 76.897 -34.897 -130.091
1 0 75.4574 -32.7221 -133.5908 1.0532 0.3864 -1.3873 -1.3416 -0.8324 -1.0629 -0.3916 3.8914 -0.0896 3-4cyli.dat
1 0 77.8981 -33.0008 -133.8928 1.0532 0.3864 -1.3873 -1.3416 -0.8324 -1.0629 -0.3916 3.8914 -0.0896 1-4cyli.dat
1 0 77.8981 -33.0008 -133.8928 -1.0532 0.3864 1.3873 1.3416 -0.8324 1.0629 0.3916 3.8914 0.0896 1-4cyli.dat
1 0 80.3377 -33.2793 -134.1946 1.0532 0.3864 -1.3873 -1.3416 -0.8324 -1.0629 -0.3916 3.8914 -0.0896 1-4cyli.dat
1 0 80.3377 -33.2793 -134.1946 -1.0532 0.3864 1.3873 1.3416 -0.8324 1.0629 0.3916 3.8914 0.0896 1-4cyli.dat
1 0 82.7784 -33.5580 -134.4966 -1.0532 0.3864 1.3873 1.3416 -0.8324 1.0629 0.3916 3.8914 0.0896 3-4cyli.dat
2 24 78.444 -30.589 -140.051 79.372 -32.095 -133.075
2 24 78.110 -32.995 -140.526 79.038 -34.501 -133.550
2 24 80.875 -30.852 -140.431 81.804 -32.358 -133.456
2 24 80.541 -33.258 -140.906 81.470 -34.763 -133.931
2 24 76.012 -30.326 -139.670 76.941 -31.832 -132.695
2 24 75.678 -32.732 -140.145 76.607 -34.238 -133.170
1 0 74.6300 -31.3974 -139.7175 1.0485 0.9286 -1.3827 -1.3342 -1.5059 -1.0715 -0.4276 6.9755 -0.0472 3-4cyli.dat
1 0 77.0615 -31.6602 -140.0979 1.0485 0.9286 -1.3827 -1.3342 -1.5059 -1.0715 -0.4276 6.9755 -0.0472 1-4cyli.dat
1 0 77.0615 -31.6602 -140.0979 -1.0485 0.9286 1.3827 1.3342 -1.5059 1.0715 0.4276 6.9755 0.0472 1-4cyli.dat
1 0 79.4919 -31.9228 -140.4781 1.0485 0.9286 -1.3827 -1.3342 -1.5059 -1.0715 -0.4276 6.9755 -0.0472 1-4cyli.dat
1 0 79.4919 -31.9228 -140.4781 -1.0485 0.9286 1.3827 1.3342 -1.5059 1.0715 0.4276 6.9755 0.0472 1-4cyli.dat
1 0 81.9234 -32.1855 -140.8585 -1.0485 0.9286 1.3827 1.3342 -1.5059 1.0715 0.4276 6.9755 0.0472 3-4cyli.dat
2 24 77.908 -29.907 -143.181 78.551 -30.746 -139.326
2 24 77.572 -32.314 -143.649 78.215 -33.153 -139.793
2 24 80.328 -30.156 -143.639 80.971 -30.995 -139.783
2 24 79.992 -32.563 -144.107 80.635 -33.402 -140.251
2 24 75.489 -29.658 -142.724 76.132 -30.497 -138.868
2 24 75.153 -32.065 -143.191 75.796 -32.904 -139.336
1 0 74.1114 -30.7369 -142.7286 1.0417 0.6433 -1.3777 -1.3278 -0.8392 -1.0790 -0.4628 3.8558 -0.0050 3-4cyli.dat
1 0 76.5310 -30.9857 -143.1864 1.0417 0.6433 -1.3777 -1.3278 -0.8392 -1.0790 -0.4628 3.8558 -0.0050 1-4cyli.dat
1 0 76.5310 -30.9857 -143.1864 -1.0417 0.6433 1.3777 1.3278 -0.8392 1.0790 0.4628 3.8558 0.0050 1-4cyli.dat
1 0 78.9495 -31.2345 -143.6440 1.0417 0.6433 -1.3777 -1.3278 -0.8392 -1.0790 -0.4628 3.8558 -0.0050 1-4cyli.dat
1 0 78.9495 -31.2345 -143.6440 -1.0417 0.6433 1.3777 1.3278 -0.8392 1.0790 0.4628 3.8558 0.0050 1-4cyli.dat
1 0 81.3690 -31.4833 -144.1018 -1.0417 0.6433 1.3777 1.3278 -0.8392 1.0790 0.4628 3.8558 0.0050 3-4cyli.dat
2 24 77.326 -29.246 -146.204 78.058 -30.086 -142.365
2 24 76.988 -31.653 -146.667 77.721 -32.493 -142.827
2 24 79.735 -29.485 -146.716 80.468 -30.325 -142.877
2 24 79.398 -31.893 -147.179 80.130 -32.733 -143.339
2 24 74.916 -29.006 -145.692 75.649 -29.846 -141.853
2 24 74.579 -31.414 -146.155 75.311 -32.254 -142.315
1 0 73.5432 -30.0901 -145.6676 1.0360 0.7324 -1.3734 -1.3235 -0.8400 -1.0842 -0.4872 3.8397 0.0248 3-4cyli.dat
1 0 75.9528 -30.3294 -146.1796 1.0360 0.7324 -1.3734 -1.3235 -0.8400 -1.0842 -0.4872 3.8397 0.0248 1-4cyli.dat
1 0 75.9528 -30.3294 -146.1796 -1.0360 0.7324 1.3734 1.3235 -0.8400 1.0842 0.4872 3.8397 -0.0248 1-4cyli.dat
1 0 78.3615 -30.5687 -146.6914 1.0360 0.7324 -1.3734 -1.3235 -0.8400 -1.0842 -0.4872 3.8397 0.0248 1-4cyli.dat
1 0 78.3615 -30.5687 -146.6914 -1.0360 0.7324 1.3734 1.3235 -0.8400 1.0842 0.4872 3.8397 -0.0248 1-4cyli.dat
1 0 80.7711 -30.8080 -147.2034 -1.0360 0.7324 1.3734 1.3235 -0.8400 1.0842 0.4872 3.8397 -0.0248 3-4cyli.dat
2 24 76.648 -28.584 -149.208 77.491 -29.424 -145.391
2 24 76.309 -30.993 -149.664 77.152 -31.833 -145.847
2 24 79.043 -28.812 -149.788 79.886 -29.652 -145.971
2 24 78.704 -31.221 -150.243 79.547 -32.061 -146.426
2 24 74.252 -28.356 -148.629 75.096 -29.196 -144.812
2 24 73.913 -30.766 -149.084 74.757 -31.605 -145.267
1 0 72.8855 -29.4467 -148.5668 1.0281 0.8434 -1.3671 -1.3182 -0.8399 -1.0906 -0.5172 3.8169 0.0621 3-4cyli.dat
1 0 75.2809 -29.6744 -149.1462 1.0281 0.8434 -1.3671 -1.3182 -0.8399 -1.0906 -0.5172 3.8169 0.0621 1-4cyli.dat
1 0 75.2809 -29.6744 -149.1462 -1.0281 0.8434 1.3671 1.3182 -0.8399 1.0906 0.5172 3.8169 -0.0621 1-4cyli.dat
1 0 77.6754 -29.9020 -149.7254 1.0281 0.8434 -1.3671 -1.3182 -0.8399 -1.0906 -0.5172 3.8169 0.0621 1-4cyli.dat
1 0 77.6754 -29.9020 -149.7254 -1.0281 0.8434 1.3671 1.3182 -0.8399 1.0906 0.5172 3.8169 -0.0621 1-4cyli.dat
1 0 80.0708 -30.1296 -150.3048 -1.0281 0.8434 1.3671 1.3182 -0.8399 1.0906 0.5172 3.8169 -0.0621 3-4cyli.dat
2 24 75.892 -27.924 -152.194 76.843 -28.762 -148.402
2 24 75.551 -30.334 -152.641 76.502 -31.173 -148.850
2 24 78.272 -28.141 -152.839 79.223 -28.979 -149.047
2 24 77.931 -30.551 -153.286 78.882 -31.390 -149.494
2 24 73.513 -27.707 -151.549 74.464 -28.546 -147.757
2 24 73.172 -30.117 -151.997 74.123 -30.956 -148.205
1 0 72.1528 -28.8031 -151.4504 1.0193 0.9509 -1.3602 -1.3134 -0.8387 -1.0966 -0.5461 3.7918 0.0986 3-4cyli.dat
1 0 74.5325 -29.0200 -152.0952 1.0193 0.9509 -1.3602 -1.3134 -0.8387 -1.0966 -0.5461 3.7918 0.0986 1-4cyli.dat
1 0 74.5325 -29.0200 -152.0952 -1.0193 0.9509 1.3602 1.3134 -0.8387 1.0966 0.5461 3.7918 -0.0986 1-4cyli.dat
1 0 76.9112 -29.2368 -152.7397 1.0193 0.9509 -1.3602 -1.3134 -0.8387 -1.0966 -0.5461 3.7918 0.0986 1-4cyli.dat
1 0 76.9112 -29.2368 -152.7397 -1.0193 0.9509 1.3602 1.3134 -0.8387 1.0966 0.5461 3.7918 -0.0986 1-4cyli.dat
1 0 79.2909 -29.4536 -153.3844 -1.0193 0.9509 1.3602 1.3134 -0.8387 1.0966 0.5461 3.7918 -0.0986 3-4cyli.dat
2 24 75.043 -27.265 -155.155 76.104 -28.102 -151.392
2 24 74.700 -29.677 -155.594 75.761 -30.513 -151.831
2 24 77.405 -27.472 -155.866 78.466 -28.308 -152.103
2 24 77.062 -29.883 -156.306 78.123 -30.719 -152.543
2 24 72.682 -27.059 -154.443 73.743 -27.896 -150.680
2 24 72.339 -29.471 -154.882 73.400 -30.307 -151.119
1 0 71.3302 -28.1612 -154.3070 1.0092 1.0609 -1.3521 -1.3087 -0.8364 -1.1025 -0.5754 3.7630 0.1361 3-4cyli.dat
1 0 73.6917 -28.3675 -155.0186 1.0092 1.0609 -1.3521 -1.3087 -0.8364 -1.1025 -0.5754 3.7630 0.1361 1-4cyli.dat
1 0 73.6917 -28.3675 -155.0186 -1.0092 1.0609 1.3521 1.3087 -0.8364 1.1025 0.5754 3.7630 -0.1361 1-4cyli.dat
1 0 76.0522 -28.5737 -155.7299 1.0092 1.0609 -1.3521 -1.3087 -0.8364 -1.1025 -0.5754 3.7630 0.1361 1-4cyli.dat
1 0 76.0522 -28.5737 -155.7299 -1.0092 1.0609 1.3521 1.3087 -0.8364 1.1025 0.5754 3.7630 -0.1361 1-4cyli.dat
1 0 78.4137 -28.7799 -156.4415 -1.0092 1.0609 1.3521 1.3087 -0.8364 1.1025 0.5754 3.7630 -0.1361 3-4cyli.dat
2 24 74.004 -26.558 -158.316 75.216 -27.390 -154.597
2 24 73.659 -28.972 -158.743 74.871 -29.803 -155.024
2 24 76.337 -26.750 -159.119 77.549 -27.581 -155.400
2 24 75.992 -29.163 -159.546 77.204 -29.995 -155.828
2 24 71.671 -26.367 -157.513 72.882 -27.199 -153.794
2 24 71.326 -28.780 -157.940 72.537 -29.612 -154.221
1 0 70.3322 -27.4775 -157.3247 0.9940 1.2115 -1.3390 -1.3022 -0.8316 -1.1109 -0.6151 3.7183 0.1878 3-4cyli.dat
1 0 72.6655 -27.6689 -158.1277 0.9940 1.2115 -1.3390 -1.3022 -0.8316 -1.1109 -0.6151 3.7183 0.1878 1-4cyli.dat
1 0 72.6655 -27.6689 -158.1277 -0.9940 1.2115 1.3390 1.3022 -0.8316 1.1109 0.6151 3.7183 -0.1878 1-4cyli.dat
1 0 74.9978 -27.8602 -158.9304 0.9940 1.2115 -1.3390 -1.3022 -0.8316 -1.1109 -0.6151 3.7183 0.1878 1-4cyli.dat
1 0 74.9978 -27.8602 -158.9304 -0.9940 1.2115 1.3390 1.3022 -0.8316 1.1109 0.6151 3.7183 -0.1878 1-4cyli.dat
1 0 77.3311 -28.0517 -159.7334 -0.9940 1.2115 1.3390 1.3022 -0.8316 1.1109 0.6151 3.7183 -0.1878 3-4cyli.dat
2 24 72.952 -25.908 -161.213 74.279 -26.734 -157.533
2 24 72.605 -28.322 -161.631 73.932 -29.149 -157.951
2 24 75.261 -26.089 -162.086 76.588 -26.915 -158.407
2 24 74.914 -28.503 -162.504 76.241 -29.330 -158.824
2 24 70.644 -25.727 -160.340 71.971 -26.553 -156.660
2 24 70.296 -28.141 -160.757 71.623 -28.968 -157.077
1 0 69.3161 -26.8429 -160.1121 0.9807 1.3269 -1.3279 -1.2978 -0.8266 -1.1167 -0.6452 3.6798 0.2280 3-4cyli.dat
1 0 71.6249 -27.0240 -160.9853 0.9807 1.3269 -1.3279 -1.2978 -0.8266 -1.1167 -0.6452 3.6798 0.2280 1-4cyli.dat
1 0 71.6249 -27.0240 -160.9853 -0.9807 1.3269 1.3279 1.2978 -0.8266 1.1167 0.6452 3.6798 -0.2280 1-4cyli.dat
1 0 73.9327 -27.2050 -161.8582 0.9807 1.3269 -1.3279 -1.2978 -0.8266 -1.1167 -0.6452 3.6798 0.2280 1-4cyli.dat
1 0 73.9327 -27.2050 -161.8582 -0.9807 1.3269 1.3279 1.2978 -0.8266 1.1167 0.6452 3.6798 -0.2280 1-4cyli.dat
1 0 76.2415 -27.3861 -162.7314 -0.9807 1.3269 1.3279 1.2978 -0.8266 1.1167 0.6452 3.6798 -0.2280 3-4cyli.dat
2 24 71.752 -25.265 -164.058 73.249 -26.082 -160.442
2 24 71.403 -27.682 -164.460 72.900 -28.499 -160.843
2 24 74.020 -25.430 -165.034 75.517 -26.247 -161.418
2 24 73.672 -27.847 -165.436 75.168 -28.664 -161.820
2 24 69.484 -25.100 -163.082 70.980 -25.917 -159.465
2 24 69.135 -27.517 -163.484 70.632 -28.334 -159.867
1 0 68.1755 -26.2254 -162.7947 0.9598 1.4967 -1.3084 -1.2909 -0.8172 -1.1260 -0.6889 3.6163 0.2871 3-4cyli.dat
1 0 70.4439 -26.3903 -163.7708 0.9598 1.4967 -1.3084 -1.2909 -0.8172 -1.1260 -0.6889 3.6163 0.2871 1-4cyli.dat
1 0 70.4439 -26.3903 -163.7708 -0.9598 1.4967 1.3084 1.2909 -0.8172 1.1260 0.6889 3.6163 -0.2871 1-4cyli.dat
1 0 72.7114 -26.5552 -164.7465 0.9598 1.4967 -1.3084 -1.2909 -0.8172 -1.1260 -0.6889 3.6163 0.2871 1-4cyli.dat
1 0 72.7114 -26.5552 -164.7465 -0.9598 1.4967 1.3084 1.2909 -0.8172 1.1260 0.6889 3.6163 -0.2871 1-4cyli.dat
1 0 74.9798 -26.7202 -165.7226 -0.9598 1.4967 1.3084 1.2909 -0.8172 1.1260 0.6889 3.6163 -0.2871 3-4cyli.dat
2 24 70.319 -24.581 -167.069 71.991 -25.386 -163.527
2 24 69.970 -27.001 -167.454 71.641 -27.805 -163.912
2 24 72.540 -24.729 -168.151 74.212 -25.534 -164.609
2 24 72.191 -27.149 -168.536 73.862 -27.954 -164.994
2 24 68.098 -24.432 -165.987 69.770 -25.237 -162.445
2 24 67.749 -26.852 -166.372 69.420 -27.657 -162.830
1 0 66.8137 -25.5671 -165.6384 0.9356 1.6716 -1.2851 -1.2841 -0.8047 -1.1354 -0.7334 3.5417 0.3486 3-4cyli.dat
1 0 69.0346 -25.7158 -166.7204 0.9356 1.6716 -1.2851 -1.2841 -0.8047 -1.1354 -0.7334 3.5417 0.3486 1-4cyli.dat
1 0 69.0346 -25.7158 -166.7204 -0.9356 1.6716 1.2851 1.2841 -0.8047 1.1354 0.7334 3.5417 -0.3486 1-4cyli.dat
1 0 71.2547 -25.8645 -167.8021 0.9356 1.6716 -1.2851 -1.2841 -0.8047 -1.1354 -0.7334 3.5417 0.3486 1-4cyli.dat
1 0 71.2547 -25.8645 -167.8021 -0.9356 1.6716 1.2851 1.2841 -0.8047 1.1354 0.7334 3.5417 -0.3486 1-4cyli.dat
1 0 73.4756 -26.0132 -168.8841 -0.9356 1.6716 1.2851 1.2841 -0.8047 1.1354 0.7334 3.5417 -0.3486 3-4cyli.dat
2 24 68.848 -23.960 -169.789 70.701 -24.749 -166.335
2 24 68.498 -26.382 -170.155 70.351 -27.171 -166.701
2 24 71.013 -24.092 -170.981 72.866 -24.881 -167.527
2 24 70.664 -26.515 -171.347 72.516 -27.304 -167.893
2 24 66.683 -23.827 -168.598 68.535 -24.616 -165.144
2 24 66.333 -26.250 -168.964 68.186 -27.039 -165.510
1 0 65.4259 -24.9722 -168.1852 0.9078 1.8527 -1.2572 -1.2774 -0.7890 -1.1451 -0.7787 3.4540 0.4128 3-4cyli.dat
1 0 67.5911 -25.1045 -169.3768 0.9078 1.8527 -1.2572 -1.2774 -0.7890 -1.1451 -0.7787 3.4540 0.4128 1-4cyli.dat
1 0 67.5911 -25.1045 -169.3768 -0.9078 1.8527 1.2572 1.2774 -0.7890 1.1451 0.7787 3.4540 -0.4128 1-4cyli.dat
1 0 69.7554 -25.2367 -170.5679 0.9078 1.8527 -1.2572 -1.2774 -0.7890 -1.1451 -0.7787 3.4540 0.4128 1-4cyli.dat
1 0 69.7554 -25.2367 -170.5679 -0.9078 1.8527 1.2572 1.2774 -0.7890 1.1451 0.7787 3.4540 -0.4128 1-4cyli.dat
1 0 71.9207 -25.3689 -171.7595 -0.9078 1.8527 1.2572 1.2774 -0.7890 1.1451 0.7787 3.4540 -0.4128 3-4cyli.dat
2 24 67.229 -23.354 -172.429 69.256 -24.125 -169.070
2 24 66.881 -25.780 -172.776 68.907 -26.551 -169.416
2 24 69.334 -23.471 -173.725 71.361 -24.242 -170.366
2 24 68.986 -25.897 -174.072 71.012 -26.668 -170.713
2 24 65.124 -23.237 -171.132 67.151 -24.008 -167.773
2 24 64.776 -25.663 -171.479 66.802 -26.434 -168.120
1 0 63.8982 -24.3910 -170.6576 0.8782 2.0262 -1.2266 -1.2713 -0.7710 -1.1543 -0.8215 3.3594 0.4749 3-4cyli.dat
1 0 66.0032 -24.5080 -171.9541 0.8782 2.0262 -1.2266 -1.2713 -0.7710 -1.1543 -0.8215 3.3594 0.4749 1-4cyli.dat
1 0 66.0032 -24.5080 -171.9541 -0.8782 2.0262 1.2266 1.2713 -0.7710 1.1543 0.8215 3.3594 -0.4749 1-4cyli.dat
1 0 68.1074 -24.6250 -173.2501 0.8782 2.0262 -1.2266 -1.2713 -0.7710 -1.1543 -0.8215 3.3594 0.4749 1-4cyli.dat
1 0 68.1074 -24.6250 -173.2501 -0.8782 2.0262 1.2266 1.2713 -0.7710 1.1543 0.8215 3.3594 -0.4749 1-4cyli.dat
1 0 70.2123 -24.7421 -174.5466 -0.8782 2.0262 1.2266 1.2713 -0.7710 1.1543 0.8215 3.3594 -0.4749 3-4cyli.dat
2 24 65.465 -22.767 -174.979 67.687 -23.514 -171.740
2 24 65.120 -25.196 -175.303 67.342 -25.943 -172.064
2 24 67.494 -22.866 -176.394 69.716 -23.613 -173.155
2 24 67.149 -25.296 -176.717 69.371 -26.043 -173.478
2 24 63.437 -22.667 -173.565 65.659 -23.414 -170.326
2 24 63.092 -25.096 -173.888 65.314 -25.843 -170.649
1 0 62.2505 -23.8311 -173.0193 0.8416 2.2218 -1.1867 -1.2645 -0.7471 -1.1647 -0.8690 3.2390 0.5454 3-4cyli.dat
1 0 64.2790 -23.9308 -174.4338 0.8416 2.2218 -1.1867 -1.2645 -0.7471 -1.1647 -0.8690 3.2390 0.5454 1-4cyli.dat
1 0 64.2790 -23.9308 -174.4338 -0.8416 2.2218 1.1867 1.2645 -0.7471 1.1647 0.8690 3.2390 -0.5454 1-4cyli.dat
1 0 66.3067 -24.0306 -175.8477 0.8416 2.2218 -1.1867 -1.2645 -0.7471 -1.1647 -0.8690 3.2390 0.5454 1-4cyli.dat
1 0 66.3067 -24.0306 -175.8477 -0.8416 2.2218 1.1867 1.2645 -0.7471 1.1647 0.8690 3.2390 -0.5454 1-4cyli.dat
1 0 68.3352 -24.1303 -177.2622 -0.8416 2.2218 1.1867 1.2645 -0.7471 1.1647 0.8690 3.2390 -0.5454 3-4cyli.dat
2 24 63.517 -22.205 -177.401 65.953 -22.922 -174.312
2 24 63.179 -24.639 -177.699 65.614 -25.355 -174.609
2 24 65.451 -22.286 -178.944 67.886 -23.002 -175.855
2 24 65.112 -24.720 -179.241 67.547 -25.436 -176.152
2 24 61.584 -22.124 -175.858 64.019 -22.841 -172.769
2 24 61.245 -24.558 -176.156 63.680 -25.274 -173.066
1 0 60.4482 -23.3003 -175.2358 0.7973 2.4351 -1.1361 -1.2571 -0.7162 -1.1763 -0.9199 3.0891 0.6229 3-4cyli.dat
1 0 62.3817 -23.3812 -176.7787 0.7973 2.4351 -1.1361 -1.2571 -0.7162 -1.1763 -0.9199 3.0891 0.6229 1-4cyli.dat
1 0 62.3817 -23.3812 -176.7787 -0.7973 2.4351 1.1361 1.2571 -0.7162 1.1763 0.9199 3.0891 -0.6229 1-4cyli.dat
1 0 64.3145 -23.4620 -178.3210 0.7973 2.4351 -1.1361 -1.2571 -0.7162 -1.1763 -0.9199 3.0891 0.6229 1-4cyli.dat
1 0 64.3145 -23.4620 -178.3210 -0.7973 2.4351 1.1361 1.2571 -0.7162 1.1763 0.9199 3.0891 -0.6229 1-4cyli.dat
1 0 66.2480 -23.5429 -179.8639 -0.7973 2.4351 1.1361 1.2571 -0.7162 1.1763 0.9199 3.0891 -0.6229 3-4cyli.dat
2 24 61.250 -21.628 -179.880 63.897 -22.308 -176.962
2 24 60.920 -24.067 -180.149 63.567 -24.747 -177.231
2 24 63.075 -21.691 -181.550 65.722 -22.371 -178.632
2 24 62.745 -24.129 -181.819 65.392 -24.809 -178.901
2 24 59.424 -21.566 -178.210 62.071 -22.246 -175.292
2 24 59.095 -24.004 -178.479 61.742 -24.684 -175.561
1 0 58.3472 -22.7534 -177.5096 0.7478 2.6469 -1.0775 -1.2502 -0.6800 -1.1877 -0.9696 2.9184 0.7005 3-4cyli.dat
1 0 60.1726 -22.8158 -179.1798 0.7478 2.6469 -1.0775 -1.2502 -0.6800 -1.1877 -0.9696 2.9184 0.7005 1-4cyli.dat
1 0 60.1726 -22.8158 -179.1798 -0.7478 2.6469 1.0775 1.2502 -0.6800 1.1877 0.9696 2.9184 -0.7005 1-4cyli.dat
1 0 61.9973 -22.8783 -180.8493 0.7478 2.6469 -1.0775 -1.2502 -0.6800 -1.1877 -0.9696 2.9184 0.7005 1-4cyli.dat
1 0 61.9973 -22.8783 -180.8493 -0.7478 2.6469 1.0775 1.2502 -0.6800 1.1877 0.9696 2.9184 -0.7005 1-4cyli.dat
1 0 63.8227 -22.9408 -182.5195 -0.7478 2.6469 1.0775 1.2502 -0.6800 1.1877 0.9696 2.9184 -0.7005 3-4cyli.dat
2 24 58.966 -21.131 -182.009 61.839 -21.765 -179.302
2 24 58.651 -23.574 -182.247 61.524 -24.208 -179.539
2 24 60.658 -21.174 -183.815 63.531 -21.808 -181.107
2 24 60.343 -23.617 -184.052 63.216 -24.251 -181.345
2 24 57.274 -21.088 -180.203 60.147 -21.722 -177.496
2 24 56.959 -23.531 -180.441 59.831 -24.165 -177.734
1 0 56.2706 -22.2876 -179.4197 0.6883 2.8729 -1.0037 -1.2430 -0.6341 -1.2001 -1.0215 2.7074 0.7840 3-4cyli.dat
1 0 57.9628 -22.3304 -181.2253 0.6883 2.8729 -1.0037 -1.2430 -0.6341 -1.2001 -1.0215 2.7074 0.7840 1-4cyli.dat
1 0 57.9628 -22.3304 -181.2253 -0.6883 2.8729 1.0037 1.2430 -0.6341 1.2001 1.0215 2.7074 -0.7840 1-4cyli.dat
1 0 59.6543 -22.3733 -183.0302 0.6883 2.8729 -1.0037 -1.2430 -0.6341 -1.2001 -1.0215 2.7074 0.7840 1-4cyli.dat
1 0 59.6543 -22.3733 -183.0302 -0.6883 2.8729 1.0037 1.2430 -0.6341 1.2001 1.0215 2.7074 -0.7840 1-4cyli.dat
1 0 61.3465 -22.4161 -184.8359 -0.6883 2.8729 1.0037 1.2430 -0.6341 1.2001 1.0215 2.7074 -0.7840 3-4cyli.dat
2 24 56.513 -20.674 -183.952 59.586 -21.260 -181.463
2 24 56.214 -23.122 -184.159 59.288 -23.708 -181.670
2 24 58.068 -20.701 -185.878 61.141 -21.286 -183.388
2 24 57.769 -23.149 -186.085 60.842 -23.735 -183.596
2 24 54.958 -20.648 -182.026 58.032 -21.234 -179.537
2 24 54.660 -23.096 -182.234 57.733 -23.682 -179.744
1 0 54.0321 -21.8582 -181.1676 0.6280 3.0733 -0.9266 -1.2372 -0.5857 -1.2108 -1.0664 2.4894 0.8590 3-4cyli.dat
1 0 55.5868 -21.8847 -183.0932 0.6280 3.0733 -0.9266 -1.2372 -0.5857 -1.2108 -1.0664 2.4894 0.8590 1-4cyli.dat
1 0 55.5868 -21.8847 -183.0932 -0.6280 3.0733 0.9266 1.2372 -0.5857 1.2108 1.0664 2.4894 -0.8590 1-4cyli.dat
1 0 57.1409 -21.9111 -185.0180 0.6280 3.0733 -0.9266 -1.2372 -0.5857 -1.2108 -1.0664 2.4894 0.8590 1-4cyli.dat
1 0 57.1409 -21.9111 -185.0180 -0.6280 3.0733 0.9266 1.2372 -0.5857 1.2108 1.0664 2.4894 -0.8590 1-4cyli.dat
1 0 58.6956 -21.9376 -186.9435 -0.6280 3.0733 0.9266 1.2372 -0.5857 1.2108 1.0664 2.4894 -0.8590 3-4cyli.dat
2 24 53.927 -20.257 -185.722 57.185 -20.790 -183.467
2 24 53.649 -22.710 -185.900 56.907 -23.243 -183.645
2 24 55.334 -20.269 -187.758 58.592 -20.802 -185.503
2 24 55.056 -22.722 -187.936 58.314 -23.255 -185.681
2 24 52.520 -20.245 -183.686 55.778 -20.778 -181.431
2 24 52.241 -22.698 -183.864 55.500 -23.231 -181.609
1 0 51.6773 -21.4647 -182.7574 0.5644 3.2583 -0.8426 -1.2324 -0.5329 -1.2203 -1.1067 2.2550 0.9291 3-4cyli.dat
1 0 53.0845 -21.4768 -184.7935 0.5644 3.2583 -0.8426 -1.2324 -0.5329 -1.2203 -1.1067 2.2550 0.9291 1-4cyli.dat
1 0 53.0845 -21.4768 -184.7935 -0.5644 3.2583 0.8426 1.2324 -0.5329 1.2203 1.1067 2.2550 -0.9291 1-4cyli.dat
1 0 54.4911 -21.4889 -186.8287 0.5644 3.2583 -0.8426 -1.2324 -0.5329 -1.2203 -1.1067 2.2550 0.9291 1-4cyli.dat
1 0 54.4911 -21.4889 -186.8287 -0.5644 3.2583 0.8426 1.2324 -0.5329 1.2203 1.1067 2.2550 -0.9291 1-4cyli.dat
1 0 55.8982 -21.5011 -188.8647 -0.5644 3.2583 0.8426 1.2324 -0.5329 1.2203 1.1067 2.2550 -0.9291 3-4cyli.dat
2 24 51.179 -19.894 -187.252 54.624 -20.363 -185.277
2 24 50.928 -22.352 -187.399 54.373 -22.821 -185.423
2 24 52.411 -19.892 -189.399 55.855 -20.361 -187.424
2 24 52.160 -22.350 -189.546 55.604 -22.819 -187.570
2 24 49.948 -19.897 -185.106 53.392 -20.365 -183.130
2 24 49.697 -22.354 -185.252 53.141 -22.823 -183.277
1 0 49.2069 -21.1260 -184.1055 0.4903 3.4444 -0.7411 -1.2279 -0.4690 -1.2299 -1.1465 1.9752 1.0003 3-4cyli.dat
1 0 50.4383 -21.1240 -186.2525 0.4903 3.4444 -0.7411 -1.2279 -0.4690 -1.2299 -1.1465 1.9752 1.0003 1-4cyli.dat
1 0 50.4383 -21.1240 -186.2525 -0.4903 3.4444 0.7411 1.2279 -0.4690 1.2299 1.1465 1.9752 -1.0003 1-4cyli.dat
1 0 51.6693 -21.1219 -188.3985 0.4903 3.4444 -0.7411 -1.2279 -0.4690 -1.2299 -1.1465 1.9752 1.0003 1-4cyli.dat
1 0 51.6693 -21.1219 -188.3985 -0.4903 3.4444 0.7411 1.2279 -0.4690 1.2299 1.1465 1.9752 -1.0003 1-4cyli.dat
1 0 52.9007 -21.1199 -190.5454 -0.4903 3.4444 0.7411 1.2279 -0.4690 1.2299 1.1465 1.9752 -1.0003 3-4cyli.dat
2 24 48.087 -19.558 -188.666 51.696 -19.958 -186.992
2 24 47.869 -22.021 -188.782 51.477 -22.420 -187.108
2 24 49.130 -19.545 -190.910 52.739 -19.944 -189.236
2 24 48.911 -22.008 -191.027 52.520 -22.407 -189.353
2 24 47.044 -19.572 -186.421 50.653 -19.971 -184.747
2 24 46.826 -22.034 -186.537 50.435 -22.434 -184.863
1 0 46.4140 -20.8093 -185.3575 0.4121 3.6088 -0.6306 -1.2245 -0.3993 -1.2379 -1.1803 1.6741 1.0641 3-4cyli.dat
1 0 47.4567 -20.7959 -187.6020 0.4121 3.6088 -0.6306 -1.2245 -0.3993 -1.2379 -1.1803 1.6741 1.0641 1-4cyli.dat
1 0 47.4567 -20.7959 -187.6020 -0.4121 3.6088 0.6306 1.2245 -0.3993 1.2379 1.1803 1.6741 -1.0641 1-4cyli.dat
1 0 48.4990 -20.7825 -189.8457 0.4121 3.6088 -0.6306 -1.2245 -0.3993 -1.2379 -1.1803 1.6741 1.0641 1-4cyli.dat
1 0 48.4990 -20.7825 -189.8457 -0.4121 3.6088 0.6306 1.2245 -0.3993 1.2379 1.1803 1.6741 -1.0641 1-4cyli.dat
1 0 49.5418 -20.7691 -192.0903 -0.4121 3.6088 0.6306 1.2245 -0.3993 1.2379 1.1803 1.6741 -1.0641 3-4cyli.dat
2 24 45.127 -19.299 -189.755 48.859 -19.633 -188.359
2 24 44.941 -21.765 -189.846 48.672 -22.099 -188.450
2 24 45.996 -19.279 -192.072 49.728 -19.613 -190.677
2 24 45.809 -21.745 -192.163 49.541 -22.079 -190.768
2 24 44.259 -19.319 -187.437 47.991 -19.653 -186.042
2 24 44.072 -21.785 -187.528 47.804 -22.119 -186.133
1 0 43.7316 -20.5610 -186.3243 0.3408 3.7318 -0.5275 -1.2231 -0.3342 -1.2429 -1.2042 1.3954 1.1132 3-4cyli.dat
1 0 44.6000 -20.5413 -188.6418 0.3408 3.7318 -0.5275 -1.2231 -0.3342 -1.2429 -1.2042 1.3954 1.1132 1-4cyli.dat
1 0 44.6000 -20.5413 -188.6418 -0.3408 3.7318 0.5275 1.2231 -0.3342 1.2429 1.2042 1.3954 -1.1132 1-4cyli.dat
1 0 45.4680 -20.5215 -190.9585 0.3408 3.7318 -0.5275 -1.2231 -0.3342 -1.2429 -1.2042 1.3954 1.1132 1-4cyli.dat
1 0 45.4680 -20.5215 -190.9585 -0.3408 3.7318 0.5275 1.2231 -0.3342 1.2429 1.2042 1.3954 -1.1132 1-4cyli.dat
1 0 46.3364 -20.5017 -193.2760 -0.3408 3.7318 0.5275 1.2231 -0.3342 1.2429 1.2042 1.3954 -1.1132 3-4cyli.dat
2 24 42.079 -19.099 -190.589 45.914 -19.363 -189.491
2 24 41.928 -21.569 -190.657 45.764 -21.833 -189.558
2 24 42.762 -19.075 -192.968 46.597 -19.340 -191.869
2 24 42.611 -21.545 -193.036 46.447 -21.809 -191.937
2 24 41.396 -19.123 -188.210 45.232 -19.387 -187.112
2 24 41.246 -21.592 -188.278 45.081 -21.856 -187.180
1 0 40.9797 -20.3689 -187.0551 0.2661 3.8353 -0.4167 -1.2228 -0.2641 -1.2465 -1.2232 1.0984 1.1554 3-4cyli.dat
1 0 41.6625 -20.3452 -189.4339 0.2661 3.8353 -0.4167 -1.2228 -0.2641 -1.2465 -1.2232 1.0984 1.1554 1-4cyli.dat
1 0 41.6625 -20.3452 -189.4339 -0.2661 3.8353 0.4167 1.2228 -0.2641 1.2465 1.2232 1.0984 -1.1554 1-4cyli.dat
1 0 42.3451 -20.3215 -191.8118 0.2661 3.8353 -0.4167 -1.2228 -0.2641 -1.2465 -1.2232 1.0984 1.1554 1-4cyli.dat
1 0 42.3451 -20.3215 -191.8118 -0.2661 3.8353 0.4167 1.2228 -0.2641 1.2465 1.2232 1.0984 -1.1554 1-4cyli.dat
1 0 43.0280 -20.2979 -194.1906 -0.2661 3.8353 0.4167 1.2228 -0.2641 1.2465 1.2232 1.0984 -1.1554 3-4cyli.dat
2 24 38.986 -18.944 -191.235 42.891 -19.146 -190.400
2 24 38.869 -21.416 -191.284 42.774 -21.618 -190.449
2 24 39.505 -18.921 -193.655 43.410 -19.122 -192.820
2 24 39.388 -21.393 -193.704 43.293 -21.594 -192.869
2 24 38.468 -18.968 -188.815 42.373 -19.169 -187.980
2 24 38.351 -21.440 -188.864 42.256 -21.641 -188.029
1 0 38.1501 -20.2149 -187.6299 0.2007 3.9049 -0.3177 -1.2241 -0.2014 -1.2475 -1.2344 0.8347 1.1854 3-4cyli.dat
1 0 38.6686 -20.1915 -190.0499 0.2007 3.9049 -0.3177 -1.2241 -0.2014 -1.2475 -1.2344 0.8347 1.1854 1-4cyli.dat
1 0 38.6686 -20.1915 -190.0499 -0.2007 3.9049 0.3177 1.2241 -0.2014 1.2475 1.2344 0.8347 -1.1854 1-4cyli.dat
1 0 39.1869 -20.1680 -192.4688 0.2007 3.9049 -0.3177 -1.2241 -0.2014 -1.2475 -1.2344 0.8347 1.1854 1-4cyli.dat
1 0 39.1869 -20.1680 -192.4688 -0.2007 3.9049 0.3177 1.2241 -0.2014 1.2475 1.2344 0.8347 -1.1854 1-4cyli.dat
1 0 39.7054 -20.1446 -194.8888 -0.2007 3.9049 0.3177 1.2241 -0.2014 1.2475 1.2344 0.8347 -1.1854 3-4cyli.dat
2 24 35.853 -18.843 -191.659 39.807 -18.982 -191.084
2 24 35.770 -21.316 -191.692 39.724 -21.455 -191.117
2 24 36.210 -18.822 -194.108 40.164 -18.961 -193.533
2 24 36.127 -21.295 -194.141 40.081 -21.435 -193.566
2 24 35.496 -18.863 -189.210 39.450 -19.003 -188.635
2 24 35.413 -21.337 -189.243 39.368 -21.476 -188.668
1 0 35.2762 -20.1099 -188.0027 0.1373 3.9541 -0.2196 -1.2262 -0.1392 -1.2470 -1.2409 0.5751 1.2080 3-4cyli.dat
1 0 35.6331 -20.0892 -190.4518 0.1373 3.9541 -0.2196 -1.2262 -0.1392 -1.2470 -1.2409 0.5751 1.2080 1-4cyli.dat
1 0 35.6331 -20.0892 -190.4518 -0.1373 3.9541 0.2196 1.2262 -0.1392 1.2470 1.2409 0.5751 -1.2080 1-4cyli.dat
1 0 35.9899 -20.0685 -192.8998 0.1373 3.9541 -0.2196 -1.2262 -0.1392 -1.2470 -1.2409 0.5751 1.2080 1-4cyli.dat
1 0 35.9899 -20.0685 -192.8998 -0.1373 3.9541 0.2196 1.2262 -0.1392 1.2470 1.2409 0.5751 -1.2080 1-4cyli.dat
1 0 36.3468 -20.0477 -195.3488 -0.1373 3.9541 0.2196 1.2262 -0.1392 1.2470 1.2409 0.5751 -1.2080 3-4cyli.dat
2 24 32.448 -18.784 -191.907 36.434 -18.858 -191.599
2 24 32.403 -21.258 -191.927 36.389 -21.333 -191.619
2 24 32.639 -18.768 -194.375 36.624 -18.842 -194.067
2 24 32.594 -21.242 -194.394 36.580 -21.317 -194.086
2 24 32.257 -18.799 -189.440 36.243 -18.874 -189.132
2 24 32.212 -21.274 -189.459 36.198 -21.349 -189.151
1 0 32.1394 -20.0440 -188.2159 0.0729 3.9856 -0.1178 -1.2292 -0.0747 -1.2451 -1.2434 0.3077 1.2240 3-4cyli.dat
1 0 32.3302 -20.0282 -190.6835 0.0729 3.9856 -0.1178 -1.2292 -0.0747 -1.2451 -1.2434 0.3077 1.2240 1-4cyli.dat
1 0 32.3302 -20.0282 -190.6835 -0.0729 3.9856 0.1178 1.2292 -0.0747 1.2451 1.2434 0.3077 -1.2240 1-4cyli.dat
1 0 32.5209 -20.0123 -193.1501 0.0729 3.9856 -0.1178 -1.2292 -0.0747 -1.2451 -1.2434 0.3077 1.2240 1-4cyli.dat
1 0 32.5209 -20.0123 -193.1501 -0.0729 3.9856 0.1178 1.2292 -0.0747 1.2451 1.2434 0.3077 -1.2240 1-4cyli.dat
1 0 32.7117 -19.9965 -195.6177 -0.0729 3.9856 0.1178 1.2292 -0.0747 1.2451 1.2434 0.3077 -1.2240 3-4cyli.dat
2 24 29.377 -18.757 -192.020 33.372 -18.795 -191.864
2 24 29.354 -21.232 -192.029 33.349 -21.270 -191.873
2 24 29.474 -18.749 -194.493 33.469 -18.787 -194.337
2 24 29.451 -21.224 -194.503 33.446 -21.262 -194.347
2 24 29.281 -18.765 -189.547 33.276 -18.803 -189.391
2 24 29.258 -21.240 -189.556 33.253 -21.278 -189.400
1 0 29.2209 -20.0064 -188.3156 0.0367 3.9949 -0.0599 -1.2332 -0.0380 -1.2415 -1.2411 0.1560 1.2318 3-4cyli.dat
1 0 29.3175 -19.9981 -190.7887 0.0367 3.9949 -0.0599 -1.2332 -0.0380 -1.2415 -1.2411 0.1560 1.2318 1-4cyli.dat
1 0 29.3175 -19.9981 -190.7887 -0.0367 3.9949 0.0599 1.2332 -0.0380 1.2415 1.2411 0.1560 -1.2318 1-4cyli.dat
1 0 29.4141 -19.9898 -193.2608 0.0367 3.9949 -0.0599 -1.2332 -0.0380 -1.2415 -1.2411 0.1560 1.2318 1-4cyli.dat
1 0 29.4141 -19.9898 -193.2608 -0.0367 3.9949 0.0599 1.2332 -0.0380 1.2415 1.2411 0.1560 -1.2318 1-4cyli.dat
1 0 29.5107 -19.9815 -195.7339 -0.0367 3.9949 0.0599 1.2332 -0.0380 1.2415 1.2411 0.1560 -1.2318 3-4cyli.dat
