0 FILE DX0068.DAT.dat
0 DX0068
0 Name:  Untitled_15
0 Author:  
0 BL_Item_No DX0068.DAT
0 BFC CERTIFY CCW
1 71 0.0000 0.0000 0.0000 1.0000 0.0000 0.0000 0.0000 1.0000 0.0000 0.0000 0.0000 1.0000 58120.dat
1 72 -427.9990 100.0007 -51.9994 0.0000 1.0000 0.0000 0.0000 0.0000 1.0000 1.0000 0.0000 0.0000 58124c01.dat
2 24 -0.107 -24.760 121.491 0.009 -21.951 118.657
2 24 -0.108 -26.518 119.749 0.009 -23.708 116.915
2 24 -2.581 -24.709 121.440 -2.465 -21.900 118.606
2 24 -2.582 -26.467 119.698 -2.465 -23.657 116.864
2 24 2.367 -24.811 121.542 2.483 -22.002 118.708
2 24 2.366 -26.569 119.800 2.483 -23.759 116.966
1 0 3.6029 -25.7149 120.6970 -1.2370 0.1163 1.2368 -0.8533 2.8094 -0.9042 -0.8967 -2.8340 -0.8456 3-4cyli.dat
1 0 1.1290 -25.6640 120.6458 -1.2370 0.1163 1.2368 -0.8533 2.8094 -0.9042 -0.8967 -2.8340 -0.8456 1-4cyli.dat
1 0 1.1290 -25.6640 120.6458 1.2370 0.1163 -1.2368 0.8533 2.8094 0.9042 0.8967 -2.8340 0.8456 1-4cyli.dat
1 0 -1.3440 -25.6131 120.5948 -1.2370 0.1163 1.2368 -0.8533 2.8094 -0.9042 -0.8967 -2.8340 -0.8456 1-4cyli.dat
1 0 -1.3440 -25.6131 120.5948 1.2370 0.1163 -1.2368 0.8533 2.8094 0.9042 0.8967 -2.8340 0.8456 1-4cyli.dat
1 0 -3.8179 -25.5622 120.5436 1.2370 0.1163 -1.2368 0.8533 2.8094 0.9042 0.8967 -2.8340 0.8456 3-4cyli.dat
2 24 -0.379 -27.110 123.899 -0.074 -24.328 121.052
2 24 -0.383 -28.880 122.169 -0.077 -26.098 119.322
2 24 -2.847 -26.976 123.766 -2.541 -24.193 120.919
2 24 -2.850 -28.745 122.036 -2.545 -25.963 119.189
2 24 2.088 -27.245 124.032 2.394 -24.463 121.186
2 24 2.085 -29.015 122.302 2.391 -26.233 119.456
1 0 3.3201 -28.1969 123.2342 -1.2354 0.3057 1.2322 -0.8175 2.7822 -0.9522 -0.9316 -2.8467 -0.7983 3-4cyli.dat
1 0 0.8524 -28.0622 123.1009 -1.2354 0.3057 1.2322 -0.8175 2.7822 -0.9522 -0.9316 -2.8467 -0.7983 1-4cyli.dat
1 0 0.8524 -28.0622 123.1009 1.2354 0.3057 -1.2322 0.8175 2.7822 0.9522 0.9316 -2.8467 0.7983 1-4cyli.dat
1 0 -1.6144 -27.9275 122.9676 -1.2354 0.3057 1.2322 -0.8175 2.7822 -0.9522 -0.9316 -2.8467 -0.7983 1-4cyli.dat
1 0 -1.6144 -27.9275 122.9676 1.2354 0.3057 -1.2322 0.8175 2.7822 0.9522 0.9316 -2.8467 0.7983 1-4cyli.dat
1 0 -4.0821 -27.7928 122.8343 1.2354 0.3057 -1.2322 0.8175 2.7822 0.9522 0.9316 -2.8467 0.7983 3-4cyli.dat
2 24 -0.782 -29.259 126.132 -0.285 -26.510 123.280
2 24 -0.789 -31.040 124.414 -0.292 -28.292 121.562
2 24 -3.238 -29.040 125.915 -2.741 -26.292 123.062
2 24 -3.245 -30.822 124.197 -2.748 -28.073 121.345
2 24 1.673 -29.478 126.349 2.171 -26.729 123.497
2 24 1.666 -31.259 124.631 2.164 -28.511 121.779
1 0 2.8973 -30.4775 125.5992 -1.2312 0.4972 1.2243 -0.7814 2.7483 -1.0002 -0.9674 -2.8526 -0.7503 3-4cyli.dat
1 0 0.4416 -30.2586 125.3821 -1.2312 0.4972 1.2243 -0.7814 2.7483 -1.0002 -0.9674 -2.8526 -0.7503 1-4cyli.dat
1 0 0.4416 -30.2586 125.3821 1.2312 0.4972 -1.2243 0.7814 2.7483 1.0002 0.9674 -2.8526 0.7503 1-4cyli.dat
1 0 -2.0132 -30.0398 125.1650 -1.2312 0.4972 1.2243 -0.7814 2.7483 -1.0002 -0.9674 -2.8526 -0.7503 1-4cyli.dat
1 0 -2.0132 -30.0398 125.1650 1.2312 0.4972 -1.2243 0.7814 2.7483 1.0002 0.9674 -2.8526 0.7503 1-4cyli.dat
1 0 -4.4689 -29.8210 124.9479 1.2312 0.4972 -1.2243 0.7814 2.7483 1.0002 0.9674 -2.8526 0.7503 3-4cyli.dat
2 24 -1.356 -31.370 128.363 -0.658 -28.664 125.512
2 24 -1.367 -33.164 126.658 -0.669 -30.458 123.807
2 24 -3.793 -31.063 128.057 -3.094 -28.358 125.206
2 24 -3.804 -32.857 126.352 -3.106 -30.152 123.501
2 24 1.081 -31.676 128.669 1.779 -28.970 125.818
2 24 1.070 -33.470 126.964 1.768 -30.764 124.113
1 0 2.2932 -32.7258 127.9698 -1.2240 0.6982 1.2126 -0.7438 2.7055 -1.0501 -1.0054 -2.8514 -0.6995 3-4cyli.dat
1 0 -0.1437 -32.4194 127.6638 -1.2240 0.6982 1.2126 -0.7438 2.7055 -1.0501 -1.0054 -2.8514 -0.6995 1-4cyli.dat
1 0 -0.1437 -32.4194 127.6638 1.2240 0.6982 -1.2126 0.7438 2.7055 1.0501 1.0054 -2.8514 0.6995 1-4cyli.dat
1 0 -2.5795 -32.1132 127.3579 -1.2240 0.6982 1.2126 -0.7438 2.7055 -1.0501 -1.0054 -2.8514 -0.6995 1-4cyli.dat
1 0 -2.5795 -32.1132 127.3579 1.2240 0.6982 -1.2126 0.7438 2.7055 1.0501 1.0054 -2.8514 0.6995 1-4cyli.dat
1 0 -5.0163 -31.8068 127.0519 1.2240 0.6982 -1.2126 0.7438 2.7055 1.0501 1.0054 -2.8514 0.6995 3-4cyli.dat
2 24 -2.204 -33.587 130.756 -1.224 -30.954 127.920
2 24 -2.222 -35.397 129.069 -1.243 -32.764 126.233
2 24 -4.603 -33.160 130.324 -3.624 -30.527 127.488
2 24 -4.621 -34.971 128.637 -3.642 -32.337 125.800
2 24 0.195 -34.013 131.189 1.175 -31.380 128.352
2 24 0.177 -35.824 129.501 1.157 -33.191 126.665
1 0 1.3855 -35.1318 130.5613 -1.2086 0.9795 1.1905 -0.6919 2.6330 -1.1187 -1.0596 -2.8365 -0.6274 3-4cyli.dat
1 0 -1.0138 -34.7050 130.1290 -1.2086 0.9795 1.1905 -0.6919 2.6330 -1.1187 -1.0596 -2.8365 -0.6274 1-4cyli.dat
1 0 -1.0138 -34.7050 130.1290 1.2086 0.9795 -1.1905 0.6919 2.6330 1.1187 1.0596 -2.8365 0.6274 1-4cyli.dat
1 0 -3.4121 -34.2783 129.6969 -1.2086 0.9795 1.1905 -0.6919 2.6330 -1.1187 -1.0596 -2.8365 -0.6274 1-4cyli.dat
1 0 -3.4121 -34.2783 129.6969 1.2086 0.9795 -1.1905 0.6919 2.6330 1.1187 1.0596 -2.8365 0.6274 1-4cyli.dat
1 0 -5.8114 -33.8514 129.2647 1.2086 0.9795 -1.1905 0.6919 2.6330 1.1187 1.0596 -2.8365 0.6274 3-4cyli.dat
2 24 -3.177 -35.582 132.953 -1.956 -33.023 130.142
2 24 -3.202 -37.407 131.281 -1.981 -34.848 128.470
2 24 -5.533 -35.053 132.411 -4.312 -32.494 129.600
2 24 -5.558 -36.878 130.739 -4.338 -34.319 127.928
2 24 -0.820 -36.111 133.494 0.400 -33.552 130.683
2 24 -0.846 -37.936 131.822 0.375 -35.377 129.012
1 0 0.3447 -37.2874 132.9294 -1.1907 1.2207 1.1654 -0.6478 2.5587 -1.1768 -1.1067 -2.8109 -0.5651 3-4cyli.dat
1 0 -2.0116 -36.7583 132.3877 -1.1907 1.2207 1.1654 -0.6478 2.5587 -1.1768 -1.1067 -2.8109 -0.5651 1-4cyli.dat
1 0 -2.0116 -36.7583 132.3877 1.1907 1.2207 -1.1654 0.6478 2.5587 1.1768 1.1067 -2.8109 0.5651 1-4cyli.dat
1 0 -4.3670 -36.2295 131.8462 -1.1907 1.2207 1.1654 -0.6478 2.5587 -1.1768 -1.1067 -2.8109 -0.5651 1-4cyli.dat
1 0 -4.3670 -36.2295 131.8462 1.1907 1.2207 -1.1654 0.6478 2.5587 1.1768 1.1067 -2.8109 0.5651 1-4cyli.dat
1 0 -6.7233 -35.7005 131.3045 1.1907 1.2207 -1.1654 0.6478 2.5587 1.1768 1.1067 -2.8109 0.5651 3-4cyli.dat
2 24 -4.383 -37.491 135.110 -2.889 -35.032 132.343
2 24 -4.417 -39.332 133.455 -2.923 -36.872 130.688
2 24 -6.678 -36.848 134.442 -5.184 -34.389 131.675
2 24 -6.712 -38.689 132.788 -5.218 -36.229 130.021
2 24 -2.088 -38.134 135.777 -0.594 -35.675 133.011
2 24 -2.122 -39.975 134.123 -0.628 -37.515 131.356
1 0 -0.9583 -39.3755 135.2841 -1.1645 1.4941 1.1302 -0.5986 2.4598 -1.2415 -1.1610 -2.7668 -0.4935 3-4cyli.dat
1 0 -3.2532 -38.7326 134.6165 -1.1645 1.4941 1.1302 -0.5986 2.4598 -1.2415 -1.1610 -2.7668 -0.4935 1-4cyli.dat
1 0 -3.2532 -38.7326 134.6165 1.1645 1.4941 -1.1302 0.5986 2.4598 1.2415 1.1610 -2.7668 0.4935 1-4cyli.dat
1 0 -5.5471 -38.0898 133.9491 -1.1645 1.4941 1.1302 -0.5986 2.4598 -1.2415 -1.1610 -2.7668 -0.4935 1-4cyli.dat
1 0 -5.5471 -38.0898 133.9491 1.1645 1.4941 -1.1302 0.5986 2.4598 1.2415 1.1610 -2.7668 0.4935 1-4cyli.dat
1 0 -7.8420 -37.4469 133.2815 1.1645 1.4941 -1.1302 0.5986 2.4598 1.2415 1.1610 -2.7668 0.4935 3-4cyli.dat
2 24 -5.846 -39.286 137.202 -4.008 -36.974 134.516
2 24 -5.893 -41.145 135.570 -4.055 -38.834 132.883
2 24 -8.042 -38.503 136.373 -6.205 -36.191 133.687
2 24 -8.089 -40.362 134.741 -6.252 -38.051 132.054
2 24 -3.649 -40.069 138.031 -1.811 -37.757 135.344
2 24 -3.696 -41.928 136.399 -1.858 -39.617 133.712
1 0 -2.5746 -41.3896 137.6292 -1.1218 1.8376 1.0748 -0.5383 2.3117 -1.3213 -1.2305 -2.6865 -0.4018 3-4cyli.dat
1 0 -4.7713 -40.6065 136.8005 -1.1218 1.8376 1.0748 -0.5383 2.3117 -1.3213 -1.2305 -2.6865 -0.4018 1-4cyli.dat
1 0 -4.7713 -40.6065 136.8005 1.1218 1.8376 -1.0748 0.5383 2.3117 1.3213 1.2305 -2.6865 0.4018 1-4cyli.dat
1 0 -6.9672 -39.8238 135.9720 -1.1218 1.8376 1.0748 -0.5383 2.3117 -1.3213 -1.2305 -2.6865 -0.4018 1-4cyli.dat
1 0 -6.9672 -39.8238 135.9720 1.1218 1.8376 -1.0748 0.5383 2.3117 1.3213 1.2305 -2.6865 0.4018 1-4cyli.dat
1 0 -9.1639 -39.0408 135.1432 1.1218 1.8376 -1.0748 0.5383 2.3117 1.3213 1.2305 -2.6865 0.4018 3-4cyli.dat
2 24 -7.531 -40.966 139.224 -5.424 -38.792 136.622
2 24 -7.590 -42.841 137.609 -5.483 -40.666 135.008
2 24 -9.633 -40.076 138.266 -7.526 -37.901 135.665
2 24 -9.691 -41.951 136.652 -7.584 -39.776 134.050
2 24 -5.430 -41.857 140.181 -3.323 -39.682 137.580
2 24 -5.489 -43.732 138.567 -3.382 -41.557 135.965
1 0 -4.4091 -43.2389 139.8530 -1.0800 2.1071 1.0212 -0.4921 2.1747 -1.3826 -1.2860 -2.6017 -0.3285 3-4cyli.dat
1 0 -6.5105 -42.3484 138.8954 -1.0800 2.1071 1.0212 -0.4921 2.1747 -1.3826 -1.2860 -2.6017 -0.3285 1-4cyli.dat
1 0 -6.5105 -42.3484 138.8954 1.0800 2.1071 -1.0212 0.4921 2.1747 1.3826 1.2860 -2.6017 0.3285 1-4cyli.dat
1 0 -8.6110 -41.4583 137.9383 -1.0800 2.1071 1.0212 -0.4921 2.1747 -1.3826 -1.2860 -2.6017 -0.3285 1-4cyli.dat
1 0 -8.6110 -41.4583 137.9383 1.0800 2.1071 -1.0212 0.4921 2.1747 1.3826 1.2860 -2.6017 0.3285 1-4cyli.dat
1 0 -10.7124 -40.5678 136.9807 1.0800 2.1071 -1.0212 0.4921 2.1747 1.3826 1.2860 -2.6017 0.3285 3-4cyli.dat
2 24 -9.605 -42.624 141.298 -7.178 -40.640 138.826
2 24 -9.680 -44.517 139.706 -7.252 -42.533 137.234
2 24 -11.569 -41.610 140.184 -9.141 -39.626 137.712
2 24 -11.643 -43.503 138.591 -9.216 -41.519 136.120
2 24 -7.642 -43.638 142.412 -5.214 -41.654 139.940
2 24 -7.716 -45.531 140.820 -5.289 -43.548 138.348
1 0 -6.6974 -45.0914 142.1728 -1.0190 2.4273 0.9445 -0.4394 1.9838 -1.4536 -1.3531 -2.4720 -0.2392 3-4cyli.dat
1 0 -8.6610 -44.0771 141.0588 -1.0190 2.4273 0.9445 -0.4394 1.9838 -1.4536 -1.3531 -2.4720 -0.2392 1-4cyli.dat
1 0 -8.6610 -44.0771 141.0588 1.0190 2.4273 -0.9445 0.4394 1.9838 1.4536 1.3531 -2.4720 0.2392 1-4cyli.dat
1 0 -10.6237 -43.0632 139.9452 -1.0190 2.4273 0.9445 -0.4394 1.9838 -1.4536 -1.3531 -2.4720 -0.2392 1-4cyli.dat
1 0 -10.6237 -43.0632 139.9452 1.0190 2.4273 -0.9445 0.4394 1.9838 1.4536 1.3531 -2.4720 0.2392 1-4cyli.dat
1 0 -12.5873 -42.0488 138.8312 1.0190 2.4273 -0.9445 0.4394 1.9838 1.4536 1.3531 -2.4720 0.2392 3-4cyli.dat
2 24 -11.754 -43.994 143.096 -9.034 -42.217 140.777
2 24 -11.846 -45.905 141.526 -9.126 -44.128 139.206
2 24 -13.564 -42.871 141.835 -10.844 -41.094 139.516
2 24 -13.655 -44.782 140.265 -10.935 -43.005 137.945
2 24 -9.945 -45.118 144.358 -7.225 -43.341 142.038
2 24 -10.036 -47.028 142.787 -7.316 -45.251 140.467
1 0 -9.0865 -46.6338 144.2030 -0.9502 2.7202 0.8589 -0.3937 1.7769 -1.5168 -1.4158 -2.3197 -0.1547 3-4cyli.dat
1 0 -10.8958 -45.5107 142.9418 -0.9502 2.7202 0.8589 -0.3937 1.7769 -1.5168 -1.4158 -2.3197 -0.1547 1-4cyli.dat
1 0 -10.8958 -45.5107 142.9418 0.9502 2.7202 -0.8589 0.3937 1.7769 1.5168 1.4158 -2.3197 0.1547 1-4cyli.dat
1 0 -12.7043 -44.3880 141.6811 -0.9502 2.7202 0.8589 -0.3937 1.7769 -1.5168 -1.4158 -2.3197 -0.1547 1-4cyli.dat
1 0 -12.7043 -44.3880 141.6811 0.9502 2.7202 -0.8589 0.3937 1.7769 1.5168 1.4158 -2.3197 0.1547 1-4cyli.dat
1 0 -14.5136 -43.2648 140.4198 0.9502 2.7202 -0.8589 0.3937 1.7769 1.5168 1.4158 -2.3197 0.1547 3-4cyli.dat
2 24 -14.102 -45.199 144.765 -11.143 -43.620 142.599
2 24 -14.209 -47.125 143.214 -11.250 -45.546 141.049
2 24 -15.760 -43.992 143.380 -12.802 -42.412 141.214
2 24 -15.867 -45.918 141.829 -12.908 -44.338 139.664
2 24 -12.444 -46.406 146.150 -9.485 -44.827 143.984
2 24 -12.551 -48.332 144.599 -9.592 -46.753 142.434
1 0 -11.6686 -47.9724 146.0670 -0.8825 2.9587 0.7756 -0.3593 1.5794 -1.5665 -1.4678 -2.1654 -0.0829 3-4cyli.dat
1 0 -13.3268 -46.7650 144.6820 -0.8825 2.9587 0.7756 -0.3593 1.5794 -1.5665 -1.4678 -2.1654 -0.0829 1-4cyli.dat
1 0 -13.3268 -46.7650 144.6820 0.8825 2.9587 -0.7756 0.3593 1.5794 1.5665 1.4678 -2.1654 0.0829 1-4cyli.dat
1 0 -14.9843 -45.5582 143.2975 -0.8825 2.9587 0.7756 -0.3593 1.5794 -1.5665 -1.4678 -2.1654 -0.0829 1-4cyli.dat
1 0 -14.9843 -45.5582 143.2975 0.8825 2.9587 -0.7756 0.3593 1.5794 1.5665 1.4678 -2.1654 0.0829 1-4cyli.dat
1 0 -16.6425 -44.3509 141.9124 0.8825 2.9587 -0.7756 0.3593 1.5794 1.5665 1.4678 -2.1654 0.0829 3-4cyli.dat
2 24 -16.819 -46.317 146.415 -13.624 -44.968 144.438
2 24 -16.945 -48.260 144.887 -13.750 -46.910 142.910
2 24 -18.298 -45.032 144.903 -15.103 -43.682 142.926
2 24 -18.423 -46.975 143.374 -15.228 -45.625 141.397
2 24 -15.341 -47.602 147.928 -12.146 -46.253 145.951
2 24 -15.466 -49.545 146.399 -12.271 -48.195 144.422
1 0 -14.6643 -49.2155 147.9196 -0.8018 3.1951 0.6767 -0.3288 1.3495 -1.6138 -1.5203 -1.9769 -0.0079 3-4cyli.dat
1 0 -16.1430 -47.9303 146.4071 -0.8018 3.1951 0.6767 -0.3288 1.3495 -1.6138 -1.5203 -1.9769 -0.0079 1-4cyli.dat
1 0 -16.1430 -47.9303 146.4071 0.8018 3.1951 -0.6767 0.3288 1.3495 1.6138 1.5203 -1.9769 0.0079 1-4cyli.dat
1 0 -17.6210 -46.6457 144.8952 -0.8018 3.1951 0.6767 -0.3288 1.3495 -1.6138 -1.5203 -1.9769 -0.0079 1-4cyli.dat
1 0 -17.6210 -46.6457 144.8952 0.8018 3.1951 -0.6767 0.3288 1.3495 1.6138 1.5203 -1.9769 0.0079 1-4cyli.dat
1 0 -19.0997 -45.3606 143.3827 0.8018 3.1951 -0.6767 0.3288 1.3495 1.6138 1.5203 -1.9769 0.0079 3-4cyli.dat
2 24 -19.489 -47.171 147.787 -16.097 -46.051 146.006
2 24 -19.633 -49.130 146.282 -16.240 -48.010 144.501
2 24 -20.786 -45.828 146.163 -17.393 -44.707 144.382
2 24 -20.929 -47.787 144.657 -17.537 -46.666 142.876
2 24 -18.193 -48.515 149.412 -14.800 -47.394 147.631
2 24 -18.336 -50.474 147.906 -14.943 -49.353 146.125
1 0 -17.6163 -50.1654 149.4714 -0.7199 3.3927 0.5766 -0.3078 1.1206 -1.6512 -1.5650 -1.7810 0.0595 3-4cyli.dat
1 0 -18.9129 -48.8219 147.8467 -0.7199 3.3927 0.5766 -0.3078 1.1206 -1.6512 -1.5650 -1.7810 0.0595 1-4cyli.dat
1 0 -18.9129 -48.8219 147.8467 0.7199 3.3927 -0.5766 0.3078 1.1206 1.6512 1.5650 -1.7810 -0.0595 1-4cyli.dat
1 0 -20.2090 -47.4790 146.2227 -0.7199 3.3927 0.5766 -0.3078 1.1206 -1.6512 -1.5650 -1.7810 0.0595 1-4cyli.dat
1 0 -20.2090 -47.4790 146.2227 0.7199 3.3927 -0.5766 0.3078 1.1206 1.6512 1.5650 -1.7810 -0.0595 1-4cyli.dat
1 0 -21.5056 -46.1356 144.5980 0.7199 3.3927 -0.5766 0.3078 1.1206 1.6512 1.5650 -1.7810 -0.0595 3-4cyli.dat
2 24 -22.274 -47.867 149.019 -18.742 -46.938 147.407
2 24 -22.433 -49.841 147.534 -18.900 -48.911 145.922
2 24 -23.417 -46.489 147.310 -19.885 -45.560 145.698
2 24 -23.575 -48.463 145.825 -20.043 -47.533 144.213
2 24 -21.132 -49.246 150.728 -17.600 -48.316 149.116
2 24 -21.290 -51.219 149.243 -17.758 -50.289 147.631
1 0 -20.6399 -50.9207 150.8399 -0.6504 3.5322 0.4920 -0.2976 0.9295 -1.6756 -1.5971 -1.6117 0.1119 3-4cyli.dat
1 0 -21.7824 -49.5425 149.1308 -0.6504 3.5322 0.4920 -0.2976 0.9295 -1.6756 -1.5971 -1.6117 0.1119 1-4cyli.dat
1 0 -21.7824 -49.5425 149.1308 0.6504 3.5322 -0.4920 0.2976 0.9295 1.6756 1.5971 -1.6117 -0.1119 1-4cyli.dat
1 0 -22.9244 -48.1649 147.4224 -0.6504 3.5322 0.4920 -0.2976 0.9295 -1.6756 -1.5971 -1.6117 0.1119 1-4cyli.dat
1 0 -22.9244 -48.1649 147.4224 0.6504 3.5322 -0.4920 0.2976 0.9295 1.6756 1.5971 -1.6117 -0.1119 1-4cyli.dat
1 0 -24.0669 -46.7867 145.7133 0.6504 3.5322 -0.4920 0.2976 0.9295 1.6756 1.5971 -1.6117 -0.1119 3-4cyli.dat
2 24 -25.146 -48.415 150.114 -21.489 -47.688 148.687
2 24 -25.321 -50.404 148.652 -21.664 -49.677 147.224
2 24 -26.124 -47.013 148.324 -22.467 -46.286 146.897
2 24 -26.299 -49.002 146.862 -22.642 -48.275 145.434
2 24 -24.168 -49.817 151.904 -20.512 -49.090 150.477
2 24 -24.343 -51.806 150.442 -20.687 -51.079 149.014
1 0 -23.7671 -51.5121 152.0678 -0.5764 3.6566 0.4012 -0.2935 0.7274 -1.6954 -1.6260 -1.4275 0.1638 3-4cyli.dat
1 0 -24.7448 -50.1101 150.2778 -0.5764 3.6566 0.4012 -0.2935 0.7274 -1.6954 -1.6260 -1.4275 0.1638 1-4cyli.dat
1 0 -24.7448 -50.1101 150.2778 0.5764 3.6566 -0.4012 0.2935 0.7274 1.6954 1.6260 -1.4275 -0.1638 1-4cyli.dat
1 0 -25.7220 -48.7086 148.4885 -0.5764 3.6566 0.4012 -0.2935 0.7274 -1.6954 -1.6260 -1.4275 0.1638 1-4cyli.dat
1 0 -25.7220 -48.7086 148.4885 0.5764 3.6566 -0.4012 0.2935 0.7274 1.6954 1.6260 -1.4275 -0.1638 1-4cyli.dat
1 0 -26.6997 -47.3066 146.6985 0.5764 3.6566 -0.4012 0.2935 0.7274 1.6954 1.6260 -1.4275 -0.1638 3-4cyli.dat
2 24 -28.087 -48.827 151.082 -24.346 -48.264 149.808
2 24 -28.276 -50.831 149.641 -24.535 -50.267 148.367
2 24 -28.930 -47.417 149.231 -25.188 -46.853 147.957
2 24 -29.119 -49.420 147.790 -25.377 -48.857 146.516
2 24 -27.244 -50.238 152.933 -23.503 -49.675 151.659
2 24 -27.433 -52.241 151.492 -23.692 -51.678 150.218
1 0 -26.9178 -51.9444 153.1376 -0.5158 3.7413 0.3268 -0.2963 0.5633 -1.7069 -1.6457 -1.2740 0.2049 3-4cyli.dat
1 0 -27.7604 -50.5337 151.2867 -0.5158 3.7413 0.3268 -0.2963 0.5633 -1.7069 -1.6457 -1.2740 0.2049 1-4cyli.dat
1 0 -27.7604 -50.5337 151.2867 0.5158 3.7413 -0.3268 0.2963 0.5633 1.7069 1.6457 -1.2740 -0.2049 1-4cyli.dat
1 0 -28.6027 -49.1235 149.4367 -0.5158 3.7413 0.3268 -0.2963 0.5633 -1.7069 -1.6457 -1.2740 0.2049 1-4cyli.dat
1 0 -28.6027 -49.1235 149.4367 0.5158 3.7413 -0.3268 0.2963 0.5633 1.7069 1.6457 -1.2740 -0.2049 1-4cyli.dat
1 0 -29.4453 -47.7128 147.5858 0.5158 3.7413 -0.3268 0.2963 0.5633 1.7069 1.6457 -1.2740 -0.2049 3-4cyli.dat
2 24 -31.319 -49.134 151.994 -27.502 -48.747 150.888
2 24 -31.524 -51.154 150.578 -27.707 -50.766 149.472
2 24 -32.016 -47.724 150.083 -28.199 -47.336 148.977
2 24 -32.221 -49.744 148.667 -28.404 -49.356 147.561
2 24 -30.622 -50.544 153.905 -26.805 -50.157 152.799
2 24 -30.827 -52.564 152.489 -27.010 -52.176 151.383
1 0 -30.3757 -52.2587 154.1520 -0.4510 3.8163 0.2459 -0.3048 0.3877 -1.7148 -1.6631 -1.1060 0.2475 3-4cyli.dat
1 0 -31.0728 -50.8485 152.2411 -0.4510 3.8163 0.2459 -0.3048 0.3877 -1.7148 -1.6631 -1.1060 0.2475 1-4cyli.dat
1 0 -31.0728 -50.8485 152.2411 0.4510 3.8163 -0.2459 0.3048 0.3877 1.7148 1.6631 -1.1060 -0.2475 1-4cyli.dat
1 0 -31.7695 -49.4389 150.3311 -0.4510 3.8163 0.2459 -0.3048 0.3877 -1.7148 -1.6631 -1.1060 0.2475 1-4cyli.dat
1 0 -31.7695 -49.4389 150.3311 0.4510 3.8163 -0.2459 0.3048 0.3877 1.7148 1.6631 -1.1060 -0.2475 1-4cyli.dat
1 0 -32.4666 -48.0288 148.4203 0.4510 3.8163 -0.2459 0.3048 0.3877 1.7148 1.6631 -1.1060 -0.2475 3-4cyli.dat
2 24 -34.351 -49.302 152.724 -30.483 -49.064 151.763
2 24 -34.570 -51.338 151.333 -30.703 -51.099 150.373
2 24 -34.923 -47.902 150.765 -31.056 -47.664 149.804
2 24 -35.143 -49.938 149.374 -31.276 -49.699 148.414
2 24 -33.778 -50.702 154.683 -29.910 -50.464 153.722
2 24 -33.998 -52.738 153.292 -30.130 -52.499 152.332
1 0 -33.6014 -52.4194 154.9668 -0.3962 3.8676 0.1765 -0.3178 0.2386 -1.7177 -1.6746 -0.9603 0.2842 3-4cyli.dat
1 0 -34.1742 -51.0193 153.0078 -0.3962 3.8676 0.1765 -0.3178 0.2386 -1.7177 -1.6746 -0.9603 0.2842 1-4cyli.dat
1 0 -34.1742 -51.0193 153.0078 0.3962 3.8676 -0.1765 0.3178 0.2386 1.7177 1.6746 -0.9603 -0.2842 1-4cyli.dat
1 0 -34.7468 -49.6199 151.0496 -0.3962 3.8676 0.1765 -0.3178 0.2386 -1.7177 -1.6746 -0.9603 0.2842 1-4cyli.dat
1 0 -34.7468 -49.6199 151.0496 0.3962 3.8676 -0.1765 0.3178 0.2386 1.7177 1.6746 -0.9603 -0.2842 1-4cyli.dat
1 0 -35.3196 -48.2199 149.0907 0.3962 3.8676 -0.1765 0.3178 0.2386 1.7177 1.6746 -0.9603 -0.2842 3-4cyli.dat
2 24 -37.412 -49.362 153.346 -33.509 -49.253 152.514
2 24 -37.646 -51.413 151.981 -33.742 -51.304 151.149
2 24 -37.877 -47.979 151.346 -33.974 -47.870 150.515
2 24 -38.110 -50.030 149.982 -34.207 -49.921 149.150
2 24 -36.948 -50.745 155.345 -33.044 -50.636 154.513
2 24 -37.181 -52.797 153.980 -33.278 -52.687 153.149
1 0 -36.8320 -52.4617 155.6619 -0.3490 3.9031 0.1156 -0.3341 0.1092 -1.7171 -1.6819 -0.8315 0.3171 3-4cyli.dat
1 0 -37.2966 -51.0786 153.6627 -0.3490 3.9031 0.1156 -0.3341 0.1092 -1.7171 -1.6819 -0.8315 0.3171 1-4cyli.dat
1 0 -37.2966 -51.0786 153.6627 0.3490 3.9031 -0.1156 0.3341 0.1092 1.7171 1.6819 -0.8315 -0.3171 1-4cyli.dat
1 0 -37.7611 -49.6961 151.6642 -0.3490 3.9031 0.1156 -0.3341 0.1092 -1.7171 -1.6819 -0.8315 0.3171 1-4cyli.dat
1 0 -37.7611 -49.6961 151.6642 0.3490 3.9031 -0.1156 0.3341 0.1092 1.7171 1.6819 -0.8315 -0.3171 1-4cyli.dat
1 0 -38.2257 -48.3131 149.6650 0.3490 3.9031 -0.1156 0.3341 0.1092 1.7171 1.6819 -0.8315 -0.3171 3-4cyli.dat
2 24 -40.489 -49.356 153.901 -36.564 -49.345 153.169
2 24 -40.733 -51.422 152.560 -36.809 -51.411 151.828
2 24 -40.871 -47.993 151.870 -36.947 -47.982 151.138
2 24 -41.116 -50.059 150.530 -37.191 -50.048 149.798
2 24 -40.106 -50.719 155.931 -36.182 -50.708 155.199
2 24 -40.351 -52.785 154.590 -36.426 -52.774 153.858
1 0 -40.0374 -52.4323 156.2754 -0.3134 3.9245 0.0690 -0.3515 0.0107 -1.7143 -1.6854 -0.7320 0.3447 3-4cyli.dat
1 0 -40.4198 -51.0695 154.2451 -0.3134 3.9245 0.0690 -0.3515 0.0107 -1.7143 -1.6854 -0.7320 0.3447 1-4cyli.dat
1 0 -40.4198 -51.0695 154.2451 0.3134 3.9245 -0.0690 0.3515 0.0107 1.7143 1.6854 -0.7320 -0.3447 1-4cyli.dat
1 0 -40.8021 -49.7071 152.2157 -0.3134 3.9245 0.0690 -0.3515 0.0107 -1.7143 -1.6854 -0.7320 0.3447 1-4cyli.dat
1 0 -40.8021 -49.7071 152.2157 0.3134 3.9245 -0.0690 0.3515 0.0107 1.7143 1.6854 -0.7320 -0.3447 1-4cyli.dat
1 0 -41.1845 -48.3443 150.1854 0.3134 3.9245 -0.0690 0.3515 0.0107 1.7143 1.6854 -0.7320 -0.3447 3-4cyli.dat
2 24 -43.580 -49.252 154.354 -39.637 -49.353 153.737
2 24 -43.838 -51.335 153.043 -39.896 -51.436 152.426
2 24 -43.868 -47.917 152.290 -39.925 -48.018 151.674
2 24 -44.127 -50.000 150.979 -40.184 -50.101 150.362
2 24 -43.291 -50.587 156.418 -39.348 -50.689 155.801
2 24 -43.550 -52.670 155.107 -39.607 -52.772 154.490
1 0 -43.2765 -52.2955 156.7940 -0.2736 3.9430 0.0148 -0.3738 -0.1017 -1.7090 -1.6875 -0.6168 0.3762 3-4cyli.dat
1 0 -43.5649 -50.9602 154.7301 -0.2736 3.9430 0.0148 -0.3738 -0.1017 -1.7090 -1.6875 -0.6168 0.3762 1-4cyli.dat
1 0 -43.5649 -50.9602 154.7301 0.2736 3.9430 -0.0148 0.3738 -0.1017 1.7090 1.6875 -0.6168 -0.3762 1-4cyli.dat
1 0 -43.8532 -49.6255 152.6671 -0.2736 3.9430 0.0148 -0.3738 -0.1017 -1.7090 -1.6875 -0.6168 0.3762 1-4cyli.dat
1 0 -43.8532 -49.6255 152.6671 0.2736 3.9430 -0.0148 0.3738 -0.1017 1.7090 1.6875 -0.6168 -0.3762 1-4cyli.dat
1 0 -44.1416 -48.2903 150.6032 0.2736 3.9430 -0.0148 0.3738 -0.1017 1.7090 1.6875 -0.6168 -0.3762 3-4cyli.dat
2 24 -46.925 -49.043 154.741 -42.969 -49.267 154.252
2 24 -47.202 -51.145 153.465 -43.246 -51.369 152.976
2 24 -47.111 -47.744 152.642 -43.155 -47.968 152.154
2 24 -47.388 -49.846 151.366 -43.432 -50.071 150.877
2 24 -46.740 -50.341 156.840 -42.784 -50.566 156.351
2 24 -47.016 -52.444 155.563 -43.061 -52.668 155.075
1 0 -46.7852 -52.0411 157.2508 -0.2312 3.9558 -0.0456 -0.4018 -0.2243 -1.7004 -1.6874 -0.4887 0.4111 3-4cyli.dat
1 0 -46.9708 -50.7424 155.1521 -0.2312 3.9558 -0.0456 -0.4018 -0.2243 -1.7004 -1.6874 -0.4887 0.4111 1-4cyli.dat
1 0 -46.9708 -50.7424 155.1521 0.2312 3.9558 0.0456 0.4018 -0.2243 1.7004 1.6874 -0.4887 -0.4111 1-4cyli.dat
1 0 -47.1564 -49.4443 153.0542 -0.2312 3.9558 -0.0456 -0.4018 -0.2243 -1.7004 -1.6874 -0.4887 0.4111 1-4cyli.dat
1 0 -47.1564 -49.4443 153.0542 0.2312 3.9558 0.0456 0.4018 -0.2243 1.7004 1.6874 -0.4887 -0.4111 1-4cyli.dat
1 0 -47.3420 -48.1456 150.9555 0.2312 3.9558 0.0456 0.4018 -0.2243 1.7004 1.6874 -0.4887 -0.4111 3-4cyli.dat
2 24 -50.028 -48.784 155.030 -46.067 -49.094 154.633
2 24 -50.319 -50.903 153.786 -46.358 -51.214 153.388
2 24 -50.142 -47.520 152.905 -46.182 -47.831 152.508
2 24 -50.433 -49.640 151.661 -46.473 -49.950 151.263
2 24 -49.913 -50.048 157.155 -45.953 -50.358 156.758
2 24 -50.204 -52.167 155.911 -46.244 -52.477 155.513
1 0 -50.0016 -51.7386 157.5954 -0.2026 3.9603 -0.0883 -0.4278 -0.3102 -1.6914 -1.6847 -0.3975 0.4401 3-4cyli.dat
1 0 -50.1159 -50.4749 155.4704 -0.2026 3.9603 -0.0883 -0.4278 -0.3102 -1.6914 -1.6847 -0.3975 0.4401 1-4cyli.dat
1 0 -50.1159 -50.4749 155.4704 0.2026 3.9603 0.0883 0.4278 -0.3102 1.6914 1.6847 -0.3975 -0.4401 1-4cyli.dat
1 0 -50.2302 -49.2117 153.3463 -0.2026 3.9603 -0.0883 -0.4278 -0.3102 -1.6914 -1.6847 -0.3975 0.4401 1-4cyli.dat
1 0 -50.2302 -49.2117 153.3463 0.2026 3.9603 0.0883 0.4278 -0.3102 1.6914 1.6847 -0.3975 -0.4401 1-4cyli.dat
1 0 -50.3445 -47.9479 151.2213 0.2026 3.9603 0.0883 0.4278 -0.3102 1.6914 1.6847 -0.3975 -0.4401 3-4cyli.dat
2 24 -53.132 -48.477 155.269 -49.171 -48.848 154.935
2 24 -53.434 -50.612 154.053 -49.473 -50.982 153.720
2 24 -53.197 -47.246 153.123 -49.236 -47.616 152.790
2 24 -53.499 -49.381 151.907 -49.538 -49.751 151.574
2 24 -53.066 -49.709 157.414 -49.105 -50.079 157.081
2 24 -53.368 -51.843 156.199 -49.407 -52.214 155.866
1 0 -53.1846 -51.3912 157.8793 -0.1835 3.9610 -0.1182 -0.4515 -0.3702 -1.6829 -1.6807 -0.3331 0.4650 3-4cyli.dat
1 0 -53.2500 -50.1598 155.7334 -0.1835 3.9610 -0.1182 -0.4515 -0.3702 -1.6829 -1.6807 -0.3331 0.4650 1-4cyli.dat
1 0 -53.2500 -50.1598 155.7334 0.1835 3.9610 0.1182 0.4515 -0.3702 1.6829 1.6807 -0.3331 -0.4650 1-4cyli.dat
1 0 -53.3153 -48.9288 153.5883 -0.1835 3.9610 -0.1182 -0.4515 -0.3702 -1.6829 -1.6807 -0.3331 0.4650 1-4cyli.dat
1 0 -53.3153 -48.9288 153.5883 0.1835 3.9610 0.1182 0.4515 -0.3702 1.6829 1.6807 -0.3331 -0.4650 1-4cyli.dat
1 0 -53.3807 -47.6974 151.4424 0.1835 3.9610 0.1182 0.4515 -0.3702 1.6829 1.6807 -0.3331 -0.4650 3-4cyli.dat
2 24 -56.481 -48.089 155.462 -52.521 -48.531 155.206
2 24 -56.797 -50.241 154.281 -52.838 -50.683 154.025
2 24 -56.488 -46.897 153.292 -52.528 -47.339 153.037
2 24 -56.804 -49.049 152.111 -52.845 -49.491 151.856
2 24 -56.474 -49.280 157.631 -52.514 -49.722 157.376
2 24 -56.790 -51.432 156.450 -52.831 -51.874 156.195
1 0 -56.6285 -50.9514 158.1249 -0.1616 3.9595 -0.1547 -0.4801 -0.4419 -1.6716 -1.6750 -0.2554 0.4941 3-4cyli.dat
1 0 -56.6355 -49.7598 155.9556 -0.1616 3.9595 -0.1547 -0.4801 -0.4419 -1.6716 -1.6750 -0.2554 0.4941 1-4cyli.dat
1 0 -56.6355 -49.7598 155.9556 0.1616 3.9595 0.1547 0.4801 -0.4419 1.6716 1.6750 -0.2554 -0.4941 1-4cyli.dat
1 0 -56.6424 -48.5687 153.7872 -0.1616 3.9595 -0.1547 -0.4801 -0.4419 -1.6716 -1.6750 -0.2554 0.4941 1-4cyli.dat
1 0 -56.6424 -48.5687 153.7872 0.1616 3.9595 0.1547 0.4801 -0.4419 1.6716 1.6750 -0.2554 -0.4941 1-4cyli.dat
1 0 -56.6493 -47.3772 151.6180 0.1616 3.9595 0.1547 0.4801 -0.4419 1.6716 1.6750 -0.2554 -0.4941 3-4cyli.dat
2 24 -62.822 -47.168 155.628 -55.712 -48.175 155.402
2 24 -63.166 -49.344 154.499 -56.056 -50.350 154.273
2 24 -62.733 -46.040 153.427 -55.623 -47.047 153.201
2 24 -63.076 -48.216 152.298 -55.966 -49.222 152.072
2 24 -62.912 -48.297 157.829 -55.802 -49.303 157.603
2 24 -63.256 -50.472 156.700 -56.146 -51.479 156.474
1 0 -63.1288 -49.9479 158.3647 -0.1270 7.1100 -0.2167 -0.5235 -1.0064 -1.6517 -1.6650 -0.2260 0.5359 3-4cyli.dat
1 0 -63.0391 -48.8196 156.1637 -0.1270 7.1100 -0.2167 -0.5235 -1.0064 -1.6517 -1.6650 -0.2260 0.5359 1-4cyli.dat
1 0 -63.0391 -48.8196 156.1637 0.1270 7.1100 0.2167 0.5235 -1.0064 1.6517 1.6650 -0.2260 -0.5359 1-4cyli.dat
1 0 -62.9494 -47.6918 153.9635 -0.1270 7.1100 -0.2167 -0.5235 -1.0064 -1.6517 -1.6650 -0.2260 0.5359 1-4cyli.dat
1 0 -62.9494 -47.6918 153.9635 0.1270 7.1100 0.2167 0.5235 -1.0064 1.6517 1.6650 -0.2260 -0.5359 1-4cyli.dat
1 0 -62.8597 -46.5636 151.7625 0.1270 7.1100 0.2167 0.5235 -1.0064 1.6517 1.6650 -0.2260 -0.5359 3-4cyli.dat
2 24 -65.757 -46.686 155.634 -61.813 -47.305 155.575
2 24 -66.118 -48.889 154.566 -62.175 -49.508 154.507
2 24 -65.624 -45.626 153.401 -61.680 -46.244 153.342
2 24 -65.985 -47.829 152.333 -62.042 -48.447 152.274
2 24 -65.890 -47.746 157.866 -61.946 -48.365 157.807
2 24 -66.251 -49.949 156.798 -62.308 -50.568 156.739
1 0 -66.1368 -49.3774 158.4480 -0.1143 3.9436 -0.2473 -0.5714 -0.6186 -1.6316 -1.6501 -0.0588 0.5822 3-4cyli.dat
1 0 -66.0038 -48.3171 156.2156 -0.1143 3.9436 -0.2473 -0.5714 -0.6186 -1.6316 -1.6501 -0.0588 0.5822 1-4cyli.dat
1 0 -66.0038 -48.3171 156.2156 0.1143 3.9436 0.2473 0.5714 -0.6186 1.6316 1.6501 -0.0588 -0.5822 1-4cyli.dat
1 0 -65.8708 -47.2572 153.9841 -0.1143 3.9436 -0.2473 -0.5714 -0.6186 -1.6316 -1.6501 -0.0588 0.5822 1-4cyli.dat
1 0 -65.8708 -47.2572 153.9841 0.1143 3.9436 0.2473 0.5714 -0.6186 1.6316 1.6501 -0.0588 -0.5822 1-4cyli.dat
1 0 -65.7378 -46.1969 151.7517 0.1143 3.9436 0.2473 0.5714 -0.6186 1.6316 1.6501 -0.0588 -0.5822 3-4cyli.dat
2 24 -72.058 -45.514 155.509 -64.990 -46.798 155.599
2 24 -72.449 -47.740 154.500 -65.381 -49.023 154.590
2 24 -71.850 -44.526 153.249 -64.782 -45.810 153.339
2 24 -72.241 -46.752 152.240 -65.173 -48.036 152.330
2 24 -72.266 -46.502 157.769 -65.198 -47.786 157.858
2 24 -72.658 -48.727 156.759 -65.589 -50.011 156.849
1 0 -72.5659 -48.1079 158.3935 -0.0916 7.0682 -0.2998 -0.6189 -1.2839 -1.6067 -1.6343 0.0899 0.6252 3-4cyli.dat
1 0 -72.3577 -47.1200 156.1338 -0.0916 7.0682 -0.2998 -0.6189 -1.2839 -1.6067 -1.6343 0.0899 0.6252 1-4cyli.dat
1 0 -72.3577 -47.1200 156.1338 0.0916 7.0682 0.2998 0.6189 -1.2839 1.6067 1.6343 0.0899 -0.6252 1-4cyli.dat
1 0 -72.1496 -46.1325 153.8750 -0.0916 7.0682 -0.2998 -0.6189 -1.2839 -1.6067 -1.6343 0.0899 0.6252 1-4cyli.dat
1 0 -72.1496 -46.1325 153.8750 0.0916 7.0682 0.2998 0.6189 -1.2839 1.6067 1.6343 0.0899 -0.6252 1-4cyli.dat
1 0 -71.9414 -45.1445 151.6153 0.0916 7.0682 0.2998 0.6189 -1.2839 1.6067 1.6343 0.0899 -0.6252 3-4cyli.dat
2 24 -75.216 -44.879 155.381 -71.299 -45.643 155.490
2 24 -75.629 -47.133 154.445 -71.712 -47.897 154.554
2 24 -74.975 -43.972 153.091 -71.058 -44.736 153.200
2 24 -75.389 -46.225 152.155 -71.472 -46.989 152.264
2 24 -75.456 -45.787 157.671 -71.539 -46.550 157.780
2 24 -75.870 -48.040 156.735 -71.953 -48.804 156.844
1 0 -75.7831 -47.3663 158.3481 -0.0865 3.9170 -0.3269 -0.6730 -0.7638 -1.5803 -1.6130 0.1087 0.6769 3-4cyli.dat
1 0 -75.5426 -46.4590 156.0580 -0.0865 3.9170 -0.3269 -0.6730 -0.7638 -1.5803 -1.6130 0.1087 0.6769 1-4cyli.dat
1 0 -75.5426 -46.4590 156.0580 0.0865 3.9170 0.3269 0.6730 -0.7638 1.5803 1.6130 0.1087 -0.6769 1-4cyli.dat
1 0 -75.3023 -45.5521 153.7688 -0.0865 3.9170 -0.3269 -0.6730 -0.7638 -1.5803 -1.6130 0.1087 0.6769 1-4cyli.dat
1 0 -75.3023 -45.5521 153.7688 0.0865 3.9170 0.3269 0.6730 -0.7638 1.5803 1.6130 0.1087 -0.6769 1-4cyli.dat
1 0 -75.0618 -44.6448 151.4787 0.0865 3.9170 0.3269 0.6730 -0.7638 1.5803 1.6130 0.1087 -0.6769 3-4cyli.dat
2 24 -81.230 -43.576 155.049 -74.211 -45.071 155.388
2 24 -81.672 -45.848 154.173 -74.653 -47.343 154.512
2 24 -80.941 -42.741 152.737 -73.922 -44.236 153.076
2 24 -81.382 -45.014 151.861 -74.363 -46.509 152.200
2 24 -81.519 -44.411 157.361 -74.500 -45.906 157.700
2 24 -81.961 -46.683 156.485 -74.942 -48.178 156.824
1 0 -81.8846 -45.9638 158.0788 -0.0762 7.0190 -0.3655 -0.7187 -1.4950 -1.5534 -1.5937 0.3387 0.7180 3-4cyli.dat
1 0 -81.5953 -45.1290 155.7669 -0.0762 7.0190 -0.3655 -0.7187 -1.4950 -1.5534 -1.5937 0.3387 0.7180 1-4cyli.dat
1 0 -81.5953 -45.1290 155.7669 0.0762 7.0190 0.3655 0.7187 -1.4950 1.5534 1.5937 0.3387 -0.7180 1-4cyli.dat
1 0 -81.3061 -44.2946 153.4559 -0.0762 7.0190 -0.3655 -0.7187 -1.4950 -1.5534 -1.5937 0.3387 0.7180 1-4cyli.dat
1 0 -81.3061 -44.2946 153.4559 0.0762 7.0190 0.3655 0.7187 -1.4950 1.5534 1.5937 0.3387 -0.7180 1-4cyli.dat
1 0 -81.0167 -43.4598 151.1440 0.0762 7.0190 0.3655 0.7187 -1.4950 1.5534 1.5937 0.3387 -0.7180 3-4cyli.dat
2 24 -87.539 -42.073 154.529 -80.560 -43.704 155.034
2 24 -88.021 -44.374 153.757 -81.043 -46.006 154.261
2 24 -87.202 -41.356 152.184 -80.223 -42.988 152.689
2 24 -87.684 -43.658 151.412 -80.706 -45.289 151.916
2 24 -87.876 -42.789 156.874 -80.897 -44.420 157.379
2 24 -88.358 -45.090 156.102 -81.380 -46.722 156.606
1 0 -88.2853 -44.2971 157.6601 -0.0726 6.9785 -0.4096 -0.7925 -1.6315 -1.5087 -1.5585 0.5045 0.7863 3-4cyli.dat
1 0 -87.9483 -43.5808 155.3151 -0.0726 6.9785 -0.4096 -0.7925 -1.6315 -1.5087 -1.5585 0.5045 0.7863 1-4cyli.dat
1 0 -87.9483 -43.5808 155.3151 0.0726 6.9785 0.4096 0.7925 -1.6315 1.5087 1.5585 0.5045 -0.7863 1-4cyli.dat
1 0 -87.6115 -42.8649 152.9710 -0.0726 6.9785 -0.4096 -0.7925 -1.6315 -1.5087 -1.5585 0.5045 0.7863 1-4cyli.dat
1 0 -87.6115 -42.8649 152.9710 0.0726 6.9785 0.4096 0.7925 -1.6315 1.5087 1.5585 0.5045 -0.7863 1-4cyli.dat
1 0 -87.2745 -42.1486 150.6260 0.0726 6.9785 0.4096 0.7925 -1.6315 1.5087 1.5585 0.5045 -0.7863 3-4cyli.dat
2 24 -90.654 -41.299 154.223 -86.788 -42.239 154.544
2 24 -91.162 -43.623 153.539 -87.295 -44.563 153.860
2 24 -90.307 -40.678 151.853 -86.440 -41.617 152.174
2 24 -90.814 -43.002 151.169 -86.948 -43.941 151.490
2 24 -91.002 -41.921 156.593 -87.136 -42.861 156.914
2 24 -91.510 -44.245 155.909 -87.643 -45.184 156.230
1 0 -91.4300 -43.3932 157.4360 -0.0800 3.8668 -0.4278 -0.8510 -0.9395 -1.4726 -1.5270 0.3211 0.8431 3-4cyli.dat
1 0 -91.0821 -42.7716 155.0657 -0.0800 3.8668 -0.4278 -0.8510 -0.9395 -1.4726 -1.5270 0.3211 0.8431 1-4cyli.dat
1 0 -91.0821 -42.7716 155.0657 0.0800 3.8668 0.4278 0.8510 -0.9395 1.4726 1.5270 0.3211 -0.8431 1-4cyli.dat
1 0 -90.7343 -42.1502 152.6964 -0.0800 3.8668 -0.4278 -0.8510 -0.9395 -1.4726 -1.5270 0.3211 0.8431 1-4cyli.dat
1 0 -90.7343 -42.1502 152.6964 0.0800 3.8668 0.4278 0.8510 -0.9395 1.4726 1.5270 0.3211 -0.8431 1-4cyli.dat
1 0 -90.3865 -41.5286 150.3261 0.0800 3.8668 0.4278 0.8510 -0.9395 1.4726 1.5270 0.3211 -0.8431 3-4cyli.dat
2 24 -96.824 -39.687 153.550 -89.901 -41.475 154.251
2 24 -97.365 -42.024 152.940 -90.442 -43.812 153.641
2 24 -96.444 -39.152 151.164 -89.521 -40.940 151.865
2 24 -96.986 -41.488 150.554 -90.063 -43.276 151.254
2 24 -97.204 -40.222 155.937 -90.280 -42.010 156.637
2 24 -97.745 -42.559 155.326 -90.822 -44.347 156.027
1 0 -97.6641 -41.6578 156.8242 -0.0809 6.9230 -0.4607 -0.9006 -1.7880 -1.4358 -1.4982 0.7008 0.8880 3-4cyli.dat
1 0 -97.2843 -41.1225 154.4379 -0.0809 6.9230 -0.4607 -0.9006 -1.7880 -1.4358 -1.4982 0.7008 0.8880 1-4cyli.dat
1 0 -97.2843 -41.1225 154.4379 0.0809 6.9230 0.4607 0.9006 -1.7880 1.4358 1.4982 0.7008 -0.8880 1-4cyli.dat
1 0 -96.9046 -40.5875 152.0524 -0.0809 6.9230 -0.4607 -0.9006 -1.7880 -1.4358 -1.4982 0.7008 0.8880 1-4cyli.dat
1 0 -96.9046 -40.5875 152.0524 0.0809 6.9230 0.4607 0.9006 -1.7880 1.4358 1.4982 0.7008 -0.8880 1-4cyli.dat
1 0 -96.5248 -40.0522 149.6660 0.0809 6.9230 0.4607 0.9006 -1.7880 1.4358 1.4982 0.7008 -0.8880 3-4cyli.dat
2 24 -103.051 -37.974 152.750 -96.164 -39.850 153.565
2 24 -103.634 -40.328 152.255 -96.747 -42.204 153.070
2 24 -102.655 -37.565 150.342 -95.768 -39.441 151.156
2 24 -103.238 -39.919 149.846 -96.350 -41.795 150.661
2 24 -103.448 -38.383 155.159 -96.560 -40.259 155.974
2 24 -104.030 -40.737 154.664 -97.143 -42.613 155.478
1 0 -103.9367 -39.7636 156.1152 -0.0932 6.8872 -0.4893 -0.9724 -1.8759 -1.3813 -1.4519 0.8145 0.9565 3-4cyli.dat
1 0 -103.5405 -39.3547 153.7066 -0.0932 6.8872 -0.4893 -0.9724 -1.8759 -1.3813 -1.4519 0.8145 0.9565 1-4cyli.dat
1 0 -103.5405 -39.3547 153.7066 0.0932 6.8872 0.4893 0.9724 -1.8759 1.3813 1.4519 0.8145 -0.9565 1-4cyli.dat
1 0 -103.1444 -38.9460 151.2990 -0.0932 6.8872 -0.4893 -0.9724 -1.8759 -1.3813 -1.4519 0.8145 0.9565 1-4cyli.dat
1 0 -103.1444 -38.9460 151.2990 0.0932 6.8872 0.4893 0.9724 -1.8759 1.3813 1.4519 0.8145 -0.9565 1-4cyli.dat
1 0 -102.7482 -38.5371 148.8904 0.0932 6.8872 0.4893 0.9724 -1.8759 1.3813 1.4519 0.8145 -0.9565 3-4cyli.dat
2 24 -112.126 -35.334 151.417 -102.243 -38.187 152.785
2 24 -112.758 -37.699 151.052 -102.875 -40.552 152.420
2 24 -111.714 -35.070 148.991 -101.831 -37.923 150.359
2 24 -112.346 -37.435 148.626 -102.463 -40.288 149.994
2 24 -112.538 -35.599 153.843 -102.655 -38.452 155.211
2 24 -113.170 -37.963 153.478 -103.287 -40.816 154.846
1 0 -113.0594 -36.9125 154.8735 -0.1101 9.8826 -0.5221 -1.0503 -2.8530 -1.3144 -1.3954 1.3676 1.0306 3-4cyli.dat
1 0 -112.6474 -36.6484 152.4473 -0.1101 9.8826 -0.5221 -1.0503 -2.8530 -1.3144 -1.3954 1.3676 1.0306 1-4cyli.dat
1 0 -112.6474 -36.6484 152.4473 0.1101 9.8826 0.5221 1.0503 -2.8530 1.3144 1.3954 1.3676 -1.0306 1-4cyli.dat
1 0 -112.2356 -36.3844 150.0222 -0.1101 9.8826 -0.5221 -1.0503 -2.8530 -1.3144 -1.3954 1.3676 1.0306 1-4cyli.dat
1 0 -112.2356 -36.3844 150.0222 0.1101 9.8826 0.5221 1.0503 -2.8530 1.3144 1.3954 1.3676 -1.0306 1-4cyli.dat
1 0 -111.8236 -36.1202 147.5961 0.1101 9.8826 0.5221 1.0503 -2.8530 1.3144 1.3954 1.3676 -1.0306 3-4cyli.dat
2 24 -118.118 -33.501 150.377 -111.319 -35.563 151.443
2 24 -118.808 -35.870 150.192 -112.009 -37.933 151.258
2 24 -117.713 -33.428 147.936 -110.914 -35.490 149.002
2 24 -118.403 -35.798 147.751 -111.604 -37.860 148.817
2 24 -118.523 -33.573 152.817 -111.724 -35.636 153.884
2 24 -119.213 -35.943 152.632 -112.414 -38.005 153.698
1 0 -119.0699 -34.7941 153.9444 -0.1424 6.7990 -0.5473 -1.1484 -2.0622 -1.2211 -1.3127 1.0664 1.1277 3-4cyli.dat
1 0 -118.6650 -34.7214 151.5038 -0.1424 6.7990 -0.5473 -1.1484 -2.0622 -1.2211 -1.3127 1.0664 1.1277 1-4cyli.dat
1 0 -118.6650 -34.7214 151.5038 0.1424 6.7990 0.5473 1.1484 -2.0622 1.2211 1.3127 1.0664 -1.1277 1-4cyli.dat
1 0 -118.2603 -34.6487 149.0642 -0.1424 6.7990 -0.5473 -1.1484 -2.0622 -1.2211 -1.3127 1.0664 1.1277 1-4cyli.dat
1 0 -118.2603 -34.6487 149.0642 0.1424 6.7990 0.5473 1.1484 -2.0622 1.2211 1.3127 1.0664 -1.1277 1-4cyli.dat
1 0 -117.8555 -34.5760 146.6236 0.1424 6.7990 0.5473 1.1484 -2.0622 1.2211 1.3127 1.0664 -1.1277 3-4cyli.dat
2 24 -129.920 -29.727 148.200 -117.172 -33.792 150.457
2 24 -130.666 -32.087 148.162 -117.918 -36.151 150.419
2 24 -129.516 -29.815 145.760 -116.768 -33.879 148.017
2 24 -130.262 -32.175 145.722 -117.514 -36.239 147.978
2 24 -130.324 -29.640 150.641 -117.576 -33.704 152.897
2 24 -131.070 -31.999 150.602 -118.322 -36.063 152.859
1 0 -130.8985 -30.7750 151.8410 -0.1708 12.7478 -0.5747 -1.2237 -4.0642 -1.1359 -1.2393 2.2566 1.2008 3-4cyli.dat
1 0 -130.4946 -30.8628 149.4008 -0.1708 12.7478 -0.5747 -1.2237 -4.0642 -1.1359 -1.2393 2.2566 1.2008 1-4cyli.dat
1 0 -130.4946 -30.8628 149.4008 0.1708 12.7478 0.5747 1.2237 -4.0642 1.1359 1.2393 2.2566 -1.2008 1-4cyli.dat
1 0 -130.0908 -30.9506 146.9615 -0.1708 12.7478 -0.5747 -1.2237 -4.0642 -1.1359 -1.2393 2.2566 1.2008 1-4cyli.dat
1 0 -130.0908 -30.9506 146.9615 0.1708 12.7478 0.5747 1.2237 -4.0642 1.1359 1.2393 2.2566 -1.2008 1-4cyli.dat
1 0 -129.6868 -31.0385 144.5213 0.1708 12.7478 0.5747 1.2237 -4.0642 1.1359 1.2393 2.2566 -1.2008 3-4cyli.dat
2 24 -141.776 -25.725 145.657 -129.147 -29.984 148.206
2 24 -142.603 -28.047 145.878 -129.975 -32.306 148.427
2 24 -141.409 -26.086 143.236 -128.780 -30.345 145.786
2 24 -142.236 -28.408 143.457 -129.608 -32.667 146.007
2 24 -142.143 -25.364 148.078 -129.514 -29.623 150.627
2 24 -142.970 -27.686 148.299 -130.342 -31.945 150.848
1 0 -142.7396 -26.3439 149.3979 -0.2304 12.6283 -0.5973 -1.3415 -4.2590 -0.9803 -1.0999 2.5497 1.3208 3-4cyli.dat
1 0 -142.3726 -26.7051 146.9770 -0.2304 12.6283 -0.5973 -1.3415 -4.2590 -0.9803 -1.0999 2.5497 1.3208 1-4cyli.dat
1 0 -142.3726 -26.7051 146.9770 0.2304 12.6283 0.5973 1.3415 -4.2590 0.9803 1.0999 2.5497 -1.3208 1-4cyli.dat
1 0 -142.0058 -27.0661 144.5572 -0.2304 12.6283 -0.5973 -1.3415 -4.2590 -0.9803 -1.0999 2.5497 1.3208 1-4cyli.dat
1 0 -142.0058 -27.0661 144.5572 0.2304 12.6283 0.5973 1.3415 -4.2590 0.9803 1.0999 2.5497 -1.3208 1-4cyli.dat
1 0 -141.6388 -27.4273 142.1363 0.2304 12.6283 0.5973 1.3415 -4.2590 0.9803 1.0999 2.5497 -1.3208 3-4cyli.dat
2 24 -153.528 -21.585 142.870 -141.015 -26.010 145.687
2 24 -154.432 -23.839 143.344 -141.919 -28.265 146.161
2 24 -153.215 -22.210 140.496 -140.701 -26.635 143.313
2 24 -154.119 -24.464 140.970 -141.605 -28.890 143.787
2 24 -153.842 -20.960 145.244 -141.328 -25.385 148.061
2 24 -154.746 -23.214 145.718 -142.232 -27.640 148.535
1 0 -154.4502 -21.7743 146.6678 -0.2953 12.5137 -0.6087 -1.4397 -4.4257 -0.8148 -0.9500 2.8171 1.4240 3-4cyli.dat
1 0 -154.1367 -22.3992 144.2936 -0.2953 12.5137 -0.6087 -1.4397 -4.4257 -0.8148 -0.9500 2.8171 1.4240 1-4cyli.dat
1 0 -154.1367 -22.3992 144.2936 0.2953 12.5137 0.6087 1.4397 -4.4257 0.8148 0.9500 2.8171 -1.4240 1-4cyli.dat
1 0 -153.8233 -23.0238 141.9204 -0.2953 12.5137 -0.6087 -1.4397 -4.4257 -0.8148 -0.9500 2.8171 1.4240 1-4cyli.dat
1 0 -153.8233 -23.0238 141.9204 0.2953 12.5137 0.6087 1.4397 -4.4257 0.8148 0.9500 2.8171 -1.4240 1-4cyli.dat
1 0 -153.5099 -23.6487 139.5462 0.2953 12.5137 0.6087 1.4397 -4.4257 0.8148 0.9500 2.8171 -1.4240 3-4cyli.dat
2 24 -165.184 -17.323 139.864 -152.777 -21.888 142.920
2 24 -166.154 -19.487 140.573 -153.747 -24.051 143.628
2 24 -164.935 -18.190 137.559 -152.528 -22.754 140.615
2 24 -165.906 -20.354 138.268 -153.498 -24.918 141.324
2 24 -165.433 -16.457 142.169 -153.025 -21.021 145.225
2 24 -166.403 -18.620 142.878 -153.996 -23.185 145.933
1 0 -166.0421 -17.1048 143.6750 -0.3608 12.4074 -0.6096 -1.5150 -4.5644 -0.6484 -0.7980 3.0558 1.5067 3-4cyli.dat
1 0 -165.7933 -17.9715 141.3701 -0.3608 12.4074 -0.6096 -1.5150 -4.5644 -0.6484 -0.7980 3.0558 1.5067 1-4cyli.dat
1 0 -165.7933 -17.9715 141.3701 0.3608 12.4074 0.6096 1.5150 -4.5644 0.6484 0.7980 3.0558 -1.5067 1-4cyli.dat
1 0 -165.5446 -18.8378 139.0661 -0.3608 12.4074 -0.6096 -1.5150 -4.5644 -0.6484 -0.7980 3.0558 1.5067 1-4cyli.dat
1 0 -165.5446 -18.8378 139.0661 0.3608 12.4074 0.6096 1.5150 -4.5644 0.6484 0.7980 3.0558 -1.5067 1-4cyli.dat
1 0 -165.2957 -19.7045 136.7612 0.3608 12.4074 0.6096 1.5150 -4.5644 0.6484 0.7980 3.0558 -1.5067 3-4cyli.dat
2 24 -176.750 -12.960 136.664 -164.445 -17.645 139.943
2 24 -177.778 -15.015 137.584 -165.472 -19.700 140.863
2 24 -176.571 -14.043 134.445 -164.266 -18.728 137.724
2 24 -177.599 -16.098 135.366 -165.293 -20.783 138.644
2 24 -176.929 -11.877 138.882 -164.624 -16.562 142.161
2 24 -177.956 -13.932 139.802 -165.651 -18.617 143.081
1 0 -177.5319 -12.3634 140.4508 -0.4243 12.3052 -0.6032 -1.5688 -4.6847 -0.4861 -0.6490 3.2789 1.5692 3-4cyli.dat
1 0 -177.3530 -13.4462 138.2324 -0.4243 12.3052 -0.6032 -1.5688 -4.6847 -0.4861 -0.6490 3.2789 1.5692 1-4cyli.dat
1 0 -177.3530 -13.4462 138.2324 0.4243 12.3052 0.6032 1.5688 -4.6847 0.4861 0.6490 3.2789 -1.5692 1-4cyli.dat
1 0 -177.1741 -14.5285 136.0149 -0.4243 12.3052 -0.6032 -1.5688 -4.6847 -0.4861 -0.6490 3.2789 1.5692 1-4cyli.dat
1 0 -177.1741 -14.5285 136.0149 0.4243 12.3052 0.6032 1.5688 -4.6847 0.4861 0.6490 3.2789 -1.5692 1-4cyli.dat
1 0 -176.9952 -15.6113 133.7966 0.4243 12.3052 0.6032 1.5688 -4.6847 0.4861 0.6490 3.2789 -1.5692 3-4cyli.dat
2 24 -188.229 -8.504 133.281 -176.020 -13.291 136.765
2 24 -189.304 -10.441 134.385 -177.094 -15.228 137.869
2 24 -188.121 -9.773 131.159 -175.912 -14.560 134.643
2 24 -189.196 -11.711 132.262 -176.986 -16.497 135.747
2 24 -188.337 -7.235 135.403 -176.128 -12.022 138.887
2 24 -189.412 -9.172 136.507 -177.202 -13.959 139.991
1 0 -188.9280 -7.5691 137.0151 -0.4832 12.2092 -0.5912 -1.6030 -4.7866 -0.3340 -0.5091 3.4841 1.6128 3-4cyli.dat
1 0 -188.8200 -8.8382 134.8930 -0.4832 12.2092 -0.5912 -1.6030 -4.7866 -0.3340 -0.5091 3.4841 1.6128 1-4cyli.dat
1 0 -188.8200 -8.8382 134.8930 0.4832 12.2092 0.5912 1.6030 -4.7866 0.3340 0.5091 3.4841 -1.6128 1-4cyli.dat
1 0 -188.7121 -10.1068 132.7718 -0.4832 12.2092 -0.5912 -1.6030 -4.7866 -0.3340 -0.5091 3.4841 1.6128 1-4cyli.dat
1 0 -188.7121 -10.1068 132.7718 0.4832 12.2092 0.5912 1.6030 -4.7866 0.3340 0.5091 3.4841 -1.6128 1-4cyli.dat
1 0 -188.6040 -11.3759 130.6497 0.4832 12.2092 0.5912 1.6030 -4.7866 0.3340 0.5091 3.4841 -1.6128 3-4cyli.dat
2 24 -199.626 -3.968 129.730 -187.510 -8.844 133.410
2 24 -200.739 -5.783 130.990 -188.624 -10.660 134.671
2 24 -199.586 -5.396 127.708 -187.470 -10.272 131.389
2 24 -200.700 -7.211 128.969 -188.584 -12.087 132.650
2 24 -199.665 -2.540 131.751 -187.549 -7.416 135.432
2 24 -200.779 -4.356 133.011 -188.663 -9.232 136.692
1 0 -200.2414 -2.7340 133.3911 -0.5371 12.1156 -0.5765 -1.6215 -4.8762 -0.1939 -0.3803 3.6810 1.6408 3-4cyli.dat
1 0 -200.2019 -4.1618 131.3698 -0.5371 12.1156 -0.5765 -1.6215 -4.8762 -0.1939 -0.3803 3.6810 1.6408 1-4cyli.dat
1 0 -200.2019 -4.1618 131.3698 0.5371 12.1156 0.5765 1.6215 -4.8762 0.1939 0.3803 3.6810 -1.6408 1-4cyli.dat
1 0 -200.1624 -5.5889 129.3493 -0.5371 12.1156 -0.5765 -1.6215 -4.8762 -0.1939 -0.3803 3.6810 1.6408 1-4cyli.dat
1 0 -200.1624 -5.5889 129.3493 0.5371 12.1156 0.5765 1.6215 -4.8762 0.1939 0.3803 3.6810 -1.6408 1-4cyli.dat
1 0 -200.1229 -7.0166 127.3280 0.5371 12.1156 0.5765 1.6215 -4.8762 0.1939 0.3803 3.6810 -1.6408 3-4cyli.dat
2 24 -210.940 0.643 126.012 -198.914 -4.310 129.880
2 24 -212.086 -1.053 127.404 -200.060 -6.006 131.271
2 24 -210.964 -0.917 124.091 -198.938 -5.870 127.958
2 24 -212.110 -2.613 125.483 -200.084 -7.566 129.350
2 24 -210.915 2.203 127.934 -198.889 -2.750 131.801
2 24 -212.061 0.507 129.325 -200.035 -4.446 133.193
1 0 -211.4752 2.1353 129.5894 -0.5853 12.0260 -0.5606 -1.6278 -4.9532 -0.0679 -0.2648 3.8673 1.6563 3-4cyli.dat
1 0 -211.4999 0.5753 127.6681 -0.5853 12.0260 -0.5606 -1.6278 -4.9532 -0.0679 -0.2648 3.8673 1.6563 1-4cyli.dat
1 0 -211.4999 0.5753 127.6681 0.5853 12.0260 0.5606 1.6278 -4.9532 0.0679 0.2648 3.8673 -1.6563 1-4cyli.dat
1 0 -211.5246 -0.9841 125.7476 -0.5853 12.0260 -0.5606 -1.6278 -4.9532 -0.0679 -0.2648 3.8673 1.6563 1-4cyli.dat
1 0 -211.5246 -0.9841 125.7476 0.5853 12.0260 0.5606 1.6278 -4.9532 0.0679 0.2648 3.8673 -1.6563 1-4cyli.dat
1 0 -211.5493 -2.5441 123.8263 0.5853 12.0260 0.5606 1.6278 -4.9532 0.0679 0.2648 3.8673 -1.6563 3-4cyli.dat
2 24 -222.171 5.320 122.132 -210.236 0.297 126.188
2 24 -223.345 3.741 123.632 -211.411 -1.282 127.688
2 24 -222.254 3.649 120.308 -210.320 -1.374 124.364
2 24 -223.429 2.070 121.808 -211.494 -2.953 125.864
2 24 -222.087 6.991 123.956 -210.153 1.968 128.012
2 24 -223.262 5.412 125.456 -211.328 0.389 129.512
1 0 -222.6326 7.0371 125.6171 -0.6290 11.9344 -0.5456 -1.6250 -5.0233 0.0458 -0.1617 4.0561 1.6621 3-4cyli.dat
1 0 -222.7161 5.3662 123.7932 -0.6290 11.9344 -0.5456 -1.6250 -5.0233 0.0458 -0.1617 4.0561 1.6621 1-4cyli.dat
1 0 -222.7161 5.3662 123.7932 0.6290 11.9344 0.5456 1.6250 -5.0233 -0.0458 0.1617 4.0561 -1.6621 1-4cyli.dat
1 0 -222.7995 3.6959 121.9700 -0.6290 11.9344 -0.5456 -1.6250 -5.0233 0.0458 -0.1617 4.0561 1.6621 1-4cyli.dat
1 0 -222.7995 3.6959 121.9700 0.6290 11.9344 0.5456 1.6250 -5.0233 -0.0458 0.1617 4.0561 -1.6621 1-4cyli.dat
1 0 -222.8829 2.0249 120.1462 0.6290 11.9344 0.5456 1.6250 -5.0233 -0.0458 0.1617 4.0561 -1.6621 3-4cyli.dat
2 24 -235.957 11.202 117.111 -221.337 4.916 122.373
2 24 -237.159 9.736 118.701 -222.540 3.449 123.963
2 24 -236.093 9.437 115.381 -221.473 3.151 120.643
2 24 -237.296 7.971 116.971 -222.676 1.685 122.233
2 24 -235.820 12.967 118.841 -221.201 6.680 124.103
2 24 -237.023 11.501 120.431 -222.404 5.214 125.693
1 0 -236.3534 13.1161 120.5001 -0.6695 14.6194 -0.5333 -1.6153 -6.2866 0.1493 -0.0698 5.2619 1.6600 3-4cyli.dat
1 0 -236.4896 11.3514 118.7702 -0.6695 14.6194 -0.5333 -1.6153 -6.2866 0.1493 -0.0698 5.2619 1.6600 1-4cyli.dat
1 0 -236.4896 11.3514 118.7702 0.6695 14.6194 0.5333 1.6153 -6.2866 -0.1493 0.0698 5.2619 -1.6600 1-4cyli.dat
1 0 -236.6258 9.5873 117.0409 -0.6695 14.6194 -0.5333 -1.6153 -6.2866 0.1493 -0.0698 5.2619 1.6600 1-4cyli.dat
1 0 -236.6258 9.5873 117.0409 0.6695 14.6194 0.5333 1.6153 -6.2866 -0.1493 0.0698 5.2619 -1.6600 1-4cyli.dat
1 0 -236.7620 7.8226 115.3109 0.6695 14.6194 0.5333 1.6153 -6.2866 -0.1493 0.0698 5.2619 -1.6600 3-4cyli.dat
2 24 -252.520 18.440 110.676 -235.296 10.857 117.306
2 24 -253.754 17.104 112.354 -236.530 9.521 118.984
2 24 -252.713 16.582 109.053 -235.489 8.998 115.683
2 24 -253.948 15.245 110.732 -236.724 7.662 117.362
2 24 -252.326 20.299 112.299 -235.102 12.716 118.929
2 24 -253.560 18.963 113.977 -236.336 11.379 120.607
1 0 -252.8460 20.5602 113.9484 -0.7140 17.2241 -0.5202 -1.5974 -7.5834 0.2612 0.0277 6.6300 1.6503 3-4cyli.dat
1 0 -253.0398 18.7014 112.3257 -0.7140 17.2241 -0.5202 -1.5974 -7.5834 0.2612 0.0277 6.6300 1.6503 1-4cyli.dat
1 0 -253.0398 18.7014 112.3257 0.7140 17.2241 0.5202 1.5974 -7.5834 -0.2612 -0.0277 6.6300 -1.6503 1-4cyli.dat
1 0 -253.2334 16.8434 110.7037 -0.7140 17.2241 -0.5202 -1.5974 -7.5834 0.2612 0.0277 6.6300 1.6503 1-4cyli.dat
1 0 -253.2334 16.8434 110.7037 0.7140 17.2241 0.5202 1.5974 -7.5834 -0.2612 -0.0277 6.6300 -1.6503 1-4cyli.dat
1 0 -253.4272 14.9847 109.0810 0.7140 17.2241 0.5202 1.5974 -7.5834 -0.2612 -0.0277 6.6300 -1.6503 3-4cyli.dat
2 24 -266.186 24.527 105.018 -251.868 18.090 110.892
2 24 -267.448 23.322 106.773 -253.130 16.886 112.647
2 24 -266.438 22.585 103.504 -252.120 16.149 109.378
2 24 -267.700 21.380 105.260 -253.382 14.944 111.134
2 24 -265.934 26.469 106.531 -251.616 20.032 112.406
2 24 -267.196 25.264 108.287 -252.878 18.828 114.161
1 0 -266.4388 26.8374 108.1651 -0.7568 14.3178 -0.5049 -1.5732 -6.4366 0.3686 0.1210 5.8743 1.6345 3-4cyli.dat
1 0 -266.6907 24.8955 106.6515 -0.7568 14.3178 -0.5049 -1.5732 -6.4366 0.3686 0.1210 5.8743 1.6345 1-4cyli.dat
1 0 -266.6907 24.8955 106.6515 0.7568 14.3178 0.5049 1.5732 -6.4366 -0.3686 -0.1210 5.8743 -1.6345 1-4cyli.dat
1 0 -266.9426 22.9544 105.1384 -0.7568 14.3178 -0.5049 -1.5732 -6.4366 0.3686 0.1210 5.8743 1.6345 1-4cyli.dat
1 0 -266.9426 22.9544 105.1384 0.7568 14.3178 0.5049 1.5732 -6.4366 -0.3686 -0.1210 5.8743 -1.6345 1-4cyli.dat
1 0 -267.1945 21.0125 103.6248 0.7568 14.3178 0.5049 1.5732 -6.4366 -0.3686 -0.1210 5.8743 -1.6345 3-4cyli.dat
2 24 -279.628 30.638 99.122 -265.459 24.152 105.296
2 24 -280.918 29.536 100.925 -266.749 23.050 107.098
2 24 -279.920 28.639 97.692 -265.751 22.154 103.865
2 24 -281.209 27.537 99.494 -267.040 21.052 105.667
2 24 -279.337 32.636 100.553 -265.168 26.151 106.727
2 24 -280.626 31.534 102.355 -266.457 25.049 108.529
1 0 -279.8356 33.0843 102.1689 -0.7905 14.1691 -0.4991 -1.5502 -6.4855 0.4482 0.1858 6.1733 1.6163 3-4cyli.dat
1 0 -280.1270 31.0858 100.7382 -0.7905 14.1691 -0.4991 -1.5502 -6.4855 0.4482 0.1858 6.1733 1.6163 1-4cyli.dat
1 0 -280.1270 31.0858 100.7382 0.7905 14.1691 0.4991 1.5502 -6.4855 -0.4482 -0.1858 6.1733 -1.6163 1-4cyli.dat
1 0 -280.4183 29.0882 99.3082 -0.7905 14.1691 -0.4991 -1.5502 -6.4855 0.4482 0.1858 6.1733 1.6163 1-4cyli.dat
1 0 -280.4183 29.0882 99.3082 0.7905 14.1691 0.4991 1.5502 -6.4855 -0.4482 -0.1858 6.1733 -1.6163 1-4cyli.dat
1 0 -280.7097 27.0897 97.8775 0.7905 14.1691 0.4991 1.5502 -6.4855 -0.4482 -0.1858 6.1733 -1.6163 3-4cyli.dat
2 24 -284.912 33.048 96.702 -278.881 30.257 99.433
2 24 -286.217 32.027 98.540 -280.187 29.236 101.271
2 24 -285.238 31.008 95.338 -279.207 28.218 98.069
2 24 -286.543 29.987 97.176 -280.513 27.197 99.908
2 24 -284.586 35.087 98.065 -278.556 32.297 100.797
2 24 -285.891 34.066 99.904 -279.861 31.276 102.635
1 0 -285.0755 35.5961 99.6660 -0.8155 6.0307 -0.4895 -1.5300 -2.7905 0.5092 0.2373 2.7313 1.6011 3-4cyli.dat
1 0 -285.4015 33.5567 98.3021 -0.8155 6.0307 -0.4895 -1.5300 -2.7905 0.5092 0.2373 2.7313 1.6011 1-4cyli.dat
1 0 -285.4015 33.5567 98.3021 0.8155 6.0307 0.4895 1.5300 -2.7905 -0.5092 -0.2373 2.7313 -1.6011 1-4cyli.dat
1 0 -285.7273 31.5181 96.9388 -0.8155 6.0307 -0.4895 -1.5300 -2.7905 0.5092 0.2373 2.7313 1.6011 1-4cyli.dat
1 0 -285.7273 31.5181 96.9388 0.8155 6.0307 0.4895 1.5300 -2.7905 -0.5092 -0.2373 2.7313 -1.6011 1-4cyli.dat
1 0 -286.0533 29.4786 95.5749 0.8155 6.0307 0.4895 1.5300 -2.7905 -0.5092 -0.2373 2.7313 -1.6011 3-4cyli.dat
2 24 -298.124 39.213 90.443 -284.167 32.684 97.037
2 24 -299.453 38.237 92.289 -285.495 31.708 98.883
2 24 -298.459 37.153 89.112 -284.502 30.624 95.707
2 24 -299.788 36.177 90.958 -285.830 29.648 97.552
2 24 -297.789 41.273 91.773 -283.832 34.744 98.367
2 24 -299.118 40.297 93.619 -285.160 33.768 100.213
1 0 -298.2858 41.8150 93.3606 -0.8318 13.9576 -0.4968 -1.5179 -6.5295 0.5419 0.2577 6.5944 1.5880 3-4cyli.dat
1 0 -298.6209 39.7551 92.0302 -0.8318 13.9576 -0.4968 -1.5179 -6.5295 0.5419 0.2577 6.5944 1.5880 1-4cyli.dat
1 0 -298.6209 39.7551 92.0302 0.8318 13.9576 0.4968 1.5179 -6.5295 -0.5419 -0.2577 6.5944 -1.5880 1-4cyli.dat
1 0 -298.9558 37.6960 90.7003 -0.8318 13.9576 -0.4968 -1.5179 -6.5295 0.5419 0.2577 6.5944 1.5880 1-4cyli.dat
1 0 -298.9558 37.6960 90.7003 0.8318 13.9576 0.4968 1.5179 -6.5295 -0.5419 -0.2577 6.5944 -1.5880 1-4cyli.dat
1 0 -299.2909 35.6361 89.3698 0.8318 13.9576 0.4968 1.5179 -6.5295 -0.5419 -0.2577 6.5944 -1.5880 3-4cyli.dat
2 24 -308.719 44.205 85.129 -297.542 38.907 90.707
2 24 -310.076 43.307 86.994 -298.899 38.009 92.573
2 24 -309.079 42.111 83.860 -297.901 36.813 89.438
2 24 -310.435 41.213 85.725 -299.258 35.915 91.303
2 24 -308.360 46.299 86.398 -297.183 41.001 91.976
2 24 -309.717 45.402 88.264 -298.539 40.103 93.842
1 0 -308.8585 46.8973 87.9650 -0.8578 11.1772 -0.4986 -1.4959 -5.2981 0.5981 0.2980 5.5782 1.5672 3-4cyli.dat
1 0 -309.2177 44.8031 86.6957 -0.8578 11.1772 -0.4986 -1.4959 -5.2981 0.5981 0.2980 5.5782 1.5672 1-4cyli.dat
1 0 -309.2177 44.8031 86.6957 0.8578 11.1772 0.4986 1.4959 -5.2981 -0.5981 -0.2980 5.5782 -1.5672 1-4cyli.dat
1 0 -309.5768 42.7098 85.4270 -0.8578 11.1772 -0.4986 -1.4959 -5.2981 0.5981 0.2980 5.5782 1.5672 1-4cyli.dat
1 0 -309.5768 42.7098 85.4270 0.8578 11.1772 0.4986 1.4959 -5.2981 -0.5981 -0.2980 5.5782 -1.5672 1-4cyli.dat
1 0 -309.9360 40.6156 84.1577 0.8578 11.1772 0.4986 1.4959 -5.2981 -0.5981 -0.2980 5.5782 -1.5672 3-4cyli.dat
2 24 -316.662 47.985 80.969 -308.193 43.931 85.388
2 24 -318.042 47.145 82.844 -309.574 43.091 87.262
2 24 -317.037 45.867 79.744 -308.568 41.814 84.163
2 24 -318.417 45.027 81.619 -309.948 40.973 86.037
2 24 -316.287 50.103 82.194 -307.819 46.049 86.613
2 24 -317.668 49.263 84.069 -309.199 45.209 88.487
1 0 -316.7901 50.7413 83.7432 -0.8774 8.4687 -0.5028 -1.4789 -4.0537 0.6387 0.3248 4.4186 1.5497 3-4cyli.dat
1 0 -317.1647 48.6235 82.5183 -0.8774 8.4687 -0.5028 -1.4789 -4.0537 0.6387 0.3248 4.4186 1.5497 1-4cyli.dat
1 0 -317.1647 48.6235 82.5183 0.8774 8.4687 0.5028 1.4789 -4.0537 -0.6387 -0.3248 4.4186 -1.5497 1-4cyli.dat
1 0 -317.5391 46.5067 81.2938 -0.8774 8.4687 -0.5028 -1.4789 -4.0537 0.6387 0.3248 4.4186 1.5497 1-4cyli.dat
1 0 -317.5391 46.5067 81.2938 0.8774 8.4687 0.5028 1.4789 -4.0537 -0.6387 -0.3248 4.4186 -1.5497 1-4cyli.dat
1 0 -317.9136 44.3889 80.0688 0.8774 8.4687 0.5028 1.4789 -4.0537 -0.6387 -0.3248 4.4186 -1.5497 3-4cyli.dat
2 24 -324.264 51.636 76.844 -315.861 47.584 81.389
2 24 -325.664 50.837 78.722 -317.262 46.786 83.267
2 24 -324.647 49.502 75.651 -316.245 45.450 80.196
2 24 -326.048 48.703 77.529 -317.645 44.652 82.074
2 24 -323.880 53.770 78.038 -315.478 49.718 82.583
2 24 -325.281 52.971 79.916 -316.878 48.920 84.461
1 0 -324.3886 54.4373 79.5729 -0.8920 8.4025 -0.5086 -1.4661 -4.0517 0.6678 0.3421 4.5450 1.5355 3-4cyli.dat
1 0 -324.7721 52.3033 78.3794 -0.8920 8.4025 -0.5086 -1.4661 -4.0517 0.6678 0.3421 4.5450 1.5355 1-4cyli.dat
1 0 -324.7721 52.3033 78.3794 0.8920 8.4025 0.5086 1.4661 -4.0517 -0.6678 -0.3421 4.5450 -1.5355 1-4cyli.dat
1 0 -325.1555 50.1701 77.1865 -0.8920 8.4025 -0.5086 -1.4661 -4.0517 0.6678 0.3421 4.5450 1.5355 1-4cyli.dat
1 0 -325.1555 50.1701 77.1865 0.8920 8.4025 0.5086 1.4661 -4.0517 -0.6678 -0.3421 4.5450 -1.5355 1-4cyli.dat
1 0 -325.5389 48.0360 75.9930 0.8920 8.4025 0.5086 1.4661 -4.0517 -0.6678 -0.3421 4.5450 -1.5355 3-4cyli.dat
2 24 -334.405 56.558 71.061 -323.541 51.270 77.235
2 24 -335.836 55.806 72.935 -324.972 50.518 79.109
2 24 -334.793 54.406 69.901 -323.929 49.119 76.075
2 24 -336.224 53.654 71.775 -325.360 48.366 77.949
2 24 -334.017 58.709 72.221 -323.153 53.422 78.395
2 24 -335.448 57.957 74.095 -324.584 52.670 80.269
1 0 -334.5381 59.4090 73.7369 -0.9095 10.8643 -0.5215 -1.4518 -5.2876 0.6997 0.3570 6.1745 1.5168 3-4cyli.dat
1 0 -334.9261 57.2573 72.5770 -0.9095 10.8643 -0.5215 -1.4518 -5.2876 0.6997 0.3570 6.1745 1.5168 1-4cyli.dat
1 0 -334.9261 57.2573 72.5770 0.9095 10.8643 0.5215 1.4518 -5.2876 -0.6997 -0.3570 6.1745 -1.5168 1-4cyli.dat
1 0 -335.3139 55.1065 71.4176 -0.9095 10.8643 -0.5215 -1.4518 -5.2876 0.6997 0.3570 6.1745 1.5168 1-4cyli.dat
1 0 -335.3139 55.1065 71.4176 0.9095 10.8643 0.5215 1.4518 -5.2876 -0.6997 -0.3570 6.1745 -1.5168 1-4cyli.dat
1 0 -335.7019 52.9548 70.2577 0.9095 10.8643 0.5215 1.4518 -5.2876 -0.6997 -0.3570 6.1745 -1.5168 3-4cyli.dat
2 24 -344.478 61.492 64.975 -333.767 56.227 71.431
2 24 -345.946 60.794 66.842 -335.235 55.529 73.297
2 24 -344.870 59.320 63.855 -334.159 54.055 70.310
2 24 -346.338 58.622 65.722 -335.627 53.358 72.177
2 24 -344.085 63.664 66.095 -333.374 58.399 72.551
2 24 -345.553 62.966 67.962 -334.842 57.701 74.417
1 0 -344.6226 64.4005 67.5882 -0.9301 10.7110 -0.5376 -1.4346 -5.2649 0.7371 0.3732 6.4552 1.4933 3-4cyli.dat
1 0 -345.0151 62.2287 66.4681 -0.9301 10.7110 -0.5376 -1.4346 -5.2649 0.7371 0.3732 6.4552 1.4933 1-4cyli.dat
1 0 -345.0151 62.2287 66.4681 0.9301 10.7110 0.5376 1.4346 -5.2649 -0.7371 -0.3732 6.4552 -1.4933 1-4cyli.dat
1 0 -345.4074 60.0577 65.3484 -0.9301 10.7110 -0.5376 -1.4346 -5.2649 0.7371 0.3732 6.4552 1.4933 1-4cyli.dat
1 0 -345.4074 60.0577 65.3484 0.9301 10.7110 0.5376 1.4346 -5.2649 -0.7371 -0.3732 6.4552 -1.4933 1-4cyli.dat
1 0 -345.7999 57.8859 64.2283 0.9301 10.7110 0.5376 1.4346 -5.2649 -0.7371 -0.3732 6.4552 -1.4933 3-4cyli.dat
2 24 -349.499 63.964 61.790 -343.894 61.189 65.326
2 24 -350.996 63.311 63.651 -345.391 60.536 67.186
2 24 -349.896 61.776 60.703 -344.291 59.002 64.239
2 24 -351.393 61.123 62.563 -345.788 58.349 66.099
2 24 -349.102 66.151 62.878 -343.497 63.377 66.414
2 24 -350.599 65.498 64.738 -344.994 62.724 68.274
1 0 -349.6517 66.9184 64.3509 -0.9467 5.6051 -0.5497 -1.4202 -2.7745 0.7673 0.3863 3.5357 1.4736 3-4cyli.dat
1 0 -350.0487 64.7307 63.2636 -0.9467 5.6051 -0.5497 -1.4202 -2.7745 0.7673 0.3863 3.5357 1.4736 1-4cyli.dat
1 0 -350.0487 64.7307 63.2636 0.9467 5.6051 0.5497 1.4202 -2.7745 -0.7673 -0.3863 3.5357 -1.4736 1-4cyli.dat
1 0 -350.4455 62.5439 62.1767 -0.9467 5.6051 -0.5497 -1.4202 -2.7745 0.7673 0.3863 3.5357 1.4736 1-4cyli.dat
1 0 -350.4455 62.5439 62.1767 0.9467 5.6051 0.5497 1.4202 -2.7745 -0.7673 -0.3863 3.5357 -1.4736 1-4cyli.dat
1 0 -350.8425 60.3563 61.0894 0.9467 5.6051 0.5497 1.4202 -2.7745 -0.7673 -0.3863 3.5357 -1.4736 3-4cyli.dat
2 24 -359.361 68.872 55.231 -348.923 63.668 62.165
2 24 -360.893 68.254 57.074 -350.455 63.050 64.008
2 24 -359.752 66.671 54.169 -349.314 61.467 61.102
2 24 -361.284 66.053 56.012 -350.846 60.850 62.945
2 24 -358.970 71.073 56.294 -348.531 65.869 63.228
2 24 -360.502 70.455 58.137 -350.063 65.251 65.071
1 0 -359.5402 71.8637 57.7466 -0.9616 10.4386 -0.5704 -1.4091 -5.2038 0.7914 0.3901 6.9334 1.4528 3-4cyli.dat
1 0 -359.9313 69.6630 56.6837 -0.9616 10.4386 -0.5704 -1.4091 -5.2038 0.7914 0.3901 6.9334 1.4528 1-4cyli.dat
1 0 -359.9313 69.6630 56.6837 0.9616 10.4386 0.5704 1.4091 -5.2038 -0.7914 -0.3901 6.9334 -1.4528 1-4cyli.dat
1 0 -360.3223 67.4632 55.6213 -0.9616 10.4386 -0.5704 -1.4091 -5.2038 0.7914 0.3901 6.9334 1.4528 1-4cyli.dat
1 0 -360.3223 67.4632 55.6213 0.9616 10.4386 0.5704 1.4091 -5.2038 -0.7914 -0.3901 6.9334 -1.4528 1-4cyli.dat
1 0 -360.7134 65.2625 54.5585 0.9616 10.4386 0.5704 1.4091 -5.2038 -0.7914 -0.3901 6.9334 -1.4528 3-4cyli.dat
2 24 -366.498 72.447 50.142 -358.669 68.512 55.700
2 24 -368.076 71.879 51.962 -360.246 67.944 57.520
2 24 -366.884 70.229 49.115 -359.055 66.293 54.673
2 24 -368.462 69.661 50.935 -360.632 65.725 56.494
2 24 -366.112 74.666 51.169 -358.282 70.731 56.727
2 24 -367.689 74.098 52.989 -359.860 70.163 58.547
1 0 -366.7072 75.4907 52.5918 -0.9819 7.8292 -0.5958 -1.3932 -3.9352 0.8252 0.3967 5.5582 1.4235 3-4cyli.dat
1 0 -367.0933 73.2721 51.5649 -0.9819 7.8292 -0.5958 -1.3932 -3.9352 0.8252 0.3967 5.5582 1.4235 1-4cyli.dat
1 0 -367.0933 73.2721 51.5649 0.9819 7.8292 0.5958 1.3932 -3.9352 -0.8252 -0.3967 5.5582 -1.4235 1-4cyli.dat
1 0 -367.4792 71.0545 50.5385 -0.9819 7.8292 -0.5958 -1.3932 -3.9352 0.8252 0.3967 5.5582 1.4235 1-4cyli.dat
1 0 -367.4792 71.0545 50.5385 0.9819 7.8292 0.5958 1.3932 -3.9352 -0.8252 -0.3967 5.5582 -1.4235 1-4cyli.dat
1 0 -367.8654 68.8359 49.5116 0.9819 7.8292 0.5958 1.3932 -3.9352 -0.8252 -0.3967 5.5582 -1.4235 3-4cyli.dat
2 24 -371.210 74.820 46.624 -365.868 72.121 50.598
2 24 -372.821 74.286 48.426 -367.478 71.587 52.400
2 24 -371.592 72.589 45.622 -366.249 69.890 49.596
2 24 -373.202 72.055 47.424 -367.860 69.356 51.398
2 24 -370.829 77.051 47.626 -365.487 74.352 51.600
2 24 -372.439 76.516 49.428 -367.097 73.818 53.402
1 0 -371.4429 77.8985 49.0276 -0.9958 5.3421 -0.6144 -1.3823 -2.6989 0.8482 0.3998 3.9742 1.4019 3-4cyli.dat
1 0 -371.8243 75.6679 48.0255 -0.9958 5.3421 -0.6144 -1.3823 -2.6989 0.8482 0.3998 3.9742 1.4019 1-4cyli.dat
1 0 -371.8243 75.6679 48.0255 0.9958 5.3421 0.6144 1.3823 -2.6989 -0.8482 -0.3998 3.9742 -1.4019 1-4cyli.dat
1 0 -372.2055 73.4381 47.0237 -0.9958 5.3421 -0.6144 -1.3823 -2.6989 0.8482 0.3998 3.9742 1.4019 1-4cyli.dat
1 0 -372.2055 73.4381 47.0237 0.9958 5.3421 0.6144 1.3823 -2.6989 -0.8482 -0.3998 3.9742 -1.4019 1-4cyli.dat
1 0 -372.5870 71.2075 46.0215 0.9958 5.3421 0.6144 1.3823 -2.6989 -0.8482 -0.3998 3.9742 -1.4019 3-4cyli.dat
2 24 -375.786 77.137 43.058 -370.519 74.464 47.148
2 24 -377.427 76.630 44.839 -372.160 73.957 48.930
2 24 -376.160 74.896 42.075 -370.893 72.223 46.166
2 24 -377.801 74.389 43.857 -372.534 71.716 47.948
2 24 -375.411 79.377 44.040 -370.144 76.705 48.130
2 24 -377.053 78.870 45.822 -371.786 76.198 49.912
1 0 -376.0447 80.2439 45.4214 -1.0076 5.2671 -0.6335 -1.3738 -2.6726 0.8667 0.3998 4.0904 1.3820 3-4cyli.dat
1 0 -376.4188 78.0032 44.4391 -1.0076 5.2671 -0.6335 -1.3738 -2.6726 0.8667 0.3998 4.0904 1.3820 1-4cyli.dat
1 0 -376.4188 78.0032 44.4391 1.0076 5.2671 0.6335 1.3738 -2.6726 -0.8667 -0.3998 4.0904 -1.3820 1-4cyli.dat
1 0 -376.7928 75.7634 43.4572 -1.0076 5.2671 -0.6335 -1.3738 -2.6726 0.8667 0.3998 4.0904 1.3820 1-4cyli.dat
1 0 -376.7928 75.7634 43.4572 1.0076 5.2671 0.6335 1.3738 -2.6726 -0.8667 -0.3998 4.0904 -1.3820 1-4cyli.dat
1 0 -377.1669 73.5227 42.4749 1.0076 5.2671 0.6335 1.3738 -2.6726 -0.8667 -0.3998 4.0904 -1.3820 3-4cyli.dat
2 24 -380.469 79.518 39.238 -375.284 76.876 43.452
2 24 -382.142 79.039 40.997 -376.957 76.396 45.211
2 24 -380.834 77.267 38.276 -375.649 74.625 42.490
2 24 -382.508 76.788 40.035 -377.323 74.146 44.249
2 24 -380.103 81.769 40.200 -374.918 79.127 44.413
2 24 -381.777 81.290 41.959 -376.592 78.647 46.172
1 0 -380.7570 82.6546 41.5600 -1.0195 5.1850 -0.6541 -1.3653 -2.6421 0.8855 0.3985 4.2133 1.3603 3-4cyli.dat
1 0 -381.1224 80.4036 40.5982 -1.0195 5.1850 -0.6541 -1.3653 -2.6421 0.8855 0.3985 4.2133 1.3603 1-4cyli.dat
1 0 -381.1224 80.4036 40.5982 1.0195 5.1850 0.6541 1.3653 -2.6421 -0.8855 -0.3985 4.2133 -1.3603 1-4cyli.dat
1 0 -381.4877 78.1536 39.6367 -1.0195 5.1850 -0.6541 -1.3653 -2.6421 0.8855 0.3985 4.2133 1.3603 1-4cyli.dat
1 0 -381.4877 78.1536 39.6367 1.0195 5.1850 0.6541 1.3653 -2.6421 -0.8855 -0.3985 4.2133 -1.3603 1-4cyli.dat
1 0 -381.8531 75.9026 38.6748 1.0195 5.1850 0.6541 1.3653 -2.6421 -0.8855 -0.3985 4.2133 -1.3603 3-4cyli.dat
2 24 -385.043 81.856 35.278 -379.973 79.260 39.656
2 24 -386.761 81.410 37.003 -381.691 78.813 41.381
2 24 -385.394 79.592 34.342 -380.325 76.996 38.720
2 24 -387.112 79.146 36.067 -382.043 76.549 40.445
2 24 -384.692 84.120 36.214 -379.622 81.524 40.592
2 24 -386.410 83.674 37.939 -381.340 81.077 42.317
1 0 -385.3749 85.0290 37.5436 -1.0346 5.0698 -0.6834 -1.3552 -2.5966 0.9088 0.3943 4.3785 1.3302 3-4cyli.dat
1 0 -385.7261 82.7649 36.6077 -1.0346 5.0698 -0.6834 -1.3552 -2.5966 0.9088 0.3943 4.3785 1.3302 1-4cyli.dat
1 0 -385.7261 82.7649 36.6077 1.0346 5.0698 0.6834 1.3552 -2.5966 -0.9088 -0.3943 4.3785 -1.3302 1-4cyli.dat
1 0 -386.0773 80.5017 35.6721 -1.0346 5.0698 -0.6834 -1.3552 -2.5966 0.9088 0.3943 4.3785 1.3302 1-4cyli.dat
1 0 -386.0773 80.5017 35.6721 1.0346 5.0698 0.6834 1.3552 -2.5966 -0.9088 -0.3943 4.3785 -1.3302 1-4cyli.dat
1 0 -386.4285 78.2376 34.7361 1.0346 5.0698 0.6834 1.3552 -2.5966 -0.9088 -0.3943 4.3785 -1.3302 3-4cyli.dat
2 24 -389.353 84.068 31.343 -384.385 81.514 35.860
2 24 -391.108 83.650 33.036 -386.140 81.096 37.554
2 24 -389.692 81.793 30.429 -384.724 79.239 34.947
2 24 -391.447 81.375 32.123 -386.479 78.821 36.641
2 24 -389.013 86.343 32.256 -384.045 83.789 36.774
2 24 -390.769 85.925 33.950 -385.801 83.371 38.468
1 0 -389.7212 87.2715 33.5590 -1.0472 4.9680 -0.7081 -1.3466 -2.5543 0.9284 0.3902 4.5178 1.3035 3-4cyli.dat
1 0 -390.0604 84.9964 32.6456 -1.0472 4.9680 -0.7081 -1.3466 -2.5543 0.9284 0.3902 4.5178 1.3035 1-4cyli.dat
1 0 -390.0604 84.9964 32.6456 1.0472 4.9680 0.7081 1.3466 -2.5543 -0.9284 -0.3902 4.5178 -1.3035 1-4cyli.dat
1 0 -390.3994 82.7221 31.7326 -1.0472 4.9680 -0.7081 -1.3466 -2.5543 0.9284 0.3902 4.5178 1.3035 1-4cyli.dat
1 0 -390.3994 82.7221 31.7326 1.0472 4.9680 0.7081 1.3466 -2.5543 -0.9284 -0.3902 4.5178 -1.3035 1-4cyli.dat
1 0 -390.7386 80.4470 30.8192 1.0472 4.9680 0.7081 1.3466 -2.5543 -0.9284 -0.3902 4.5178 -1.3035 3-4cyli.dat
2 24 -391.538 85.191 29.274 -388.816 83.789 31.836
2 24 -393.318 84.793 30.946 -390.597 83.390 33.509
2 24 -391.869 82.909 28.377 -389.148 81.506 30.939
2 24 -393.650 82.510 30.049 -390.928 81.108 32.612
2 24 -391.206 87.474 30.171 -388.485 86.072 32.733
2 24 -392.986 87.076 31.843 -390.265 85.673 34.406
1 0 -391.9297 88.4158 31.4553 -1.0560 2.7212 -0.7242 -1.3405 -1.4026 0.9420 0.3876 2.5624 1.2847 3-4cyli.dat
1 0 -392.2615 86.1331 30.5581 -1.0560 2.7212 -0.7242 -1.3405 -1.4026 0.9420 0.3876 2.5624 1.2847 1-4cyli.dat
1 0 -392.2615 86.1331 30.5581 1.0560 2.7212 0.7242 1.3405 -1.4026 -0.9420 -0.3876 2.5624 -1.2847 1-4cyli.dat
1 0 -392.5931 83.8514 29.6613 -1.0560 2.7212 -0.7242 -1.3405 -1.4026 0.9420 0.3876 2.5624 1.2847 1-4cyli.dat
1 0 -392.5931 83.8514 29.6613 1.0560 2.7212 0.7242 1.3405 -1.4026 -0.9420 -0.3876 2.5624 -1.2847 1-4cyli.dat
1 0 -392.9249 81.5687 28.7642 1.0560 2.7212 0.7242 1.3405 -1.4026 -0.9420 -0.3876 2.5624 -1.2847 3-4cyli.dat
2 24 -395.752 87.371 25.001 -391.002 84.912 29.799
2 24 -397.583 87.004 26.626 -392.833 84.545 31.423
2 24 -396.063 85.074 24.133 -391.314 82.615 28.930
2 24 -397.894 84.708 25.757 -393.145 82.249 30.554
2 24 -395.441 89.667 25.870 -390.691 87.208 30.667
2 24 -397.271 89.301 27.495 -392.522 86.842 32.292
1 0 -396.1999 90.6319 27.1164 -1.0710 4.7495 -0.7596 -1.3313 -2.4589 0.9650 0.3779 4.7972 1.2467 3-4cyli.dat
1 0 -396.5113 88.3354 26.2476 -1.0710 4.7495 -0.7596 -1.3313 -2.4589 0.9650 0.3779 4.7972 1.2467 1-4cyli.dat
1 0 -396.5113 88.3354 26.2476 1.0710 4.7495 0.7596 1.3313 -2.4589 -0.9650 -0.3779 4.7972 -1.2467 1-4cyli.dat
1 0 -396.8225 86.0399 25.3792 -1.0710 4.7495 -0.7596 -1.3313 -2.4589 0.9650 0.3779 4.7972 1.2467 1-4cyli.dat
1 0 -396.8225 86.0399 25.3792 1.0710 4.7495 0.7596 1.3313 -2.4589 -0.9650 -0.3779 4.7972 -1.2467 1-4cyli.dat
1 0 -397.1339 83.7434 24.5104 1.0710 4.7495 0.7596 1.3313 -2.4589 -0.9650 -0.3779 4.7972 -1.2467 3-4cyli.dat
2 24 -397.669 88.363 22.977 -395.076 87.018 25.698
2 24 -399.527 88.016 24.575 -396.934 86.671 27.296
2 24 -397.971 86.059 22.125 -395.378 84.713 24.847
2 24 -399.829 85.712 23.724 -397.236 84.366 26.445
2 24 -397.367 90.667 23.828 -394.774 89.322 26.549
2 24 -399.224 90.320 25.426 -396.632 88.975 28.148
1 0 -398.1442 91.6456 25.0523 -1.0798 2.5928 -0.7776 -1.3255 -1.3454 0.9786 0.3735 2.7212 1.2247 3-4cyli.dat
1 0 -398.4463 89.3413 24.2010 -1.0798 2.5928 -0.7776 -1.3255 -1.3454 0.9786 0.3735 2.7212 1.2247 1-4cyli.dat
1 0 -398.4463 89.3413 24.2010 1.0798 2.5928 0.7776 1.3255 -1.3454 -0.9786 -0.3735 2.7212 -1.2247 1-4cyli.dat
1 0 -398.7483 87.0380 23.3500 -1.0798 2.5928 -0.7776 -1.3255 -1.3454 0.9786 0.3735 2.7212 1.2247 1-4cyli.dat
1 0 -398.7483 87.0380 23.3500 1.0798 2.5928 0.7776 1.3255 -1.3454 -0.9786 -0.3735 2.7212 -1.2247 1-4cyli.dat
1 0 -399.0505 84.7337 22.4987 1.0798 2.5928 0.7776 1.3255 -1.3454 -0.9786 -0.3735 2.7212 -1.2247 3-4cyli.dat
2 24 -399.623 89.378 20.788 -397.098 88.064 23.587
2 24 -401.519 89.055 22.346 -398.993 87.741 25.146
2 24 -399.909 87.064 19.960 -397.384 85.750 22.759
2 24 -401.805 86.741 21.518 -399.280 85.427 24.317
2 24 -399.337 91.693 21.616 -396.812 90.379 24.416
2 24 -401.232 91.370 23.175 -398.707 90.056 25.974
1 0 -400.1409 92.6884 22.8092 -1.0909 2.5251 -0.8045 -1.3188 -1.3140 0.9957 0.3650 2.7992 1.1932 3-4cyli.dat
1 0 -400.4272 90.3738 21.9809 -1.0909 2.5251 -0.8045 -1.3188 -1.3140 0.9957 0.3650 2.7992 1.1932 1-4cyli.dat
1 0 -400.4272 90.3738 21.9809 1.0909 2.5251 0.8045 1.3188 -1.3140 -0.9957 -0.3650 2.7992 -1.1932 1-4cyli.dat
1 0 -400.7135 88.0601 21.1530 -1.0909 2.5251 -0.8045 -1.3188 -1.3140 0.9957 0.3650 2.7992 1.1932 1-4cyli.dat
1 0 -400.7135 88.0601 21.1530 1.0909 2.5251 0.8045 1.3188 -1.3140 -0.9957 -0.3650 2.7992 -1.1932 1-4cyli.dat
1 0 -400.9998 85.7454 20.3248 1.0909 2.5251 0.8045 1.3188 -1.3140 -0.9957 -0.3650 2.7992 -1.1932 3-4cyli.dat
2 24 -403.540 91.421 16.171 -399.130 89.119 21.354
2 24 -405.475 91.122 17.685 -401.065 88.821 22.868
2 24 -403.810 89.095 15.367 -399.399 86.794 20.551
2 24 -405.745 88.797 16.881 -401.334 86.495 22.065
2 24 -403.271 93.746 16.974 -398.860 91.445 22.157
2 24 -405.206 93.448 18.488 -400.795 91.146 23.671
1 0 -404.1031 94.7594 18.1320 -1.1022 4.4105 -0.8327 -1.3120 -2.3015 1.0133 0.3553 5.1834 1.1585 3-4cyli.dat
1 0 -404.3726 92.4339 17.3288 -1.1022 4.4105 -0.8327 -1.3120 -2.3015 1.0133 0.3553 5.1834 1.1585 1-4cyli.dat
1 0 -404.3726 92.4339 17.3288 1.1022 4.4105 0.8327 1.3120 -2.3015 -1.0133 -0.3553 5.1834 -1.1585 1-4cyli.dat
1 0 -404.6420 90.1094 16.5259 -1.1022 4.4105 -0.8327 -1.3120 -2.3015 1.0133 0.3553 5.1834 1.1585 1-4cyli.dat
1 0 -404.6420 90.1094 16.5259 1.1022 4.4105 0.8327 1.3120 -2.3015 -1.0133 -0.3553 5.1834 -1.1585 1-4cyli.dat
1 0 -404.9115 87.7839 15.7226 1.1022 4.4105 0.8327 1.3120 -2.3015 -1.0133 -0.3553 5.1834 -1.1585 3-4cyli.dat
2 24 -405.393 92.390 13.769 -403.053 91.164 16.762
2 24 -407.384 92.125 15.216 -405.043 90.899 18.210
2 24 -405.639 90.049 13.003 -403.299 88.823 15.996
2 24 -407.629 89.784 14.450 -405.289 88.559 17.444
2 24 -405.147 94.730 14.535 -402.807 93.504 17.528
2 24 -407.138 94.465 15.983 -404.798 93.240 18.976
1 0 -406.0192 95.7676 15.6415 -1.1179 2.3401 -0.8720 -1.3025 -1.2257 1.0379 0.3406 2.9933 1.1067 3-4cyli.dat
1 0 -406.2651 93.4270 14.8753 -1.1179 2.3401 -0.8720 -1.3025 -1.2257 1.0379 0.3406 2.9933 1.1067 1-4cyli.dat
1 0 -406.2651 93.4270 14.8753 1.1179 2.3401 0.8720 1.3025 -1.2257 -1.0379 -0.3406 2.9933 -1.1067 1-4cyli.dat
1 0 -406.5109 91.0874 14.1095 -1.1179 2.3401 -0.8720 -1.3025 -1.2257 1.0379 0.3406 2.9933 1.1067 1-4cyli.dat
1 0 -406.5109 91.0874 14.1095 1.1179 2.3401 0.8720 1.3025 -1.2257 -1.0379 -0.3406 2.9933 -1.1067 1-4cyli.dat
1 0 -406.7568 88.7469 13.3434 1.1179 2.3401 0.8720 1.3025 -1.2257 -1.0379 -0.3406 2.9933 -1.1067 3-4cyli.dat
2 24 -407.286 93.382 11.186 -405.025 92.195 14.254
2 24 -409.313 93.139 12.586 -407.051 91.952 15.654
2 24 -407.516 91.031 10.446 -405.254 89.844 13.514
2 24 -409.542 90.789 11.846 -407.281 89.601 14.914
2 24 -407.057 95.732 11.926 -404.795 94.545 14.995
2 24 -409.083 95.490 13.326 -406.822 94.303 16.394
1 0 -407.9547 96.7859 12.9959 -1.1280 2.2615 -0.8985 -1.2966 -1.1871 1.0538 0.3298 3.0683 1.0699 3-4cyli.dat
1 0 -408.1843 94.4354 12.2557 -1.1280 2.2615 -0.8985 -1.2966 -1.1871 1.0538 0.3298 3.0683 1.0699 1-4cyli.dat
1 0 -408.1843 94.4354 12.2557 1.1280 2.2615 0.8985 1.2966 -1.1871 -1.0538 -0.3298 3.0683 -1.0699 1-4cyli.dat
1 0 -408.4138 92.0858 11.5158 -1.1280 2.2615 -0.8985 -1.2966 -1.1871 1.0538 0.3298 3.0683 1.0699 1-4cyli.dat
1 0 -408.4138 92.0858 11.5158 1.1280 2.2615 0.8985 1.2966 -1.1871 -1.0538 -0.3298 3.0683 -1.0699 1-4cyli.dat
1 0 -408.6433 89.7352 10.7756 1.1280 2.2615 0.8985 1.2966 -1.1871 -1.0538 -0.3298 3.0683 -1.0699 3-4cyli.dat
2 24 -408.973 94.268 8.739 -406.793 93.122 11.881
2 24 -411.036 94.047 10.089 -408.856 92.900 13.231
2 24 -409.186 91.908 8.026 -407.007 90.761 11.168
2 24 -411.249 91.686 9.375 -409.069 90.540 12.517
2 24 -408.760 96.629 9.452 -406.580 95.482 12.594
2 24 -410.822 96.407 10.802 -408.643 95.260 13.944
1 0 -409.6841 97.6975 10.4835 -1.1378 2.1796 -0.9246 -1.2909 -1.1465 1.0693 0.3182 3.1421 1.0315 3-4cyli.dat
1 0 -409.8972 95.3372 9.7701 -1.1378 2.1796 -0.9246 -1.2909 -1.1465 1.0693 0.3182 3.1421 1.0315 1-4cyli.dat
1 0 -409.8972 95.3372 9.7701 1.1378 2.1796 0.9246 1.2909 -1.1465 -1.0693 -0.3182 3.1421 -1.0315 1-4cyli.dat
1 0 -410.1103 92.9778 9.0570 -1.1378 2.1796 -0.9246 -1.2909 -1.1465 1.0693 0.3182 3.1421 1.0315 1-4cyli.dat
1 0 -410.1103 92.9778 9.0570 1.1378 2.1796 0.9246 1.2909 -1.1465 -1.0693 -0.3182 3.1421 -1.0315 1-4cyli.dat
1 0 -410.3235 90.6174 8.3436 1.1378 2.1796 0.9246 1.2909 -1.1465 -1.0693 -0.3182 3.1421 -1.0315 3-4cyli.dat
2 24 -410.616 95.133 6.243 -408.497 94.017 9.436
2 24 -412.704 94.926 7.556 -410.584 93.810 10.750
2 24 -410.818 92.766 5.549 -408.698 91.650 8.743
2 24 -412.906 92.559 6.862 -410.786 91.443 10.056
2 24 -410.415 97.501 6.937 -408.295 96.384 10.130
2 24 -412.502 97.294 8.250 -410.382 96.177 11.444
1 0 -411.3570 98.5803 7.9400 -1.1446 2.1197 -0.9429 -1.2870 -1.1167 1.0800 0.3097 3.1934 1.0035 3-4cyli.dat
1 0 -411.5587 96.2131 7.2462 -1.1446 2.1197 -0.9429 -1.2870 -1.1167 1.0800 0.3097 3.1934 1.0035 1-4cyli.dat
1 0 -411.5587 96.2131 7.2462 1.1446 2.1197 0.9429 1.2870 -1.1167 -1.0800 -0.3097 3.1934 -1.0035 1-4cyli.dat
1 0 -411.7603 93.8469 6.5526 -1.1446 2.1197 -0.9429 -1.2870 -1.1167 1.0800 0.3097 3.1934 1.0035 1-4cyli.dat
1 0 -411.7603 93.8469 6.5526 1.1446 2.1197 0.9429 1.2870 -1.1167 -1.0800 -0.3097 3.1934 -1.0035 1-4cyli.dat
1 0 -411.9621 91.4797 5.8587 1.1446 2.1197 0.9429 1.2870 -1.1167 -1.0800 -0.3097 3.1934 -1.0035 3-4cyli.dat
2 24 -412.114 95.924 3.676 -410.152 94.887 6.995
2 24 -414.263 95.752 4.892 -412.301 94.715 8.211
2 24 -412.287 93.540 3.033 -410.325 92.503 6.352
2 24 -414.435 93.368 4.250 -412.474 92.331 7.568
2 24 -411.941 98.308 4.319 -409.979 97.271 7.638
2 24 -414.090 98.136 5.535 -412.128 97.099 8.854
1 0 -412.9287 99.4134 5.2479 -1.1606 1.9617 -0.9879 -1.2779 -1.0369 1.1057 0.2868 3.3188 0.9294 3-4cyli.dat
1 0 -413.1014 97.0295 4.6052 -1.1606 1.9617 -0.9879 -1.2779 -1.0369 1.1057 0.2868 3.3188 0.9294 1-4cyli.dat
1 0 -413.1014 97.0295 4.6052 1.1606 1.9617 0.9879 1.2779 -1.0369 -1.1057 -0.2868 3.3188 -0.9294 1-4cyli.dat
1 0 -413.2741 94.6467 3.9628 -1.1606 1.9617 -0.9879 -1.2779 -1.0369 1.1057 0.2868 3.3188 0.9294 1-4cyli.dat
1 0 -413.2741 94.6467 3.9628 1.1606 1.9617 0.9879 1.2779 -1.0369 -1.1057 -0.2868 3.3188 -0.9294 1-4cyli.dat
1 0 -413.4469 92.2628 3.3201 1.1606 1.9617 0.9879 1.2779 -1.0369 -1.1057 -0.2868 3.3188 -0.9294 3-4cyli.dat
2 24 -413.543 96.681 1.034 -411.682 95.695 4.426
2 24 -415.727 96.528 2.189 -413.866 95.543 5.580
2 24 -413.699 94.287 0.424 -411.838 93.302 3.816
2 24 -415.883 94.135 1.578 -414.022 93.149 4.970
2 24 -413.388 99.074 1.644 -411.527 98.089 5.036
2 24 -415.572 98.922 2.799 -413.711 97.937 6.190
1 0 -414.4015 100.1945 2.5262 -1.1698 1.8611 -1.0142 -1.2728 -0.9855 1.1206 0.2721 3.3916 0.8821 3-4cyli.dat
1 0 -414.5571 97.8009 1.9161 -1.1698 1.8611 -1.0142 -1.2728 -0.9855 1.1206 0.2721 3.3916 0.8821 1-4cyli.dat
1 0 -414.5571 97.8009 1.9161 1.1698 1.8611 1.0142 1.2728 -0.9855 -1.1206 -0.2721 3.3916 -0.8821 1-4cyli.dat
1 0 -414.7127 95.4083 1.3063 -1.1698 1.8611 -1.0142 -1.2728 -0.9855 1.1206 0.2721 3.3916 0.8821 1-4cyli.dat
1 0 -414.7127 95.4083 1.3063 1.1698 1.8611 1.0142 1.2728 -0.9855 -1.1206 -0.2721 3.3916 -0.8821 1-4cyli.dat
1 0 -414.8683 93.0147 0.6962 1.1698 1.8611 1.0142 1.2728 -0.9855 -1.1206 -0.2721 3.3916 -0.8821 3-4cyli.dat
2 24 -414.958 97.431 -1.886 -413.247 96.523 1.605
2 24 -417.190 97.306 -0.824 -415.479 96.398 2.667
2 24 -415.090 95.024 -2.447 -413.379 94.116 1.044
2 24 -417.322 94.899 -1.386 -415.611 93.991 2.105
2 24 -414.826 99.838 -1.324 -413.115 98.930 2.167
2 24 -417.058 99.713 -0.263 -415.347 98.805 3.228
1 0 -415.8755 100.9781 -0.5131 -1.1820 1.7107 -1.0501 -1.2659 -0.9080 1.1407 0.2499 3.4910 0.8113 3-4cyli.dat
1 0 -416.0074 98.5713 -1.0745 -1.1820 1.7107 -1.0501 -1.2659 -0.9080 1.1407 0.2499 3.4910 0.8113 1-4cyli.dat
1 0 -416.0074 98.5713 -1.0745 1.1820 1.7107 1.0501 1.2659 -0.9080 -1.1407 -0.2499 3.4910 -0.8113 1-4cyli.dat
1 0 -416.1393 96.1654 -1.6357 -1.1820 1.7107 -1.0501 -1.2659 -0.9080 1.1407 0.2499 3.4910 0.8113 1-4cyli.dat
1 0 -416.1393 96.1654 -1.6357 1.1820 1.7107 1.0501 1.2659 -0.9080 -1.1407 -0.2499 3.4910 -0.8113 1-4cyli.dat
1 0 -416.2712 93.7585 -2.1971 1.1820 1.7107 1.0501 1.2659 -0.9080 -1.1407 -0.2499 3.4910 -0.8113 3-4cyli.dat
2 24 -416.164 98.072 -4.653 -414.589 97.235 -1.081
2 24 -418.435 97.968 -3.676 -416.860 97.131 -0.104
2 24 -416.276 95.654 -5.170 -414.701 94.817 -1.599
2 24 -418.547 95.551 -4.193 -416.973 94.713 -0.621
2 24 -416.051 100.490 -4.135 -414.477 99.652 -0.564
2 24 -418.323 100.386 -3.158 -416.748 99.549 0.413
1 0 -417.1306 101.6463 -3.3884 -1.1918 1.5748 -1.0796 -1.2606 -0.8375 1.1569 0.2299 3.5716 0.7473 3-4cyli.dat
1 0 -417.2428 99.2286 -3.9058 -1.1918 1.5748 -1.0796 -1.2606 -0.8375 1.1569 0.2299 3.5716 0.7473 1-4cyli.dat
1 0 -417.2428 99.2286 -3.9058 1.1918 1.5748 1.0796 1.2606 -0.8375 -1.1569 -0.2299 3.5716 -0.7473 1-4cyli.dat
1 0 -417.3550 96.8119 -4.4231 -1.1918 1.5748 -1.0796 -1.2606 -0.8375 1.1569 0.2299 3.5716 0.7473 1-4cyli.dat
1 0 -417.3550 96.8119 -4.4231 1.1918 1.5748 1.0796 1.2606 -0.8375 -1.1569 -0.2299 3.5716 -0.7473 1-4cyli.dat
1 0 -417.4673 94.3942 -4.9405 1.1918 1.5748 1.0796 1.2606 -0.8375 -1.1569 -0.2299 3.5716 -0.7473 3-4cyli.dat
2 24 -417.205 98.627 -7.488 -415.815 97.886 -3.819
2 24 -419.523 98.549 -6.626 -418.134 97.808 -2.957
2 24 -417.293 96.196 -7.945 -415.904 95.456 -4.277
2 24 -419.612 96.118 -7.083 -418.222 95.378 -3.414
2 24 -417.116 101.058 -7.031 -415.727 100.317 -3.362
2 24 -419.435 100.980 -6.168 -418.046 100.239 -2.500
1 0 -418.2310 102.2337 -6.3710 -1.2033 1.3893 -1.1151 -1.2543 -0.7407 1.1763 0.2025 3.6686 0.6598 3-4cyli.dat
1 0 -418.3193 99.8030 -6.8283 -1.2033 1.3893 -1.1151 -1.2543 -0.7407 1.1763 0.2025 3.6686 0.6598 1-4cyli.dat
1 0 -418.3193 99.8030 -6.8283 1.2033 1.3893 1.1151 1.2543 -0.7407 -1.1763 -0.2025 3.6686 -0.6598 1-4cyli.dat
1 0 -418.4076 97.3732 -7.2855 -1.2033 1.3893 -1.1151 -1.2543 -0.7407 1.1763 0.2025 3.6686 0.6598 1-4cyli.dat
1 0 -418.4076 97.3732 -7.2855 1.2033 1.3893 1.1151 1.2543 -0.7407 -1.1763 -0.2025 3.6686 -0.6598 1-4cyli.dat
1 0 -418.4959 94.9424 -7.7428 1.2033 1.3893 1.1151 1.2543 -0.7407 -1.1763 -0.2025 3.6686 -0.6598 3-4cyli.dat
2 24 -418.118 99.115 -10.381 -416.911 98.470 -6.630
2 24 -420.476 99.058 -9.632 -419.269 98.414 -5.881
2 24 -418.186 96.673 -10.779 -416.979 96.029 -7.028
2 24 -420.544 96.616 -10.030 -419.337 95.972 -6.279
2 24 -418.050 101.557 -9.983 -416.844 100.912 -6.232
2 24 -420.409 101.500 -9.234 -419.202 100.855 -5.483
1 0 -419.1953 102.7490 -9.4096 -1.2128 1.2068 -1.1452 -1.2492 -0.6447 1.1924 0.1755 3.7505 0.5735 3-4cyli.dat
1 0 -419.2628 100.3072 -9.8076 -1.2128 1.2068 -1.1452 -1.2492 -0.6447 1.1924 0.1755 3.7505 0.5735 1-4cyli.dat
1 0 -419.2628 100.3072 -9.8076 1.2128 1.2068 1.1452 1.2492 -0.6447 -1.1924 -0.1755 3.7505 -0.5735 1-4cyli.dat
1 0 -419.3304 97.8663 -10.2055 -1.2128 1.2068 -1.1452 -1.2492 -0.6447 1.1924 0.1755 3.7505 0.5735 1-4cyli.dat
1 0 -419.3304 97.8663 -10.2055 1.2128 1.2068 1.1452 1.2492 -0.6447 -1.1924 -0.1755 3.7505 -0.5735 1-4cyli.dat
1 0 -419.3979 95.4244 -10.6035 1.2128 1.2068 1.1452 1.2492 -0.6447 -1.1924 -0.1755 3.7505 -0.5735 3-4cyli.dat
2 24 -418.835 99.499 -13.332 -417.855 98.975 -9.497
2 24 -421.234 99.464 -12.724 -420.254 98.940 -8.889
2 24 -418.881 97.046 -13.655 -417.901 96.522 -9.821
2 24 -421.280 97.011 -13.047 -420.300 96.486 -9.213
2 24 -418.789 101.953 -13.008 -417.809 101.428 -9.173
2 24 -421.188 101.917 -12.400 -420.208 101.393 -8.565
1 0 -419.9648 103.1611 -12.5420 -1.2223 0.9795 -1.1764 -1.2442 -0.5245 1.2089 0.1420 3.8345 0.4659 3-4cyli.dat
1 0 -420.0108 100.7078 -12.8659 -1.2223 0.9795 -1.1764 -1.2442 -0.5245 1.2089 0.1420 3.8345 0.4659 1-4cyli.dat
1 0 -420.0108 100.7078 -12.8659 1.2223 0.9795 1.1764 1.2442 -0.5245 -1.2089 -0.1420 3.8345 -0.4659 1-4cyli.dat
1 0 -420.0567 98.2555 -13.1896 -1.2223 0.9795 -1.1764 -1.2442 -0.5245 1.2089 0.1420 3.8345 0.4659 1-4cyli.dat
1 0 -420.0567 98.2555 -13.1896 1.2223 0.9795 1.1764 1.2442 -0.5245 -1.2089 -0.1420 3.8345 -0.4659 1-4cyli.dat
1 0 -420.1027 95.8023 -13.5134 1.2223 0.9795 1.1764 1.2442 -0.5245 -1.2089 -0.1420 3.8345 -0.4659 3-4cyli.dat
2 24 -419.370 99.787 -16.564 -418.688 99.421 -12.648
2 24 -421.809 99.773 -16.141 -421.127 99.406 -12.225
2 24 -419.395 97.323 -16.791 -418.713 96.957 -12.874
2 24 -421.833 97.308 -16.367 -421.151 96.942 -12.451
2 24 -419.346 102.252 -16.338 -418.664 101.886 -12.422
2 24 -421.784 102.237 -15.915 -421.102 101.871 -11.998
1 0 -420.5524 103.4762 -16.0135 -1.2314 0.6821 -1.2069 -1.2395 -0.3662 1.2248 0.0985 3.9164 0.3247 3-4cyli.dat
1 0 -420.5769 101.0117 -16.2397 -1.2314 0.6821 -1.2069 -1.2395 -0.3662 1.2248 0.0985 3.9164 0.3247 1-4cyli.dat
1 0 -420.5769 101.0117 -16.2397 1.2314 0.6821 1.2069 1.2395 -0.3662 -1.2248 -0.0985 3.9164 -0.3247 1-4cyli.dat
1 0 -420.6013 98.5482 -16.4658 -1.2314 0.6821 -1.2069 -1.2395 -0.3662 1.2248 0.0985 3.9164 0.3247 1-4cyli.dat
1 0 -420.6013 98.5482 -16.4658 1.2314 0.6821 1.2069 1.2395 -0.3662 -1.2248 -0.0985 3.9164 -0.3247 1-4cyli.dat
1 0 -420.6257 96.0837 -16.6920 1.2314 0.6821 1.2069 1.2395 -0.3662 -1.2248 -0.0985 3.9164 -0.3247 3-4cyli.dat
2 24 -419.707 99.969 -19.605 -419.244 99.720 -15.648
2 24 -422.165 99.964 -19.318 -421.702 99.715 -15.361
2 24 -419.720 97.499 -19.759 -419.257 97.250 -15.802
2 24 -422.178 97.494 -19.472 -421.715 97.245 -15.515
2 24 -419.695 102.439 -19.451 -419.232 102.190 -15.494
2 24 -422.153 102.434 -19.164 -421.690 102.185 -15.207
1 0 -420.9168 103.6712 -19.2309 -1.2353 0.4630 -1.2227 -1.2377 -0.2490 1.2323 0.0666 3.9575 0.2206 3-4cyli.dat
1 0 -420.9294 101.2011 -19.3848 -1.2353 0.4630 -1.2227 -1.2377 -0.2490 1.2323 0.0666 3.9575 0.2206 1-4cyli.dat
1 0 -420.9294 101.2011 -19.3848 1.2353 0.4630 1.2227 1.2377 -0.2490 -1.2323 -0.0666 3.9575 -0.2206 1-4cyli.dat
1 0 -420.9421 98.7319 -19.5387 -1.2353 0.4630 -1.2227 -1.2377 -0.2490 1.2323 0.0666 3.9575 0.2206 1-4cyli.dat
1 0 -420.9421 98.7319 -19.5387 1.2353 0.4630 1.2227 1.2377 -0.2490 -1.2323 -0.0666 3.9575 -0.2206 1-4cyli.dat
1 0 -420.9547 96.2617 -19.6927 1.2353 0.4630 1.2227 1.2377 -0.2490 -1.2323 -0.0666 3.9575 -0.2206 3-4cyli.dat
2 24 -419.782 100.010 -22.501 -419.617 99.921 -18.513
2 24 -422.255 100.011 -22.399 -422.090 99.922 -18.411
2 24 -419.785 97.536 -22.556 -419.620 97.447 -18.568
2 24 -422.258 97.537 -22.454 -422.093 97.448 -18.466
2 24 -419.779 102.485 -22.446 -419.614 102.396 -18.458
2 24 -422.252 102.486 -22.344 -422.087 102.397 -18.356
1 0 -421.0129 103.7218 -22.3672 -1.2379 0.1649 -1.2347 -1.2366 -0.0889 1.2376 0.0236 3.9878 0.0786 3-4cyli.dat
1 0 -421.0161 101.2474 -22.4223 -1.2379 0.1649 -1.2347 -1.2366 -0.0889 1.2376 0.0236 3.9878 0.0786 1-4cyli.dat
1 0 -421.0161 101.2474 -22.4223 1.2379 0.1649 1.2347 1.2366 -0.0889 -1.2376 -0.0236 3.9878 -0.0786 1-4cyli.dat
1 0 -421.0193 98.7740 -22.4773 -1.2379 0.1649 -1.2347 -1.2366 -0.0889 1.2376 0.0236 3.9878 0.0786 1-4cyli.dat
1 0 -421.0193 98.7740 -22.4773 1.2379 0.1649 1.2347 1.2366 -0.0889 -1.2376 -0.0236 3.9878 -0.0786 1-4cyli.dat
1 0 -421.0225 96.2997 -22.5323 1.2379 0.1649 1.2347 1.2366 -0.0889 -1.2376 -0.0236 3.9878 -0.0786 3-4cyli.dat
