0 FILE DX0065.DAT.dat
0 DX0065
0 Name:  UntitledModel
0 Author:  
0 BL_Item_No DX0065.DAT
0 BFC CERTIFY CCW
1 71 0.0000 0.0000 0.0000 1.0000 0.0000 0.0000 0.0000 1.0000 0.0000 0.0000 0.0000 1.0000 58120.dat
1 72 -140.0000 -27.0000 -51.0000 0.0000 0.0000 -1.0000 0.0000 1.0000 0.0000 1.0000 0.0000 0.0000 58124c01.dat
2 24 -0.132 -24.777 121.491 0.011 -21.955 118.663
2 24 -0.132 -26.529 119.743 0.011 -23.707 116.915
2 24 -2.605 -24.714 121.429 -2.463 -21.892 118.600
2 24 -2.606 -26.466 119.681 -2.463 -23.644 116.852
2 24 2.341 -24.839 121.554 2.484 -22.017 118.725
2 24 2.341 -26.591 119.806 2.484 -23.769 116.977
1 0 3.5775 -25.7462 120.7114 -1.2367 0.1429 1.2366 -0.8447 2.8220 -0.9073 -0.9052 -2.8287 -0.8427 3-4cyli.dat
1 0 1.1041 -25.6836 120.6489 -1.2367 0.1429 1.2366 -0.8447 2.8220 -0.9073 -0.9052 -2.8287 -0.8427 1-4cyli.dat
1 0 1.1041 -25.6836 120.6489 1.2367 0.1429 -1.2366 0.8447 2.8220 0.9073 0.9052 -2.8287 0.8427 1-4cyli.dat
1 0 -1.3683 -25.6211 120.5864 -1.2367 0.1429 1.2366 -0.8447 2.8220 -0.9073 -0.9052 -2.8287 -0.8427 1-4cyli.dat
1 0 -1.3683 -25.6211 120.5864 1.2367 0.1429 -1.2366 0.8447 2.8220 0.9073 0.9052 -2.8287 0.8427 1-4cyli.dat
1 0 -3.8418 -25.5586 120.5238 1.2367 0.1429 -1.2366 0.8447 2.8220 0.9073 0.9052 -2.8287 0.8427 3-4cyli.dat
2 24 -0.509 -27.154 123.884 -0.091 -24.351 121.064
2 24 -0.507 -28.910 122.139 -0.089 -26.106 119.319
2 24 -2.970 -26.973 123.699 -2.552 -24.170 120.879
2 24 -2.969 -28.728 121.954 -2.551 -25.925 119.135
2 24 1.953 -27.336 124.068 2.371 -24.532 121.249
2 24 1.954 -29.091 122.324 2.372 -26.288 119.504
1 0 3.1838 -28.3038 123.2886 -1.2299 0.4181 1.2314 -0.7869 2.8034 -0.9683 -0.9646 -2.8199 -0.7801 3-4cyli.dat
1 0 0.7223 -28.1224 123.1040 -1.2299 0.4181 1.2314 -0.7869 2.8034 -0.9683 -0.9646 -2.8199 -0.7801 1-4cyli.dat
1 0 0.7223 -28.1224 123.1040 1.2299 0.4181 -1.2314 0.7869 2.8034 0.9683 0.9646 -2.8199 0.7801 1-4cyli.dat
1 0 -1.7381 -27.9411 122.9195 -1.2299 0.4181 1.2314 -0.7869 2.8034 -0.9683 -0.9646 -2.8199 -0.7801 1-4cyli.dat
1 0 -1.7381 -27.9411 122.9195 1.2299 0.4181 -1.2314 0.7869 2.8034 0.9683 0.9646 -2.8199 0.7801 1-4cyli.dat
1 0 -4.1996 -27.7597 122.7349 1.2299 0.4181 -1.2314 0.7869 2.8034 0.9683 0.9646 -2.8199 0.7801 3-4cyli.dat
2 24 -1.105 -29.329 126.076 -0.379 -26.560 123.285
2 24 -1.099 -31.087 124.334 -0.373 -28.318 121.543
2 24 -3.539 -29.017 125.753 -2.813 -26.248 122.962
2 24 -3.533 -30.775 124.011 -2.807 -28.006 121.220
2 24 1.329 -29.641 126.400 2.055 -26.872 123.608
2 24 1.335 -31.399 124.657 2.061 -28.630 121.866
1 0 2.5485 -30.6753 125.6902 -1.2139 0.7255 1.2198 -0.7229 2.7690 -1.0349 -1.0326 -2.7915 -0.7095 3-4cyli.dat
1 0 0.1146 -30.3633 125.3671 -1.2139 0.7255 1.2198 -0.7229 2.7690 -1.0349 -1.0326 -2.7915 -0.7095 1-4cyli.dat
1 0 0.1146 -30.3633 125.3671 1.2139 0.7255 -1.2198 0.7229 2.7690 1.0349 1.0326 -2.7915 0.7095 1-4cyli.dat
1 0 -2.3183 -30.0515 125.0441 -1.2139 0.7255 1.2198 -0.7229 2.7690 -1.0349 -1.0326 -2.7915 -0.7095 1-4cyli.dat
1 0 -2.3183 -30.0515 125.0441 1.2139 0.7255 -1.2198 0.7229 2.7690 1.0349 1.0326 -2.7915 0.7095 1-4cyli.dat
1 0 -4.7522 -29.7395 124.7209 1.2139 0.7255 -1.2198 0.7229 2.7690 1.0349 1.0326 -2.7915 0.7095 3-4cyli.dat
2 24 -1.998 -31.454 128.219 -0.928 -28.741 125.484
2 24 -1.983 -33.214 126.480 -0.914 -30.501 123.744
2 24 -4.382 -30.998 127.739 -3.313 -28.286 125.003
2 24 -4.368 -32.758 125.999 -3.299 -30.046 123.264
2 24 0.387 -31.910 128.700 1.457 -29.197 125.964
2 24 0.401 -33.670 126.960 1.471 -30.957 124.224
1 0 1.5861 -33.0170 128.0704 -1.1852 1.0695 1.1994 -0.6522 2.7127 -1.1078 -1.1101 -2.7356 -0.6297 3-4cyli.dat
1 0 -0.7987 -32.5613 127.5900 -1.1852 1.0695 1.1994 -0.6522 2.7127 -1.1078 -1.1101 -2.7356 -0.6297 1-4cyli.dat
1 0 -0.7987 -32.5613 127.5900 1.1852 1.0695 -1.1994 0.6522 2.7127 1.1078 1.1101 -2.7356 0.6297 1-4cyli.dat
1 0 -3.1825 -32.1058 127.1097 -1.1852 1.0695 1.1994 -0.6522 2.7127 -1.1078 -1.1101 -2.7356 -0.6297 1-4cyli.dat
1 0 -3.1825 -32.1058 127.1097 1.1852 1.0695 -1.1994 0.6522 2.7127 1.1078 1.1101 -2.7356 0.6297 1-4cyli.dat
1 0 -5.5672 -31.6502 126.6292 1.1852 1.0695 -1.1994 0.6522 2.7127 1.1078 1.1101 -2.7356 0.6297 3-4cyli.dat
2 24 -3.320 -33.662 130.439 -1.810 -31.051 127.814
2 24 -3.292 -35.425 128.702 -1.782 -32.814 126.077
2 24 -5.612 -33.024 129.754 -4.102 -30.414 127.129
2 24 -5.584 -34.787 128.017 -4.073 -32.176 125.392
2 24 -1.029 -34.299 131.123 0.481 -31.689 128.498
2 24 -1.001 -36.062 129.386 0.510 -33.451 126.761
1 0 0.1306 -35.4988 130.5968 -1.1315 1.5101 1.1598 -0.5626 2.6106 -1.2001 -1.2106 -2.6249 -0.5263 3-4cyli.dat
1 0 -2.1609 -34.8614 129.9124 -1.1315 1.5101 1.1598 -0.5626 2.6106 -1.2001 -1.2106 -2.6249 -0.5263 1-4cyli.dat
1 0 -2.1609 -34.8614 129.9124 1.1315 1.5101 -1.1598 0.5626 2.6106 1.2001 1.2106 -2.6249 0.5263 1-4cyli.dat
1 0 -4.4515 -34.2241 129.2284 -1.1315 1.5101 1.1598 -0.5626 2.6106 -1.2001 -1.2106 -2.6249 -0.5263 1-4cyli.dat
1 0 -4.4515 -34.2241 129.2284 1.1315 1.5101 -1.1598 0.5626 2.6106 1.2001 1.2106 -2.6249 0.5263 1-4cyli.dat
1 0 -6.7430 -33.5867 128.5441 1.1315 1.5101 -1.1598 0.5626 2.6106 1.2001 1.2106 -2.6249 0.5263 3-4cyli.dat
2 24 -4.907 -35.590 132.360 -2.946 -33.123 129.899
2 24 -4.858 -37.357 130.628 -2.898 -34.890 128.167
2 24 -7.063 -34.770 131.464 -5.103 -32.303 129.003
2 24 -7.015 -36.537 129.732 -5.055 -34.070 127.271
2 24 -2.750 -36.410 133.256 -0.790 -33.943 130.795
2 24 -2.702 -38.176 131.524 -0.741 -35.709 129.063
1 0 -1.6480 -37.7024 132.8383 -1.0541 1.9603 1.1023 -0.4735 2.4670 -1.2931 -1.3142 -2.4610 -0.4183 3-4cyli.dat
1 0 -3.8046 -36.8827 131.9422 -1.0541 1.9603 1.1023 -0.4735 2.4670 -1.2931 -1.3142 -2.4610 -0.4183 1-4cyli.dat
1 0 -3.8046 -36.8827 131.9422 1.0541 1.9603 -1.1023 0.4735 2.4670 1.2931 1.3142 -2.4610 0.4183 1-4cyli.dat
1 0 -5.9603 -36.0633 131.0466 -1.0541 1.9603 1.1023 -0.4735 2.4670 -1.2931 -1.3142 -2.4610 -0.4183 1-4cyli.dat
1 0 -5.9603 -36.0633 131.0466 1.0541 1.9603 -1.1023 0.4735 2.4670 1.2931 1.3142 -2.4610 0.4183 1-4cyli.dat
1 0 -8.1169 -35.2436 130.1506 1.0541 1.9603 -1.1023 0.4735 2.4670 1.2931 1.3142 -2.4610 0.4183 3-4cyli.dat
2 24 -6.861 -37.358 134.094 -4.468 -35.074 131.848
2 24 -6.788 -39.131 132.368 -4.395 -36.847 130.123
2 24 -8.843 -36.367 132.990 -6.450 -34.083 130.745
2 24 -8.769 -38.140 131.265 -6.376 -35.856 129.019
2 24 -4.880 -38.349 135.197 -2.487 -36.065 132.951
2 24 -4.806 -40.122 133.472 -2.413 -37.838 131.226
1 0 -3.8526 -39.7308 134.8860 -0.9539 2.3929 1.0274 -0.3910 2.2840 -1.3821 -1.4140 -2.2458 -0.3109 3-4cyli.dat
1 0 -5.8340 -38.7397 133.7827 -0.9539 2.3929 1.0274 -0.3910 2.2840 -1.3821 -1.4140 -2.2458 -0.3109 1-4cyli.dat
1 0 -5.8340 -38.7397 133.7827 0.9539 2.3929 -1.0274 0.3910 2.2840 1.3821 1.4140 -2.2458 0.3109 1-4cyli.dat
1 0 -7.8147 -37.7490 132.6799 -0.9539 2.3929 1.0274 -0.3910 2.2840 -1.3821 -1.4140 -2.2458 -0.3109 1-4cyli.dat
1 0 -7.8147 -37.7490 132.6799 0.9539 2.3929 -1.0274 0.3910 2.2840 1.3821 1.4140 -2.2458 0.3109 1-4cyli.dat
1 0 -9.7961 -36.7579 131.5766 0.9539 2.3929 -1.0274 0.3910 2.2840 1.3821 1.4140 -2.2458 0.3109 3-4cyli.dat
2 24 -9.180 -38.910 135.567 -6.300 -36.903 133.653
2 24 -9.073 -40.695 133.856 -6.193 -38.688 131.942
2 24 -10.893 -37.729 134.228 -8.014 -35.722 132.314
2 24 -10.786 -39.514 132.517 -7.907 -37.507 130.603
2 24 -7.466 -40.092 136.906 -4.586 -38.084 134.992
2 24 -7.359 -41.877 135.195 -4.479 -39.869 133.281
1 0 -6.5562 -41.5741 136.7205 -0.8033 2.8797 0.9102 -0.3018 2.0074 -1.4830 -1.5251 -1.9140 -0.1859 3-4cyli.dat
1 0 -8.2698 -40.3928 135.3811 -0.8033 2.8797 0.9102 -0.3018 2.0074 -1.4830 -1.5251 -1.9140 -0.1859 1-4cyli.dat
1 0 -8.2698 -40.3928 135.3811 0.8033 2.8797 -0.9102 0.3018 2.0074 1.4830 1.5251 -1.9140 0.1859 1-4cyli.dat
1 0 -9.9827 -39.2120 134.0424 -0.8033 2.8797 0.9102 -0.3018 2.0074 -1.4830 -1.5251 -1.9140 -0.1859 1-4cyli.dat
1 0 -9.9827 -39.2120 134.0424 0.8033 2.8797 -0.9102 0.3018 2.0074 1.4830 1.5251 -1.9140 0.1859 1-4cyli.dat
1 0 -11.6963 -38.0307 132.7030 0.8033 2.8797 -0.9102 0.3018 2.0074 1.4830 1.5251 -1.9140 0.1859 3-4cyli.dat
2 24 -11.768 -40.248 136.778 -8.554 -38.493 135.172
2 24 -11.630 -42.048 135.085 -8.417 -40.293 133.479
2 24 -13.234 -38.943 135.270 -10.020 -37.188 133.665
2 24 -13.096 -40.743 133.577 -9.883 -38.988 131.972
2 24 -10.302 -41.553 138.285 -7.088 -39.798 136.680
2 24 -10.164 -43.354 136.592 -6.951 -41.598 134.987
1 0 -9.5006 -43.1055 138.1925 -0.6640 3.2137 0.8018 -0.2475 1.7553 -1.5527 -1.6000 -1.6053 -0.0926 3-4cyli.dat
1 0 -10.9666 -41.8002 136.6849 -0.6640 3.2137 0.8018 -0.2475 1.7553 -1.5527 -1.6000 -1.6053 -0.0926 1-4cyli.dat
1 0 -10.9666 -41.8002 136.6849 0.6640 3.2137 -0.8018 0.2475 1.7553 1.5527 1.6000 -1.6053 0.0926 1-4cyli.dat
1 0 -12.4320 -40.4955 135.1780 -0.6640 3.2137 0.8018 -0.2475 1.7553 -1.5527 -1.6000 -1.6053 -0.0926 1-4cyli.dat
1 0 -12.4320 -40.4955 135.1780 0.6640 3.2137 -0.8018 0.2475 1.7553 1.5527 1.6000 -1.6053 0.0926 1-4cyli.dat
1 0 -13.8980 -39.1903 133.6704 0.6640 3.2137 -0.8018 0.2475 1.7553 1.5527 1.6000 -1.6053 0.0926 3-4cyli.dat
2 24 -14.804 -41.431 137.761 -11.274 -39.995 136.551
2 24 -14.633 -43.254 136.095 -11.103 -41.818 134.885
2 24 -15.953 -40.012 136.090 -12.423 -38.576 134.881
2 24 -15.783 -41.834 134.424 -12.253 -40.398 133.215
2 24 -13.654 -42.851 139.431 -10.124 -41.415 138.221
2 24 -13.483 -44.673 137.765 -9.954 -43.237 136.555
1 0 -12.9941 -44.4707 139.4328 -0.4896 3.5299 0.6600 -0.2016 1.4360 -1.6207 -1.6679 -1.2096 0.0021 3-4cyli.dat
1 0 -14.1438 -43.0515 137.7626 -0.4896 3.5299 0.6600 -0.2016 1.4360 -1.6207 -1.6679 -1.2096 0.0021 1-4cyli.dat
1 0 -14.1438 -43.0515 137.7626 0.4896 3.5299 -0.6600 0.2016 1.4360 1.6207 1.6679 -1.2096 -0.0021 1-4cyli.dat
1 0 -15.2930 -41.6328 136.0931 -0.4896 3.5299 0.6600 -0.2016 1.4360 -1.6207 -1.6679 -1.2096 0.0021 1-4cyli.dat
1 0 -15.2930 -41.6328 136.0931 0.4896 3.5299 -0.6600 0.2016 1.4360 1.6207 1.6679 -1.2096 -0.0021 1-4cyli.dat
1 0 -16.4427 -40.2135 134.4229 0.4896 3.5299 -0.6600 0.2016 1.4360 1.6207 1.6679 -1.2096 -0.0021 3-4cyli.dat
2 24 -17.777 -42.287 138.367 -14.034 -41.154 137.539
2 24 -17.579 -44.135 136.732 -13.836 -43.001 135.904
2 24 -18.624 -40.798 136.581 -14.880 -39.664 135.753
2 24 -18.426 -42.646 134.946 -14.682 -41.512 134.118
2 24 -16.931 -43.777 140.153 -13.188 -42.643 139.325
2 24 -16.733 -45.625 138.519 -12.990 -44.491 137.691
1 0 -16.4094 -45.4449 140.2290 -0.3240 3.7436 0.5221 -0.1791 1.1338 -1.6685 -1.7103 -0.8279 0.0758 3-4cyli.dat
1 0 -17.2556 -43.9554 138.4427 -0.3240 3.7436 0.5221 -0.1791 1.1338 -1.6685 -1.7103 -0.8279 0.0758 1-4cyli.dat
1 0 -17.2556 -43.9554 138.4427 0.3240 3.7436 -0.5221 0.1791 1.1338 1.6685 1.7103 -0.8279 -0.0758 1-4cyli.dat
1 0 -18.1014 -42.4664 136.6572 -0.3240 3.7436 0.5221 -0.1791 1.1338 -1.6685 -1.7103 -0.8279 0.0758 1-4cyli.dat
1 0 -18.1014 -42.4664 136.6572 0.3240 3.7436 -0.5221 0.1791 1.1338 1.6685 1.7103 -0.8279 -0.0758 1-4cyli.dat
1 0 -18.9475 -40.9768 134.8708 0.3240 3.7436 -0.5221 0.1791 1.1338 1.6685 1.7103 -0.8279 -0.0758 3-4cyli.dat
2 24 -20.850 -42.927 138.692 -16.980 -42.052 138.199
2 24 -20.630 -44.801 137.090 -16.760 -43.926 136.597
2 24 -21.431 -41.403 136.830 -17.561 -40.528 136.337
2 24 -21.212 -43.277 135.228 -17.341 -42.402 134.735
2 24 -20.269 -44.450 140.554 -16.398 -43.575 140.061
2 24 -20.049 -46.324 138.952 -16.179 -45.449 138.459
1 0 -19.8682 -46.1480 140.6838 -0.1808 3.8701 0.4005 -0.1753 0.8748 -1.6985 -1.7317 -0.4926 0.1301 3-4cyli.dat
1 0 -20.4496 -44.6246 138.8218 -0.1808 3.8701 0.4005 -0.1753 0.8748 -1.6985 -1.7317 -0.4926 0.1301 1-4cyli.dat
1 0 -20.4496 -44.6246 138.8218 0.1808 3.8701 -0.4005 0.1753 0.8748 1.6985 1.7317 -0.4926 -0.1301 1-4cyli.dat
1 0 -21.0307 -43.1019 136.9606 -0.1808 3.8701 0.4005 -0.1753 0.8748 -1.6985 -1.7317 -0.4926 0.1301 1-4cyli.dat
1 0 -21.0307 -43.1019 136.9606 0.1808 3.8701 -0.4005 0.1753 0.8748 1.6985 1.7317 -0.4926 -0.1301 1-4cyli.dat
1 0 -21.6121 -41.5785 135.0986 0.1808 3.8701 -0.4005 0.1753 0.8748 1.6985 1.7317 -0.4926 -0.1301 3-4cyli.dat
2 24 -23.970 -43.382 138.771 -20.023 -42.761 138.615
2 24 -23.732 -45.284 137.205 -19.785 -44.663 137.049
2 24 -24.287 -41.846 136.856 -20.340 -41.225 136.701
2 24 -24.049 -43.748 135.290 -20.102 -43.127 135.135
2 24 -23.653 -44.918 140.685 -19.706 -44.297 140.530
2 24 -23.415 -46.820 139.119 -19.468 -46.199 138.964
1 0 -23.3754 -46.6369 140.8590 -0.0397 3.9467 0.2773 -0.1828 0.6209 -1.7190 -1.7399 -0.1553 0.1742 3-4cyli.dat
1 0 -23.6924 -45.1005 138.9447 -0.0397 3.9467 0.2773 -0.1828 0.6209 -1.7190 -1.7399 -0.1553 0.1742 1-4cyli.dat
1 0 -23.6924 -45.1005 138.9447 0.0397 3.9467 -0.2773 0.1828 0.6209 1.7190 1.7399 -0.1553 -0.1742 1-4cyli.dat
1 0 -24.0093 -43.5647 137.0311 -0.0397 3.9467 0.2773 -0.1828 0.6209 -1.7190 -1.7399 -0.1553 0.1742 1-4cyli.dat
1 0 -24.0093 -43.5647 137.0311 0.0397 3.9467 -0.2773 0.1828 0.6209 1.7190 1.7399 -0.1553 -0.1742 1-4cyli.dat
1 0 -24.3263 -42.0283 135.1168 0.0397 3.9467 -0.2773 0.1828 0.6209 1.7190 1.7399 -0.1553 -0.1742 3-4cyli.dat
2 24 -27.105 -43.687 138.641 -23.132 -43.251 138.740
2 24 -26.856 -45.614 137.109 -22.883 -45.178 137.207
2 24 -27.225 -42.158 136.699 -23.252 -41.722 136.797
2 24 -26.975 -44.085 135.166 -23.002 -43.649 135.265
2 24 -26.986 -45.216 140.584 -23.013 -44.780 140.682
2 24 -26.736 -47.143 139.051 -22.763 -46.707 139.150
1 0 -26.8016 -46.9434 140.7885 0.0651 3.9731 0.1845 -0.1991 0.4360 -1.7281 -1.7374 0.0988 0.2050 3-4cyli.dat
1 0 -26.9210 -45.4144 138.8460 0.0651 3.9731 0.1845 -0.1991 0.4360 -1.7281 -1.7374 0.0988 0.2050 1-4cyli.dat
1 0 -26.9210 -45.4144 138.8460 -0.0651 3.9731 -0.1845 0.1991 0.4360 1.7281 1.7374 0.0988 -0.2050 1-4cyli.dat
1 0 -27.0405 -43.8859 136.9042 0.0651 3.9731 0.1845 -0.1991 0.4360 -1.7281 -1.7374 0.0988 0.2050 1-4cyli.dat
1 0 -27.0405 -43.8859 136.9042 -0.0651 3.9731 -0.1845 0.1991 0.4360 1.7281 1.7374 0.0988 -0.2050 1-4cyli.dat
1 0 -27.1599 -42.3569 134.9617 -0.0651 3.9731 -0.1845 0.1991 0.4360 1.7281 1.7374 0.0988 -0.2050 3-4cyli.dat
2 24 -30.486 -43.866 138.287 -26.512 -43.622 138.658
2 24 -30.226 -45.820 136.791 -26.252 -45.576 137.162
2 24 -30.395 -42.355 136.329 -26.422 -42.111 136.701
2 24 -30.135 -44.309 134.833 -26.162 -44.065 135.204
2 24 -30.576 -45.378 140.245 -26.602 -45.133 140.616
2 24 -30.316 -47.332 138.749 -26.342 -47.088 139.120
1 0 -30.4909 -47.1096 140.4756 0.1750 3.9734 0.0848 -0.2214 0.2440 -1.7326 -1.7270 0.3714 0.2307 3-4cyli.dat
1 0 -30.4007 -45.5983 138.5177 0.1750 3.9734 0.0848 -0.2214 0.2440 -1.7326 -1.7270 0.3714 0.2307 1-4cyli.dat
1 0 -30.4007 -45.5983 138.5177 -0.1750 3.9734 -0.0848 0.2214 0.2440 1.7326 1.7270 0.3714 -0.2307 1-4cyli.dat
1 0 -30.3105 -44.0876 136.5605 0.1750 3.9734 0.0848 -0.2214 0.2440 -1.7326 -1.7270 0.3714 0.2307 1-4cyli.dat
1 0 -30.3105 -44.0876 136.5605 -0.1750 3.9734 -0.0848 0.2214 0.2440 1.7326 1.7270 0.3714 -0.2307 1-4cyli.dat
1 0 -30.2203 -42.5764 134.6026 -0.1750 3.9734 -0.0848 0.2214 0.2440 1.7326 1.7270 0.3714 -0.2307 3-4cyli.dat
2 24 -33.597 -43.915 137.783 -29.645 -43.823 138.380
2 24 -33.330 -45.894 136.321 -29.378 -45.802 136.918
2 24 -33.336 -42.430 135.821 -29.383 -42.338 136.418
2 24 -33.069 -44.409 134.359 -29.116 -44.317 134.956
2 24 -33.859 -45.400 139.746 -29.907 -45.308 140.343
2 24 -33.592 -47.379 138.284 -29.640 -47.287 138.881
1 0 -33.8565 -47.1315 139.9958 0.2644 3.9523 0.0026 -0.2470 0.0922 -1.7320 -1.7121 0.5969 0.2502 3-4cyli.dat
1 0 -33.5948 -45.6463 138.0333 0.2644 3.9523 0.0026 -0.2470 0.0922 -1.7320 -1.7121 0.5969 0.2502 1-4cyli.dat
1 0 -33.5948 -45.6463 138.0333 -0.2644 3.9523 -0.0026 0.2470 0.0922 1.7320 1.7121 0.5969 -0.2502 1-4cyli.dat
1 0 -33.3331 -44.1618 136.0715 0.2644 3.9523 0.0026 -0.2470 0.0922 -1.7320 -1.7121 0.5969 0.2502 1-4cyli.dat
1 0 -33.3331 -44.1618 136.0715 -0.2644 3.9523 -0.0026 0.2470 0.0922 1.7320 1.7121 0.5969 -0.2502 1-4cyli.dat
1 0 -33.0713 -42.6767 134.1090 -0.2644 3.9523 -0.0026 0.2470 0.0922 1.7320 1.7121 0.5969 -0.2502 3-4cyli.dat
2 24 -36.682 -43.872 137.136 -32.759 -43.893 137.908
2 24 -36.411 -45.874 135.705 -32.488 -45.894 136.477
2 24 -36.288 -42.416 135.173 -32.365 -42.437 135.945
2 24 -36.017 -44.418 133.743 -32.094 -44.438 134.515
2 24 -37.076 -45.328 139.098 -33.153 -45.348 139.870
2 24 -36.805 -47.329 137.668 -32.882 -47.350 138.440
1 0 -37.1372 -47.0557 139.3641 0.3325 3.9229 -0.0614 -0.2729 -0.0205 -1.7285 -1.6963 0.7721 0.2661 3-4cyli.dat
1 0 -36.7433 -45.6000 137.4016 0.3325 3.9229 -0.0614 -0.2729 -0.0205 -1.7285 -1.6963 0.7721 0.2661 1-4cyli.dat
1 0 -36.7433 -45.6000 137.4016 -0.3325 3.9229 0.0614 0.2729 -0.0205 1.7285 1.6963 0.7721 -0.2661 1-4cyli.dat
1 0 -36.3496 -44.1449 135.4399 0.3325 3.9229 -0.0614 -0.2729 -0.0205 -1.7285 -1.6963 0.7721 0.2661 1-4cyli.dat
1 0 -36.3496 -44.1449 135.4399 -0.3325 3.9229 0.0614 0.2729 -0.0205 1.7285 1.6963 0.7721 -0.2661 1-4cyli.dat
1 0 -35.9557 -42.6892 133.4774 -0.3325 3.9229 0.0614 0.2729 -0.0205 1.7285 1.6963 0.7721 -0.2661 3-4cyli.dat
2 24 -39.736 -43.754 136.365 -35.852 -43.880 137.308
2 24 -39.462 -45.778 134.967 -35.579 -45.904 135.909
2 24 -39.215 -42.332 134.408 -35.331 -42.457 135.351
2 24 -38.941 -44.355 133.010 -35.058 -44.481 133.952
2 24 -40.257 -45.177 138.322 -36.373 -45.302 139.265
2 24 -39.983 -47.201 136.924 -36.099 -47.326 137.867
1 0 -40.3804 -46.8994 138.6018 0.3973 3.8835 -0.1235 -0.3005 -0.1256 -1.7231 -1.6775 0.9424 0.2794 3-4cyli.dat
1 0 -39.8594 -45.4767 136.6446 0.3973 3.8835 -0.1235 -0.3005 -0.1256 -1.7231 -1.6775 0.9424 0.2794 1-4cyli.dat
1 0 -39.8594 -45.4767 136.6446 -0.3973 3.8835 0.1235 0.3005 -0.1256 1.7231 1.6775 0.9424 -0.2794 1-4cyli.dat
1 0 -39.3387 -44.0547 134.6883 0.3973 3.8835 -0.1235 -0.3005 -0.1256 -1.7231 -1.6775 0.9424 0.2794 1-4cyli.dat
1 0 -39.3387 -44.0547 134.6883 -0.3973 3.8835 0.1235 0.3005 -0.1256 1.7231 1.6775 0.9424 -0.2794 1-4cyli.dat
1 0 -38.8178 -42.6320 132.7312 -0.3973 3.8835 0.1235 0.3005 -0.1256 1.7231 1.6775 0.9424 -0.2794 3-4cyli.dat
2 24 -42.749 -43.557 135.458 -38.913 -43.777 136.562
2 24 -42.473 -45.603 134.092 -38.637 -45.823 135.196
2 24 -42.109 -42.170 133.511 -38.273 -42.390 134.615
2 24 -41.833 -44.216 132.145 -37.997 -44.436 133.249
2 24 -43.389 -44.944 137.405 -39.553 -45.164 138.510
2 24 -43.113 -46.989 136.039 -39.277 -47.210 137.144
1 0 -43.5713 -46.6596 137.6958 0.4580 3.8364 -0.1821 -0.3292 -0.2201 -1.7160 -1.6566 1.1043 0.2907 3-4cyli.dat
1 0 -42.9312 -45.2727 135.7485 0.4580 3.8364 -0.1821 -0.3292 -0.2201 -1.7160 -1.6566 1.1043 0.2907 1-4cyli.dat
1 0 -42.9312 -45.2727 135.7485 -0.4580 3.8364 0.1821 0.3292 -0.2201 1.7160 1.6566 1.1043 -0.2907 1-4cyli.dat
1 0 -42.2913 -43.8863 133.8019 0.4580 3.8364 -0.1821 -0.3292 -0.2201 -1.7160 -1.6566 1.1043 0.2907 1-4cyli.dat
1 0 -42.2913 -43.8863 133.8019 -0.4580 3.8364 0.1821 0.3292 -0.2201 1.7160 1.6566 1.1043 -0.2907 1-4cyli.dat
1 0 -41.6511 -42.4994 131.8545 -0.4580 3.8364 0.1821 0.3292 -0.2201 1.7160 1.6566 1.1043 -0.2907 3-4cyli.dat
2 24 -45.964 -43.290 134.378 -42.175 -43.586 135.619
2 24 -45.688 -45.356 133.042 -41.899 -45.652 134.284
2 24 -45.224 -41.939 132.441 -41.435 -42.235 133.682
2 24 -44.948 -44.004 131.105 -41.159 -44.300 132.347
2 24 -46.704 -44.641 136.315 -42.915 -44.937 137.556
2 24 -46.428 -46.707 134.979 -42.639 -47.003 136.221
1 0 -46.9363 -46.3490 136.6152 0.5082 3.7890 -0.2320 -0.3571 -0.2960 -1.7082 -1.6360 1.2417 0.3008 3-4cyli.dat
1 0 -46.1960 -44.9977 134.6782 0.5082 3.7890 -0.2320 -0.3571 -0.2960 -1.7082 -1.6360 1.2417 0.3008 1-4cyli.dat
1 0 -46.1960 -44.9977 134.6782 -0.5082 3.7890 0.2320 0.3571 -0.2960 1.7082 1.6360 1.2417 -0.3008 1-4cyli.dat
1 0 -45.4560 -43.6470 132.7421 0.5082 3.7890 -0.2320 -0.3571 -0.2960 -1.7082 -1.6360 1.2417 0.3008 1-4cyli.dat
1 0 -45.4560 -43.6470 132.7421 -0.5082 3.7890 0.2320 0.3571 -0.2960 1.7082 1.6360 1.2417 -0.3008 1-4cyli.dat
1 0 -44.7157 -42.2958 130.8051 -0.5082 3.7890 0.2320 0.3571 -0.2960 1.7082 1.6360 1.2417 -0.3008 3-4cyli.dat
2 24 -48.893 -42.977 133.250 -45.166 -43.354 134.647
2 24 -48.616 -45.064 131.948 -44.888 -45.440 133.345
2 24 -48.041 -41.666 131.331 -44.314 -42.043 132.728
2 24 -47.764 -43.753 130.029 -44.037 -44.129 131.426
2 24 -49.745 -44.288 135.168 -46.018 -44.665 136.566
2 24 -49.467 -46.375 133.866 -45.740 -46.751 135.264
1 0 -50.0318 -45.9861 135.4766 0.5646 3.7271 -0.2871 -0.3877 -0.3765 -1.6985 -1.6104 1.3974 0.3083 3-4cyli.dat
1 0 -49.1800 -44.6752 133.5578 0.5646 3.7271 -0.2871 -0.3877 -0.3765 -1.6985 -1.6104 1.3974 0.3083 1-4cyli.dat
1 0 -49.1800 -44.6752 133.5578 -0.5646 3.7271 0.2871 0.3877 -0.3765 1.6985 1.6104 1.3974 -0.3083 1-4cyli.dat
1 0 -48.3286 -43.3649 131.6398 0.5646 3.7271 -0.2871 -0.3877 -0.3765 -1.6985 -1.6104 1.3974 0.3083 1-4cyli.dat
1 0 -48.3286 -43.3649 131.6398 -0.5646 3.7271 0.2871 0.3877 -0.3765 1.6985 1.6104 1.3974 -0.3083 1-4cyli.dat
1 0 -47.4768 -42.0540 129.7210 -0.5646 3.7271 0.2871 0.3877 -0.3765 1.6985 1.6104 1.3974 -0.3083 3-4cyli.dat
2 24 -51.788 -42.632 132.053 -48.101 -43.052 133.541
2 24 -51.513 -44.736 130.778 -47.826 -45.156 132.266
2 24 -50.871 -41.354 130.142 -47.184 -41.774 131.630
2 24 -50.596 -43.457 128.867 -46.909 -43.878 130.355
2 24 -52.705 -43.910 133.963 -49.017 -44.330 135.452
2 24 -52.430 -46.014 132.688 -48.743 -46.434 134.177
1 0 -53.0254 -45.6004 134.2812 0.5958 3.6871 -0.3209 -0.4126 -0.4200 -1.6906 -1.5928 1.4881 0.3179 3-4cyli.dat
1 0 -52.1086 -44.3223 132.3703 0.5958 3.6871 -0.3209 -0.4126 -0.4200 -1.6906 -1.5928 1.4881 0.3179 1-4cyli.dat
1 0 -52.1086 -44.3223 132.3703 -0.5958 3.6871 0.3209 0.4126 -0.4200 1.6906 1.5928 1.4881 -0.3179 1-4cyli.dat
1 0 -51.1922 -43.0447 130.4603 0.5958 3.6871 -0.3209 -0.4126 -0.4200 -1.6906 -1.5928 1.4881 0.3179 1-4cyli.dat
1 0 -51.1922 -43.0447 130.4603 -0.5958 3.6871 0.3209 0.4126 -0.4200 1.6906 1.5928 1.4881 -0.3179 1-4cyli.dat
1 0 -50.2754 -41.7665 128.5494 -0.5958 3.6871 0.3209 0.4126 -0.4200 1.6906 1.5928 1.4881 -0.3179 3-4cyli.dat
2 24 -54.633 -42.239 130.749 -51.011 -42.720 132.372
2 24 -54.358 -44.362 129.506 -50.736 -44.843 131.129
2 24 -53.622 -41.002 128.859 -50.000 -41.483 130.482
2 24 -53.347 -43.125 127.616 -49.725 -43.606 129.239
2 24 -55.645 -43.477 132.639 -52.022 -43.958 134.262
2 24 -55.370 -45.599 131.396 -51.748 -46.081 133.019
1 0 -56.0126 -45.1561 132.9624 0.6430 3.6221 -0.3682 -0.4426 -0.4811 -1.6799 -1.5662 1.6231 0.3236 3-4cyli.dat
1 0 -55.0013 -43.9187 131.0725 0.6430 3.6221 -0.3682 -0.4426 -0.4811 -1.6799 -1.5662 1.6231 0.3236 1-4cyli.dat
1 0 -55.0013 -43.9187 131.0725 -0.6430 3.6221 0.3682 0.4426 -0.4811 1.6799 1.5662 1.6231 -0.3236 1-4cyli.dat
1 0 -53.9905 -42.6819 129.1833 0.6430 3.6221 -0.3682 -0.4426 -0.4811 -1.6799 -1.5662 1.6231 0.3236 1-4cyli.dat
1 0 -53.9905 -42.6819 129.1833 -0.6430 3.6221 0.3682 0.4426 -0.4811 1.6799 1.5662 1.6231 -0.3236 1-4cyli.dat
1 0 -52.9793 -41.4445 127.2933 -0.6430 3.6221 0.3682 0.4426 -0.4811 1.6799 1.5662 1.6231 -0.3236 3-4cyli.dat
2 24 -57.442 -41.821 129.382 -53.863 -42.336 131.088
2 24 -57.171 -43.960 128.166 -53.592 -44.475 129.872
2 24 -56.373 -40.617 127.502 -52.794 -41.132 129.208
2 24 -56.102 -42.756 126.287 -52.522 -43.271 127.992
2 24 -58.511 -43.025 131.261 -54.932 -43.541 132.967
2 24 -58.240 -45.164 130.046 -54.661 -45.679 131.751
1 0 -58.9101 -44.6959 131.5931 0.6702 3.5792 -0.3989 -0.4672 -0.5155 -1.6713 -1.5475 1.7058 0.3318 3-4cyli.dat
1 0 -57.8409 -43.4917 129.7136 0.6702 3.5792 -0.3989 -0.4672 -0.5155 -1.6713 -1.5475 1.7058 0.3318 1-4cyli.dat
1 0 -57.8409 -43.4917 129.7136 -0.6702 3.5792 0.3989 0.4672 -0.5155 1.6713 1.5475 1.7058 -0.3318 1-4cyli.dat
1 0 -56.7722 -42.2881 127.8348 0.6702 3.5792 -0.3989 -0.4672 -0.5155 -1.6713 -1.5475 1.7058 0.3318 1-4cyli.dat
1 0 -56.7722 -42.2881 127.8348 -0.6702 3.5792 0.3989 0.4672 -0.5155 1.6713 1.5475 1.7058 -0.3318 1-4cyli.dat
1 0 -55.7030 -41.0840 125.9553 -0.6702 3.5792 0.3989 0.4672 -0.5155 1.6713 1.5475 1.7058 -0.3318 3-4cyli.dat
2 24 -60.423 -41.333 127.811 -56.907 -41.893 129.632
2 24 -60.152 -43.489 126.626 -56.637 -44.049 128.447
2 24 -59.274 -40.169 125.953 -55.759 -40.729 127.774
2 24 -59.004 -42.325 124.768 -55.489 -42.885 126.589
2 24 -61.571 -42.497 129.669 -58.056 -43.058 131.490
2 24 -61.300 -44.654 128.484 -57.785 -45.214 130.305
1 0 -62.0094 -44.1572 130.0051 0.7090 3.5151 -0.4389 -0.4959 -0.5601 -1.6602 -1.5211 1.8211 0.3366 3-4cyli.dat
1 0 -60.8613 -42.9927 128.1472 0.7090 3.5151 -0.4389 -0.4959 -0.5601 -1.6602 -1.5211 1.8211 0.3366 1-4cyli.dat
1 0 -60.8613 -42.9927 128.1472 -0.7090 3.5151 0.4389 0.4959 -0.5601 1.6602 1.5211 1.8211 -0.3366 1-4cyli.dat
1 0 -59.7137 -41.8288 126.2901 0.7090 3.5151 -0.4389 -0.4959 -0.5601 -1.6602 -1.5211 1.8211 0.3366 1-4cyli.dat
1 0 -59.7137 -41.8288 126.2901 -0.7090 3.5151 0.4389 0.4959 -0.5601 1.6602 1.5211 1.8211 -0.3366 1-4cyli.dat
1 0 -58.5657 -40.6644 124.4322 -0.7090 3.5151 0.4389 0.4959 -0.5601 1.6602 1.5211 1.8211 -0.3366 3-4cyli.dat
2 24 -63.144 -40.859 126.291 -59.679 -41.449 128.197
2 24 -62.877 -43.031 125.134 -59.412 -43.621 127.040
2 24 -61.938 -39.729 124.448 -58.473 -40.319 126.354
2 24 -61.672 -41.901 123.291 -58.206 -42.491 125.197
2 24 -64.349 -41.988 128.134 -60.884 -42.578 130.039
2 24 -64.083 -44.160 126.977 -60.618 -44.750 128.883
1 0 -64.8188 -43.6384 128.4766 0.7360 3.4651 -0.4696 -0.5210 -0.5899 -1.6505 -1.4997 1.9055 0.3430 3-4cyli.dat
1 0 -63.6131 -42.5089 126.6338 0.7360 3.4651 -0.4696 -0.5210 -0.5899 -1.6505 -1.4997 1.9055 0.3430 1-4cyli.dat
1 0 -63.6131 -42.5089 126.6338 -0.7360 3.4651 0.4696 0.5210 -0.5899 1.6505 1.4997 1.9055 -0.3430 1-4cyli.dat
1 0 -62.4079 -41.3798 124.7917 0.7360 3.4651 -0.4696 -0.5210 -0.5899 -1.6505 -1.4997 1.9055 0.3430 1-4cyli.dat
1 0 -62.4079 -41.3798 124.7917 -0.7360 3.4651 0.4696 0.5210 -0.5899 1.6505 1.4997 1.9055 -0.3430 1-4cyli.dat
1 0 -61.2022 -40.2502 122.9489 -0.7360 3.4651 0.4696 0.5210 -0.5899 1.6505 1.4997 1.9055 -0.3430 3-4cyli.dat
2 24 -65.821 -40.362 124.701 -62.407 -40.979 126.689
2 24 -65.558 -42.549 123.572 -62.145 -43.166 125.560
2 24 -64.559 -39.268 122.874 -61.145 -39.885 124.863
2 24 -64.296 -41.454 121.745 -60.883 -42.071 123.734
2 24 -67.082 -41.457 126.527 -63.669 -42.074 128.516
2 24 -66.820 -43.643 125.398 -63.407 -44.260 127.387
1 0 -67.5819 -43.0966 126.8754 0.7622 3.4132 -0.4996 -0.5461 -0.6170 -1.6405 -1.4776 1.9887 0.3486 3-4cyli.dat
1 0 -66.3200 -42.0021 125.0491 0.7622 3.4132 -0.4996 -0.5461 -0.6170 -1.6405 -1.4776 1.9887 0.3486 1-4cyli.dat
1 0 -66.3200 -42.0021 125.0491 -0.7622 3.4132 0.4996 0.5461 -0.6170 1.6405 1.4776 1.9887 -0.3486 1-4cyli.dat
1 0 -65.0586 -40.9081 123.2236 0.7622 3.4132 -0.4996 -0.5461 -0.6170 -1.6405 -1.4776 1.9887 0.3486 1-4cyli.dat
1 0 -65.0586 -40.9081 123.2236 -0.7622 3.4132 0.4996 0.5461 -0.6170 1.6405 1.4776 1.9887 -0.3486 1-4cyli.dat
1 0 -63.7966 -39.8136 121.3973 -0.7622 3.4132 0.4996 0.5461 -0.6170 1.6405 1.4776 1.9887 -0.3486 3-4cyli.dat
2 24 -68.457 -39.848 123.048 -65.099 -40.490 125.122
2 24 -68.198 -42.049 121.948 -64.840 -42.691 124.021
2 24 -67.138 -38.789 121.241 -63.780 -39.431 123.315
2 24 -66.879 -40.991 120.140 -63.522 -41.633 122.214
2 24 -69.775 -40.906 124.855 -66.418 -41.548 126.929
2 24 -69.516 -43.108 123.755 -66.159 -43.750 125.829
1 0 -70.3050 -42.5355 125.2085 0.7887 3.3575 -0.5299 -0.5715 -0.6421 -1.6300 -1.4539 2.0738 0.3532 3-4cyli.dat
1 0 -68.9863 -41.4770 123.4013 0.7887 3.3575 -0.5299 -0.5715 -0.6421 -1.6300 -1.4539 2.0738 0.3532 1-4cyli.dat
1 0 -68.9863 -41.4770 123.4013 -0.7887 3.3575 0.5299 0.5715 -0.6421 1.6300 1.4539 2.0738 -0.3532 1-4cyli.dat
1 0 -67.6681 -40.4188 121.5948 0.7887 3.3575 -0.5299 -0.5715 -0.6421 -1.6300 -1.4539 2.0738 0.3532 1-4cyli.dat
1 0 -67.6681 -40.4188 121.5948 -0.7887 3.3575 0.5299 0.5715 -0.6421 1.6300 1.4539 2.0738 -0.3532 1-4cyli.dat
1 0 -66.3494 -39.3602 119.7876 -0.7887 3.3575 0.5299 0.5715 -0.6421 1.6300 1.4539 2.0738 -0.3532 3-4cyli.dat
2 24 -71.042 -39.314 121.322 -67.744 -39.979 123.482
2 24 -70.787 -41.530 120.251 -67.489 -42.195 122.410
2 24 -69.667 -38.292 119.536 -66.368 -38.957 121.696
2 24 -69.412 -40.508 118.465 -66.113 -41.173 120.624
2 24 -72.418 -40.336 123.108 -69.119 -41.001 125.268
2 24 -72.162 -42.552 122.036 -68.864 -43.217 124.196
1 0 -72.9774 -41.9547 123.4651 0.8152 3.2984 -0.5600 -0.5970 -0.6647 -1.6190 -1.4287 2.1598 0.3570 3-4cyli.dat
1 0 -71.6020 -40.9326 121.6792 0.8152 3.2984 -0.5600 -0.5970 -0.6647 -1.6190 -1.4287 2.1598 0.3570 1-4cyli.dat
1 0 -71.6020 -40.9326 121.6792 -0.8152 3.2984 0.5600 0.5970 -0.6647 1.6190 1.4287 2.1598 -0.3570 1-4cyli.dat
1 0 -70.2272 -39.9109 119.8940 0.8152 3.2984 -0.5600 -0.5970 -0.6647 -1.6190 -1.4287 2.1598 0.3570 1-4cyli.dat
1 0 -70.2272 -39.9109 119.8940 -0.8152 3.2984 0.5600 0.5970 -0.6647 1.6190 1.4287 2.1598 -0.3570 1-4cyli.dat
1 0 -68.8519 -38.8888 118.1082 -0.8152 3.2984 0.5600 0.5970 -0.6647 1.6190 1.4287 2.1598 -0.3570 3-4cyli.dat
2 24 -73.791 -38.726 119.403 -70.548 -39.409 121.639
2 24 -73.540 -40.956 118.359 -70.297 -41.639 120.595
2 24 -72.365 -37.739 117.637 -69.122 -38.421 119.873
2 24 -72.115 -39.969 116.593 -68.871 -40.651 118.829
2 24 -75.216 -39.714 121.169 -71.973 -40.396 123.406
2 24 -74.966 -41.943 120.125 -71.722 -42.626 122.361
1 0 -75.8034 -41.3215 121.5300 0.8380 3.2433 -0.5873 -0.6213 -0.6824 -1.6085 -1.4050 2.2363 0.3609 3-4cyli.dat
1 0 -74.3780 -40.3342 119.7639 0.8380 3.2433 -0.5873 -0.6213 -0.6824 -1.6085 -1.4050 2.2363 0.3609 1-4cyli.dat
1 0 -74.3780 -40.3342 119.7639 -0.8380 3.2433 0.5873 0.6213 -0.6824 1.6085 1.4050 2.2363 -0.3609 1-4cyli.dat
1 0 -72.9531 -39.3473 117.9986 0.8380 3.2433 -0.5873 -0.6213 -0.6824 -1.6085 -1.4050 2.2363 0.3609 1-4cyli.dat
1 0 -72.9531 -39.3473 117.9986 -0.8380 3.2433 0.5873 0.6213 -0.6824 1.6085 1.4050 2.2363 -0.3609 1-4cyli.dat
1 0 -71.5277 -38.3600 116.2325 -0.8380 3.2433 0.5873 0.6213 -0.6824 1.6085 1.4050 2.2363 -0.3609 3-4cyli.dat
2 24 -76.294 -38.170 117.568 -73.105 -38.867 119.876
2 24 -76.048 -40.413 116.551 -72.859 -41.110 118.859
2 24 -74.822 -37.217 115.821 -71.633 -37.914 118.130
2 24 -74.576 -39.460 114.804 -71.387 -40.157 117.113
2 24 -77.766 -39.123 119.314 -74.577 -39.820 121.622
2 24 -77.520 -41.366 118.297 -74.331 -42.063 120.605
1 0 -78.3793 -40.7207 119.6785 0.8590 3.1893 -0.6131 -0.6448 -0.6971 -1.5980 -1.3816 2.3082 0.3646 3-4cyli.dat
1 0 -76.9071 -39.7675 117.9322 0.8590 3.1893 -0.6131 -0.6448 -0.6971 -1.5980 -1.3816 2.3082 0.3646 1-4cyli.dat
1 0 -76.9071 -39.7675 117.9322 -0.8590 3.1893 0.6131 0.6448 -0.6971 1.5980 1.3816 2.3082 -0.3646 1-4cyli.dat
1 0 -75.4354 -38.8146 116.1866 0.8590 3.1893 -0.6131 -0.6448 -0.6971 -1.5980 -1.3816 2.3082 0.3646 1-4cyli.dat
1 0 -75.4354 -38.8146 116.1866 -0.8590 3.1893 0.6131 0.6448 -0.6971 1.5980 1.3816 2.3082 -0.3646 1-4cyli.dat
1 0 -73.9632 -37.8614 114.4403 -0.8590 3.1893 0.6131 0.6448 -0.6971 1.5980 1.3816 2.3082 -0.3646 3-4cyli.dat
2 24 -78.754 -37.605 115.678 -75.616 -38.313 118.051
2 24 -78.514 -39.860 114.687 -75.375 -40.568 117.060
2 24 -77.240 -36.684 113.950 -74.101 -37.393 116.324
2 24 -77.000 -38.939 112.959 -73.861 -39.648 115.333
2 24 -80.269 -38.525 117.406 -77.130 -39.234 119.779
2 24 -80.028 -40.780 116.415 -76.890 -41.489 118.788
1 0 -80.9053 -40.1125 117.7744 0.8771 3.1388 -0.6370 -0.6672 -0.7086 -1.5877 -1.3593 2.3731 0.3684 3-4cyli.dat
1 0 -79.3911 -39.1919 116.0465 0.8771 3.1388 -0.6370 -0.6672 -0.7086 -1.5877 -1.3593 2.3731 0.3684 1-4cyli.dat
1 0 -79.3911 -39.1919 116.0465 -0.8771 3.1388 0.6370 0.6672 -0.7086 1.5877 1.3593 2.3731 -0.3684 1-4cyli.dat
1 0 -77.8775 -38.2717 114.3194 0.8771 3.1388 -0.6370 -0.6672 -0.7086 -1.5877 -1.3593 2.3731 0.3684 1-4cyli.dat
1 0 -77.8775 -38.2717 114.3194 -0.8771 3.1388 0.6370 0.6672 -0.7086 1.5877 1.3593 2.3731 -0.3684 1-4cyli.dat
1 0 -76.3634 -37.3512 112.5915 -0.8771 3.1388 0.6370 0.6672 -0.7086 1.5877 1.3593 2.3731 -0.3684 3-4cyli.dat
2 24 -81.165 -37.030 113.725 -78.093 -37.751 116.181
2 24 -80.928 -39.298 112.763 -77.857 -40.019 115.219
2 24 -79.598 -36.146 112.025 -76.526 -36.867 114.480
2 24 -79.362 -38.415 111.063 -76.290 -39.135 113.519
2 24 -82.731 -37.914 115.425 -79.660 -38.635 117.881
2 24 -82.495 -40.182 114.463 -79.423 -40.903 116.919
1 0 -83.3962 -39.4890 115.7938 0.9014 3.0716 -0.6651 -0.6923 -0.7209 -1.5759 -1.3306 2.4559 0.3693 3-4cyli.dat
1 0 -81.8295 -38.6053 114.0938 0.9014 3.0716 -0.6651 -0.6923 -0.7209 -1.5759 -1.3306 2.4559 0.3693 1-4cyli.dat
1 0 -81.8295 -38.6053 114.0938 -0.9014 3.0716 0.6651 0.6923 -0.7209 1.5759 1.3306 2.4559 -0.3693 1-4cyli.dat
1 0 -80.2634 -37.7219 112.3944 0.9014 3.0716 -0.6651 -0.6923 -0.7209 -1.5759 -1.3306 2.4559 0.3693 1-4cyli.dat
1 0 -80.2634 -37.7219 112.3944 -0.9014 3.0716 0.6651 0.6923 -0.7209 1.5759 1.3306 2.4559 -0.3693 1-4cyli.dat
1 0 -78.6968 -36.8382 110.6944 -0.9014 3.0716 0.6651 0.6923 -0.7209 1.5759 1.3306 2.4559 -0.3693 3-4cyli.dat
2 24 -83.534 -36.451 111.727 -80.510 -37.178 114.240
2 24 -83.305 -38.730 110.791 -80.281 -39.458 113.303
2 24 -81.932 -35.598 110.045 -78.908 -36.326 112.558
2 24 -81.702 -37.878 109.109 -78.678 -38.605 111.621
2 24 -85.137 -37.304 113.409 -82.113 -38.031 115.922
2 24 -84.907 -39.583 112.473 -81.883 -40.311 114.985
1 0 -85.8233 -38.8693 113.7820 0.9162 3.0239 -0.6864 -0.7132 -0.7275 -1.5660 -1.3093 2.5124 0.3727 3-4cyli.dat
1 0 -84.2206 -38.0164 112.0999 0.9162 3.0239 -0.6864 -0.7132 -0.7275 -1.5660 -1.3093 2.5124 0.3727 1-4cyli.dat
1 0 -84.2206 -38.0164 112.0999 -0.9162 3.0239 0.6864 0.7132 -0.7275 1.5660 1.3093 2.5124 -0.3727 1-4cyli.dat
1 0 -82.6185 -37.1640 110.4185 0.9162 3.0239 -0.6864 -0.7132 -0.7275 -1.5660 -1.3093 2.5124 0.3727 1-4cyli.dat
1 0 -82.6185 -37.1640 110.4185 -0.9162 3.0239 0.6864 0.7132 -0.7275 1.5660 1.3093 2.5124 -0.3727 1-4cyli.dat
1 0 -81.0157 -36.3111 108.7363 -0.9162 3.0239 0.6864 0.7132 -0.7275 1.5660 1.3093 2.5124 -0.3727 3-4cyli.dat
2 24 -86.043 -35.821 109.513 -83.081 -36.555 112.097
2 24 -85.818 -38.112 108.604 -82.857 -38.846 111.188
2 24 -84.395 -35.003 107.857 -81.434 -35.737 110.441
2 24 -84.170 -37.294 106.949 -81.209 -38.028 109.533
2 24 -87.690 -36.639 111.169 -84.729 -37.373 113.753
2 24 -87.465 -38.930 110.260 -84.504 -39.665 112.844
1 0 -88.4015 -38.1934 111.5419 0.9362 2.9613 -0.7113 -0.7363 -0.7342 -1.5546 -1.2821 2.5841 0.3735 3-4cyli.dat
1 0 -86.7538 -37.3750 109.8863 0.9362 2.9613 -0.7113 -0.7363 -0.7342 -1.5546 -1.2821 2.5841 0.3735 1-4cyli.dat
1 0 -86.7538 -37.3750 109.8863 -0.9362 2.9613 0.7113 0.7363 -0.7342 1.5546 1.2821 2.5841 -0.3735 1-4cyli.dat
1 0 -85.1068 -36.5570 108.2313 0.9362 2.9613 -0.7113 -0.7363 -0.7342 -1.5546 -1.2821 2.5841 0.3735 1-4cyli.dat
1 0 -85.1068 -36.5570 108.2313 -0.9362 2.9613 0.7113 0.7363 -0.7342 1.5546 1.2821 2.5841 -0.3735 1-4cyli.dat
1 0 -83.4592 -35.7387 106.5756 -0.9362 2.9613 0.7113 0.7363 -0.7342 1.5546 1.2821 2.5841 -0.3735 3-4cyli.dat
2 24 -88.324 -35.235 107.417 -85.416 -35.973 110.059
2 24 -88.106 -37.536 106.533 -85.197 -38.274 109.176
2 24 -86.640 -34.448 105.783 -83.732 -35.186 108.425
2 24 -86.422 -36.749 104.899 -83.513 -37.487 107.542
2 24 -90.008 -36.022 109.051 -87.100 -36.760 111.693
2 24 -89.790 -38.323 108.167 -86.881 -39.061 110.810
1 0 -90.7410 -37.5653 109.4257 0.9513 2.9084 -0.7328 -0.7573 -0.7380 -1.5442 -1.2586 2.6423 0.3753 3-4cyli.dat
1 0 -89.0568 -36.7783 107.7917 0.9513 2.9084 -0.7328 -0.7573 -0.7380 -1.5442 -1.2586 2.6423 0.3753 1-4cyli.dat
1 0 -89.0568 -36.7783 107.7917 -0.9513 2.9084 0.7328 0.7573 -0.7380 1.5442 1.2586 2.6423 -0.3753 1-4cyli.dat
1 0 -87.3733 -35.9916 106.1584 0.9513 2.9084 -0.7328 -0.7573 -0.7380 -1.5442 -1.2586 2.6423 0.3753 1-4cyli.dat
1 0 -87.3733 -35.9916 106.1584 -0.9513 2.9084 0.7328 0.7573 -0.7380 1.5442 1.2586 2.6423 -0.3753 1-4cyli.dat
1 0 -85.6892 -35.2046 104.5244 -0.9513 2.9084 0.7328 0.7573 -0.7380 1.5442 1.2586 2.6423 -0.3753 3-4cyli.dat
2 24 -90.557 -34.646 105.268 -87.706 -35.387 107.971
2 24 -90.345 -36.958 104.411 -87.493 -37.699 107.114
2 24 -88.835 -33.891 103.659 -85.984 -34.632 106.362
2 24 -88.623 -36.203 102.801 -85.771 -36.944 105.504
2 24 -92.279 -35.401 106.878 -89.428 -36.142 109.581
2 24 -92.067 -37.713 106.020 -89.215 -38.454 108.723
1 0 -93.0336 -36.9343 107.2533 0.9671 2.8513 -0.7547 -0.7784 -0.7405 -1.5334 -1.2334 2.7032 0.3760 3-4cyli.dat
1 0 -91.3116 -36.1792 105.6439 0.9671 2.8513 -0.7547 -0.7784 -0.7405 -1.5334 -1.2334 2.7032 0.3760 1-4cyli.dat
1 0 -91.3116 -36.1792 105.6439 -0.9671 2.8513 0.7547 0.7784 -0.7405 1.5334 1.2334 2.7032 -0.3760 1-4cyli.dat
1 0 -89.5904 -35.4245 104.0350 0.9671 2.8513 -0.7547 -0.7784 -0.7405 -1.5334 -1.2334 2.7032 0.3760 1-4cyli.dat
1 0 -89.5904 -35.4245 104.0350 -0.9671 2.8513 0.7547 0.7784 -0.7405 1.5334 1.2334 2.7032 -0.3760 1-4cyli.dat
1 0 -87.8685 -34.6694 102.4256 -0.9671 2.8513 0.7547 0.7784 -0.7405 1.5334 1.2334 2.7032 -0.3760 3-4cyli.dat
2 24 -92.748 -34.058 103.077 -89.954 -34.799 105.839
2 24 -92.542 -36.380 102.245 -89.748 -37.121 105.008
2 24 -90.990 -33.334 101.493 -88.196 -34.076 104.255
2 24 -90.784 -35.656 100.661 -87.990 -36.398 103.423
2 24 -94.507 -34.781 104.661 -91.713 -35.523 107.424
2 24 -94.301 -37.103 103.830 -91.507 -37.845 106.592
1 0 -95.2826 -36.3036 105.0375 0.9822 2.7939 -0.7761 -0.7991 -0.7414 -1.5227 -1.2079 2.7622 0.3763 3-4cyli.dat
1 0 -93.5242 -35.5800 103.4532 0.9822 2.7939 -0.7761 -0.7991 -0.7414 -1.5227 -1.2079 2.7622 0.3763 1-4cyli.dat
1 0 -93.5242 -35.5800 103.4532 -0.9822 2.7939 0.7761 0.7991 -0.7414 1.5227 1.2079 2.7622 -0.3763 1-4cyli.dat
1 0 -91.7665 -34.8567 101.8695 0.9822 2.7939 -0.7761 -0.7991 -0.7414 -1.5227 -1.2079 2.7622 0.3763 1-4cyli.dat
1 0 -91.7665 -34.8567 101.8695 -0.9822 2.7939 0.7761 0.7991 -0.7414 1.5227 1.2079 2.7622 -0.3763 1-4cyli.dat
1 0 -90.0082 -34.1330 100.2851 -0.9822 2.7939 0.7761 0.7991 -0.7414 1.5227 1.2079 2.7622 -0.3763 3-4cyli.dat
2 24 -94.894 -33.470 100.841 -92.154 -34.211 103.657
2 24 -94.694 -35.801 100.034 -91.954 -36.542 102.850
2 24 -93.102 -32.777 99.281 -90.362 -33.518 102.097
2 24 -92.903 -35.108 98.474 -90.163 -35.849 101.290
2 24 -96.685 -34.164 102.402 -93.945 -34.905 105.218
2 24 -96.486 -36.495 101.595 -93.746 -37.236 104.411
1 0 -97.4808 -35.6755 102.7782 0.9953 2.7398 -0.7960 -0.8187 -0.7409 -1.5122 -1.1838 2.8161 0.3766 3-4cyli.dat
1 0 -95.6893 -34.9820 101.2177 0.9953 2.7398 -0.7960 -0.8187 -0.7409 -1.5122 -1.1838 2.8161 0.3766 1-4cyli.dat
1 0 -95.6893 -34.9820 101.2177 -0.9953 2.7398 0.7960 0.8187 -0.7409 1.5122 1.1838 2.8161 -0.3766 1-4cyli.dat
1 0 -93.8985 -34.2887 99.6578 0.9953 2.7398 -0.7960 -0.8187 -0.7409 -1.5122 -1.1838 2.8161 0.3766 1-4cyli.dat
1 0 -93.8985 -34.2887 99.6578 -0.9953 2.7398 0.7960 0.8187 -0.7409 1.5122 1.1838 2.8161 -0.3766 1-4cyli.dat
1 0 -92.1070 -33.5951 98.0974 -0.9953 2.7398 0.7960 0.8187 -0.7409 1.5122 1.1838 2.8161 -0.3766 3-4cyli.dat
2 24 -97.160 -32.838 98.381 -94.483 -33.577 101.257
2 24 -96.967 -35.179 97.600 -94.290 -35.917 100.475
2 24 -95.333 -32.176 96.849 -92.655 -32.915 99.725
2 24 -95.139 -34.516 96.068 -92.462 -35.255 98.944
2 24 -98.988 -33.500 99.913 -96.311 -34.239 102.788
2 24 -98.795 -35.841 99.131 -96.117 -36.580 102.007
1 0 -99.8052 -35.0009 100.2878 1.0104 2.6777 -0.8172 -0.8391 -0.7389 -1.5012 -1.1564 2.8757 0.3753 3-4cyli.dat
1 0 -97.9774 -34.3388 98.7560 1.0104 2.6777 -0.8172 -0.8391 -0.7389 -1.5012 -1.1564 2.8757 0.3753 1-4cyli.dat
1 0 -97.9774 -34.3388 98.7560 -1.0104 2.6777 0.8172 0.8391 -0.7389 1.5012 1.1564 2.8757 -0.3753 1-4cyli.dat
1 0 -96.1503 -33.6769 97.2248 1.0104 2.6777 -0.8172 -0.8391 -0.7389 -1.5012 -1.1564 2.8757 0.3753 1-4cyli.dat
1 0 -96.1503 -33.6769 97.2248 -1.0104 2.6777 0.8172 0.8391 -0.7389 1.5012 1.1564 2.8757 -0.3753 1-4cyli.dat
1 0 -94.3225 -33.0148 95.6931 -1.0104 2.6777 0.8172 0.8391 -0.7389 1.5012 1.1564 2.8757 -0.3753 3-4cyli.dat
2 24 -99.206 -32.255 96.050 -96.597 -32.990 98.989
2 24 -99.018 -34.605 95.296 -96.409 -35.340 98.235
2 24 -97.340 -31.626 94.551 -94.731 -32.360 97.490
2 24 -97.152 -33.975 93.797 -94.543 -34.710 96.736
2 24 -101.072 -32.885 97.548 -98.463 -33.620 100.488
2 24 -100.884 -35.235 96.795 -98.275 -35.970 99.734
1 0 -101.9106 -34.3745 97.9208 1.0267 2.6091 -0.8392 -0.8600 -0.7349 -1.4897 -1.1264 2.9391 0.3725 3-4cyli.dat
1 0 -100.0446 -33.7446 96.4219 1.0267 2.6091 -0.8392 -0.8600 -0.7349 -1.4897 -1.1264 2.9391 0.3725 1-4cyli.dat
1 0 -100.0446 -33.7446 96.4219 -1.0267 2.6091 0.8392 0.8600 -0.7349 1.4897 1.1264 2.9391 -0.3725 1-4cyli.dat
1 0 -98.1793 -33.1150 94.9235 1.0267 2.6091 -0.8392 -0.8600 -0.7349 -1.4897 -1.1264 2.9391 0.3725 1-4cyli.dat
1 0 -98.1793 -33.1150 94.9235 -1.0267 2.6091 0.8392 0.8600 -0.7349 1.4897 1.1264 2.9391 -0.3725 1-4cyli.dat
1 0 -96.3133 -32.4852 93.4245 -1.0267 2.6091 0.8392 0.8600 -0.7349 1.4897 1.1264 2.9391 -0.3725 3-4cyli.dat
2 24 -101.204 -31.677 93.679 -98.650 -32.408 96.668
2 24 -101.024 -34.035 92.949 -98.470 -34.765 95.937
2 24 -99.308 -31.076 92.206 -96.755 -31.806 95.195
2 24 -99.128 -33.434 91.476 -96.574 -34.164 94.464
2 24 -103.100 -32.279 95.152 -100.546 -33.009 98.141
2 24 -102.920 -34.636 94.422 -100.366 -35.367 97.410
1 0 -103.9573 -33.7576 95.5233 1.0380 2.5536 -0.8577 -0.8782 -0.7303 -1.4795 -1.1016 2.9885 0.3713 3-4cyli.dat
1 0 -102.0614 -33.1563 94.0502 1.0380 2.5536 -0.8577 -0.8782 -0.7303 -1.4795 -1.1016 2.9885 0.3713 1-4cyli.dat
1 0 -102.0614 -33.1563 94.0502 -1.0380 2.5536 0.8577 0.8782 -0.7303 1.4795 1.1016 2.9885 -0.3713 1-4cyli.dat
1 0 -100.1663 -32.5553 92.5778 1.0380 2.5536 -0.8577 -0.8782 -0.7303 -1.4795 -1.1016 2.9885 0.3713 1-4cyli.dat
1 0 -100.1663 -32.5553 92.5778 -1.0380 2.5536 0.8577 0.8782 -0.7303 1.4795 1.1016 2.9885 -0.3713 1-4cyli.dat
1 0 -98.2705 -31.9540 91.1048 -1.0380 2.5536 0.8577 0.8782 -0.7303 1.4795 1.1016 2.9885 -0.3713 3-4cyli.dat
2 24 -103.161 -31.104 91.273 -100.664 -31.828 94.311
2 24 -102.988 -33.469 90.566 -100.491 -34.194 93.604
2 24 -101.236 -30.531 89.827 -98.739 -31.255 92.865
2 24 -101.062 -32.896 89.121 -98.566 -33.621 92.158
2 24 -105.086 -31.677 92.719 -102.590 -32.401 95.757
2 24 -104.913 -34.042 92.012 -102.416 -34.767 95.050
1 0 -105.9620 -33.1453 93.0883 1.0492 2.4967 -0.8760 -0.8962 -0.7246 -1.4692 -1.0762 3.0376 0.3695 3-4cyli.dat
1 0 -104.0366 -32.5723 91.6425 1.0492 2.4967 -0.8760 -0.8962 -0.7246 -1.4692 -1.0762 3.0376 0.3695 1-4cyli.dat
1 0 -104.0366 -32.5723 91.6425 -1.0492 2.4967 0.8760 0.8962 -0.7246 1.4692 1.0762 3.0376 -0.3695 1-4cyli.dat
1 0 -102.1120 -31.9996 90.1973 1.0492 2.4967 -0.8760 -0.8962 -0.7246 -1.4692 -1.0762 3.0376 0.3695 1-4cyli.dat
1 0 -102.1120 -31.9996 90.1973 -1.0492 2.4967 0.8760 0.8962 -0.7246 1.4692 1.0762 3.0376 -0.3695 1-4cyli.dat
1 0 -100.1867 -31.4266 88.7515 -1.0492 2.4967 0.8760 0.8962 -0.7246 1.4692 1.0762 3.0376 -0.3695 3-4cyli.dat
2 24 -105.064 -30.536 88.822 -102.630 -31.254 91.912
2 24 -104.898 -32.910 88.140 -102.464 -33.627 91.230
2 24 -103.108 -29.992 87.407 -100.674 -30.710 90.497
2 24 -102.941 -32.366 86.725 -100.507 -33.083 89.815
2 24 -107.021 -31.080 90.237 -104.587 -31.798 93.327
2 24 -106.854 -33.454 89.555 -104.420 -34.171 92.645
1 0 -107.9153 -32.5385 90.6032 1.0615 2.4339 -0.8949 -0.9145 -0.7173 -1.4586 -1.0484 3.0898 0.3663 3-4cyli.dat
1 0 -105.9589 -31.9944 89.1884 1.0615 2.4339 -0.8949 -0.9145 -0.7173 -1.4586 -1.0484 3.0898 0.3663 1-4cyli.dat
1 0 -105.9589 -31.9944 89.1884 -1.0615 2.4339 0.8949 0.9145 -0.7173 1.4586 1.0484 3.0898 -0.3663 1-4cyli.dat
1 0 -104.0032 -31.4506 87.7741 1.0615 2.4339 -0.8949 -0.9145 -0.7173 -1.4586 -1.0484 3.0898 0.3663 1-4cyli.dat
1 0 -104.0032 -31.4506 87.7741 -1.0615 2.4339 0.8949 0.9145 -0.7173 1.4586 1.0484 3.0898 -0.3663 1-4cyli.dat
1 0 -102.0467 -30.9065 86.3592 -1.0615 2.4339 0.8949 0.9145 -0.7173 1.4586 1.0484 3.0898 -0.3663 3-4cyli.dat
2 24 -107.068 -29.931 86.137 -104.700 -30.640 89.279
2 24 -106.908 -32.312 85.479 -104.539 -33.021 88.621
2 24 -105.081 -29.416 84.755 -102.712 -30.125 87.897
2 24 -104.921 -31.797 84.097 -102.552 -32.505 87.239
2 24 -109.056 -30.447 87.519 -106.687 -31.155 90.661
2 24 -108.896 -32.828 86.862 -106.527 -33.536 90.004
1 0 -109.9691 -31.8943 87.8813 1.0736 2.3689 -0.9136 -0.9326 -0.7085 -1.4479 -1.0198 3.1420 0.3623 3-4cyli.dat
1 0 -107.9817 -31.3789 86.4992 1.0736 2.3689 -0.9136 -0.9326 -0.7085 -1.4479 -1.0198 3.1420 0.3623 1-4cyli.dat
1 0 -107.9817 -31.3789 86.4992 -1.0736 2.3689 0.9136 0.9326 -0.7085 1.4479 1.0198 3.1420 -0.3623 1-4cyli.dat
1 0 -105.9951 -30.8638 85.1175 1.0736 2.3689 -0.9136 -0.9326 -0.7085 -1.4479 -1.0198 3.1420 0.3623 1-4cyli.dat
1 0 -105.9951 -30.8638 85.1175 -1.0736 2.3689 0.9136 0.9326 -0.7085 1.4479 1.0198 3.1420 -0.3623 1-4cyli.dat
1 0 -104.0078 -30.3484 83.7353 -1.0736 2.3689 0.9136 0.9326 -0.7085 1.4479 1.0198 3.1420 -0.3623 3-4cyli.dat
2 24 -108.877 -29.378 83.612 -106.569 -30.078 86.801
2 24 -108.724 -31.766 82.978 -106.416 -32.465 86.167
2 24 -106.862 -28.890 82.261 -104.553 -29.590 85.450
2 24 -106.709 -31.278 81.627 -104.400 -31.977 84.815
2 24 -110.892 -29.867 84.964 -108.584 -30.566 88.153
2 24 -110.739 -32.254 84.330 -108.431 -32.953 87.519
1 0 -111.8225 -31.3040 85.3225 1.0840 2.3082 -0.9310 -0.9495 -0.6994 -1.4377 -0.9929 3.1888 0.3586 3-4cyli.dat
1 0 -109.8074 -30.8157 83.9709 1.0840 2.3082 -0.9310 -0.9495 -0.6994 -1.4377 -0.9929 3.1888 0.3586 1-4cyli.dat
1 0 -109.8074 -30.8157 83.9709 -1.0840 2.3082 0.9310 0.9495 -0.6994 1.4377 0.9929 3.1888 -0.3586 1-4cyli.dat
1 0 -107.7931 -30.3276 82.6200 1.0840 2.3082 -0.9310 -0.9495 -0.6994 -1.4377 -0.9929 3.1888 0.3586 1-4cyli.dat
1 0 -107.7931 -30.3276 82.6200 -1.0840 2.3082 0.9310 0.9495 -0.6994 1.4377 0.9929 3.1888 -0.3586 1-4cyli.dat
1 0 -105.7780 -29.8394 81.2684 -1.0840 2.3082 0.9310 0.9495 -0.6994 1.4377 0.9929 3.1888 -0.3586 3-4cyli.dat
2 24 -112.301 -28.316 78.548 -108.305 -29.548 84.405
2 24 -112.153 -30.712 77.943 -108.157 -31.944 83.800
2 24 -110.248 -27.860 77.243 -106.252 -29.092 83.100
2 24 -110.100 -30.255 76.639 -106.104 -31.487 82.495
2 24 -114.354 -28.773 79.853 -110.358 -30.005 85.710
2 24 -114.206 -31.168 79.248 -110.210 -32.400 85.105
1 0 -115.3063 -30.1979 80.2028 1.1005 3.9960 -0.9524 -0.9694 -1.2320 -1.4258 -0.9547 5.8568 0.3499 3-4cyli.dat
1 0 -113.2533 -29.7416 78.8980 1.1005 3.9960 -0.9524 -0.9694 -1.2320 -1.4258 -0.9547 5.8568 0.3499 1-4cyli.dat
1 0 -113.2533 -29.7416 78.8980 -1.1005 3.9960 0.9524 0.9694 -1.2320 1.4258 0.9547 5.8568 -0.3499 1-4cyli.dat
1 0 -111.2011 -29.2854 77.5938 1.1005 3.9960 -0.9524 -0.9694 -1.2320 -1.4258 -0.9547 5.8568 0.3499 1-4cyli.dat
1 0 -111.2011 -29.2854 77.5938 -1.1005 3.9960 0.9524 0.9694 -1.2320 1.4258 0.9547 5.8568 -0.3499 1-4cyli.dat
1 0 -109.1480 -28.8290 76.2891 -1.1005 3.9960 0.9524 0.9694 -1.2320 1.4258 0.9547 5.8568 -0.3499 3-4cyli.dat
2 24 -114.002 -27.773 75.823 -111.883 -28.439 79.147
2 24 -113.870 -30.179 75.257 -111.751 -30.844 78.581
2 24 -111.908 -27.363 74.569 -109.788 -28.029 77.894
2 24 -111.776 -29.769 74.003 -109.656 -30.434 77.328
2 24 -116.097 -28.183 77.076 -113.977 -28.849 80.400
2 24 -115.965 -30.589 76.510 -113.845 -31.254 79.834
1 0 -117.0774 -29.5902 77.4197 1.1132 2.1196 -0.9810 -0.9978 -0.6656 -1.4078 -0.9096 3.3241 0.3437 3-4cyli.dat
1 0 -114.9830 -29.1802 76.1664 1.1132 2.1196 -0.9810 -0.9978 -0.6656 -1.4078 -0.9096 3.3241 0.3437 1-4cyli.dat
1 0 -114.9830 -29.1802 76.1664 -1.1132 2.1196 0.9810 0.9978 -0.6656 1.4078 0.9096 3.3241 -0.3437 1-4cyli.dat
1 0 -112.8894 -28.7704 74.9135 1.1132 2.1196 -0.9810 -0.9978 -0.6656 -1.4078 -0.9096 3.3241 0.3437 1-4cyli.dat
1 0 -112.8894 -28.7704 74.9135 -1.1132 2.1196 0.9810 0.9978 -0.6656 1.4078 0.9096 3.3241 -0.3437 1-4cyli.dat
1 0 -110.7950 -28.3605 73.6601 -1.1132 2.1196 0.9810 0.9978 -0.6656 1.4078 0.9096 3.3241 -0.3437 3-4cyli.dat
2 24 -115.741 -27.217 72.949 -113.684 -27.869 76.315
2 24 -115.616 -29.628 72.405 -113.559 -30.281 75.771
2 24 -113.622 -26.831 71.730 -111.566 -27.484 75.096
2 24 -113.497 -29.243 71.186 -111.440 -29.895 74.552
2 24 -117.860 -27.602 74.169 -115.803 -28.255 77.535
2 24 -117.735 -30.013 73.625 -115.678 -30.666 76.991
1 0 -118.8561 -28.9997 74.5070 1.1219 2.0566 -0.9967 -1.0129 -0.6528 -1.3981 -0.8819 3.3660 0.3378 3-4cyli.dat
1 0 -116.7374 -28.6144 73.2872 1.1219 2.0566 -0.9967 -1.0129 -0.6528 -1.3981 -0.8819 3.3660 0.3378 1-4cyli.dat
1 0 -116.7374 -28.6144 73.2872 -1.1219 2.0566 0.9967 1.0129 -0.6528 1.3981 0.8819 3.3660 -0.3378 1-4cyli.dat
1 0 -114.6194 -28.2292 72.0678 1.1219 2.0566 -0.9967 -1.0129 -0.6528 -1.3981 -0.8819 3.3660 0.3378 1-4cyli.dat
1 0 -114.6194 -28.2292 72.0678 -1.1219 2.0566 0.9967 1.0129 -0.6528 1.3981 0.8819 3.3660 -0.3378 1-4cyli.dat
1 0 -112.5007 -27.8439 70.8480 -1.1219 2.0566 0.9967 1.0129 -0.6528 1.3981 0.8819 3.3660 -0.3378 3-4cyli.dat
2 24 -117.296 -26.713 70.251 -115.309 -27.351 73.661
2 24 -117.178 -29.130 69.730 -115.190 -29.768 73.140
2 24 -115.152 -26.353 69.069 -113.165 -26.991 72.479
2 24 -115.033 -28.770 68.548 -113.046 -29.407 71.958
2 24 -119.441 -27.073 71.433 -117.453 -27.711 74.843
2 24 -119.322 -29.490 70.912 -117.335 -30.128 74.322
1 0 -120.4531 -28.4613 71.7636 1.1314 1.9872 -1.0128 -1.0281 -0.6378 -1.3883 -0.8516 3.4103 0.3305 3-4cyli.dat
1 0 -118.3087 -28.1011 70.5814 1.1314 1.9872 -1.0128 -1.0281 -0.6378 -1.3883 -0.8516 3.4103 0.3305 1-4cyli.dat
1 0 -118.3087 -28.1011 70.5814 -1.1314 1.9872 1.0128 1.0281 -0.6378 1.3883 0.8516 3.4103 -0.3305 1-4cyli.dat
1 0 -116.1652 -27.7409 69.3997 1.1314 1.9872 -1.0128 -1.0281 -0.6378 -1.3883 -0.8516 3.4103 0.3305 1-4cyli.dat
1 0 -116.1652 -27.7409 69.3997 -1.1314 1.9872 1.0128 1.0281 -0.6378 1.3883 0.8516 3.4103 -0.3305 1-4cyli.dat
1 0 -114.0209 -27.3807 68.2176 -1.1314 1.9872 1.0128 1.0281 -0.6378 1.3883 0.8516 3.4103 -0.3305 3-4cyli.dat
2 24 -118.802 -26.221 67.524 -116.874 -26.846 70.970
2 24 -118.690 -28.643 67.023 -116.762 -29.267 70.469
2 24 -116.636 -25.884 66.374 -114.708 -26.508 69.820
2 24 -116.524 -28.305 65.873 -114.597 -28.929 69.319
2 24 -120.967 -26.559 68.674 -119.039 -27.184 72.120
2 24 -120.855 -28.980 68.173 -118.928 -29.605 71.619
1 0 -121.9935 -27.9381 68.9979 1.1384 1.9277 -1.0268 -1.0416 -0.6244 -1.3794 -0.8254 3.4467 0.3244 3-4cyli.dat
1 0 -119.8280 -27.6003 67.8480 1.1384 1.9277 -1.0268 -1.0416 -0.6244 -1.3794 -0.8254 3.4467 0.3244 1-4cyli.dat
1 0 -119.8280 -27.6003 67.8480 -1.1384 1.9277 1.0268 1.0416 -0.6244 1.3794 0.8254 3.4467 -0.3244 1-4cyli.dat
1 0 -117.6634 -27.2627 66.6985 1.1384 1.9277 -1.0268 -1.0416 -0.6244 -1.3794 -0.8254 3.4467 0.3244 1-4cyli.dat
1 0 -117.6634 -27.2627 66.6985 -1.1384 1.9277 1.0268 1.0416 -0.6244 1.3794 0.8254 3.4467 -0.3244 1-4cyli.dat
1 0 -115.4980 -26.9249 65.5486 -1.1384 1.9277 1.0268 1.0416 -0.6244 1.3794 0.8254 3.4467 -0.3244 3-4cyli.dat
2 24 -120.255 -25.742 64.765 -118.397 -26.350 68.253
2 24 -120.150 -28.168 64.286 -118.292 -28.776 67.774
2 24 -118.066 -25.428 63.654 -116.208 -26.036 67.142
2 24 -117.960 -27.854 63.175 -116.103 -28.462 66.663
2 24 -122.444 -26.056 65.876 -120.586 -26.664 69.364
2 24 -122.339 -28.482 65.397 -120.481 -29.090 68.885
1 0 -123.4854 -27.4257 66.1917 1.1471 1.8574 -1.0419 -1.0558 -0.6078 -1.3700 -0.7948 3.4880 0.3161 3-4cyli.dat
1 0 -121.2962 -27.1115 65.0807 1.1471 1.8574 -1.0419 -1.0558 -0.6078 -1.3700 -0.7948 3.4880 0.3161 1-4cyli.dat
1 0 -121.2962 -27.1115 65.0807 -1.1471 1.8574 1.0419 1.0558 -0.6078 1.3700 0.7948 3.4880 -0.3161 1-4cyli.dat
1 0 -119.1079 -26.7975 63.9701 1.1471 1.8574 -1.0419 -1.0558 -0.6078 -1.3700 -0.7948 3.4880 0.3161 1-4cyli.dat
1 0 -119.1079 -26.7975 63.9701 -1.1471 1.8574 1.0419 1.0558 -0.6078 1.3700 0.7948 3.4880 -0.3161 1-4cyli.dat
1 0 -116.9188 -26.4833 62.8590 -1.1471 1.8574 1.0419 1.0558 -0.6078 1.3700 0.7948 3.4880 -0.3161 3-4cyli.dat
2 24 -121.657 -25.275 61.979 -119.860 -25.868 65.501
2 24 -121.559 -27.706 61.519 -119.762 -28.298 65.041
2 24 -119.448 -24.982 60.901 -117.651 -25.575 64.423
2 24 -119.350 -27.412 60.442 -117.553 -28.005 63.964
2 24 -123.866 -25.569 63.056 -122.069 -26.161 66.578
2 24 -123.767 -27.999 62.597 -121.970 -28.591 66.119
1 0 -124.9205 -26.9295 63.3652 1.1535 1.7970 -1.0551 -1.0684 -0.5929 -1.3614 -0.7683 3.5221 0.3091 3-4cyli.dat
1 0 -122.7118 -26.6365 62.2876 1.1535 1.7970 -1.0551 -1.0684 -0.5929 -1.3614 -0.7683 3.5221 0.3091 1-4cyli.dat
1 0 -122.7118 -26.6365 62.2876 -1.1535 1.7970 1.0551 1.0684 -0.5929 1.3614 0.7683 3.5221 -0.3091 1-4cyli.dat
1 0 -120.5039 -26.3435 61.2105 1.1535 1.7970 -1.0551 -1.0684 -0.5929 -1.3614 -0.7683 3.5221 0.3091 1-4cyli.dat
1 0 -120.5039 -26.3435 61.2105 -1.1535 1.7970 1.0551 1.0684 -0.5929 1.3614 0.7683 3.5221 -0.3091 1-4cyli.dat
1 0 -118.2952 -26.0505 60.1329 -1.1535 1.7970 1.0551 1.0684 -0.5929 1.3614 0.7683 3.5221 -0.3091 3-4cyli.dat
2 24 -123.115 -24.786 58.941 -121.389 -25.361 62.501
2 24 -123.023 -27.221 58.503 -121.297 -27.796 62.063
2 24 -120.885 -24.515 57.903 -119.158 -25.090 61.463
2 24 -120.793 -26.950 57.465 -119.066 -27.524 61.025
2 24 -125.346 -25.057 59.979 -123.619 -25.632 63.539
2 24 -125.254 -27.492 59.541 -123.527 -28.067 63.101
1 0 -126.4143 -26.4095 60.2787 1.1612 1.7265 -1.0691 -1.0815 -0.5750 -1.3525 -0.7378 3.5601 0.3000 3-4cyli.dat
1 0 -124.1839 -26.1384 59.2408 1.1612 1.7265 -1.0691 -1.0815 -0.5750 -1.3525 -0.7378 3.5601 0.3000 1-4cyli.dat
1 0 -124.1839 -26.1384 59.2408 -1.1612 1.7265 1.0691 1.0815 -0.5750 1.3525 0.7378 3.5601 -0.3000 1-4cyli.dat
1 0 -121.9543 -25.8675 58.2033 1.1612 1.7265 -1.0691 -1.0815 -0.5750 -1.3525 -0.7378 3.5601 0.3000 1-4cyli.dat
1 0 -121.9543 -25.8675 58.2033 -1.1612 1.7265 1.0691 1.0815 -0.5750 1.3525 0.7378 3.5601 -0.3000 1-4cyli.dat
1 0 -119.7239 -25.5964 57.1654 -1.1612 1.7265 1.0691 1.0815 -0.5750 1.3525 0.7378 3.5601 -0.3000 3-4cyli.dat
2 24 -124.418 -24.346 56.103 -122.753 -24.905 59.694
2 24 -124.332 -26.784 55.684 -122.667 -27.343 59.275
2 24 -122.169 -24.095 55.099 -120.504 -24.654 58.691
2 24 -122.084 -26.532 54.680 -120.418 -27.091 58.272
2 24 -126.666 -24.597 57.106 -125.001 -25.156 60.698
2 24 -126.581 -27.035 56.687 -124.916 -27.594 60.279
1 0 -127.7471 -25.9413 57.3979 1.1669 1.6651 -1.0814 -1.0931 -0.5588 -1.3444 -0.7110 3.5918 0.2921 3-4cyli.dat
1 0 -125.4986 -25.6900 56.3946 1.1669 1.6651 -1.0814 -1.0931 -0.5588 -1.3444 -0.7110 3.5918 0.2921 1-4cyli.dat
1 0 -125.4986 -25.6900 56.3946 -1.1669 1.6651 1.0814 1.0931 -0.5588 1.3444 0.7110 3.5918 -0.2921 1-4cyli.dat
1 0 -123.2510 -25.4388 55.3917 1.1669 1.6651 -1.0814 -1.0931 -0.5588 -1.3444 -0.7110 3.5918 0.2921 1-4cyli.dat
1 0 -123.2510 -25.4388 55.3917 -1.1669 1.6651 1.0814 1.0931 -0.5588 1.3444 0.7110 3.5918 -0.2921 1-4cyli.dat
1 0 -121.0024 -25.1875 54.3885 -1.1669 1.6651 1.0814 1.0931 -0.5588 1.3444 0.7110 3.5918 -0.2921 3-4cyli.dat
2 24 -126.912 -23.494 50.208 -124.107 -24.447 56.767
2 24 -126.830 -25.937 49.819 -124.026 -26.890 56.377
2 24 -124.634 -23.268 49.267 -121.829 -24.221 55.826
2 24 -124.553 -25.711 48.877 -121.748 -26.664 55.436
2 24 -129.190 -23.720 51.149 -126.385 -24.673 57.708
2 24 -129.108 -26.163 50.760 -126.304 -27.116 57.318
1 0 -130.2874 -25.0536 51.4251 1.1794 2.8044 -1.0983 -1.1084 -0.9532 -1.3342 -0.6654 6.5586 0.2757 3-4cyli.dat
1 0 -128.0095 -24.8278 50.4839 1.1794 2.8044 -1.0983 -1.1084 -0.9532 -1.3342 -0.6654 6.5586 0.2757 1-4cyli.dat
1 0 -128.0095 -24.8278 50.4839 -1.1794 2.8044 1.0983 1.1084 -0.9532 1.3342 0.6654 6.5586 -0.2757 1-4cyli.dat
1 0 -125.7325 -24.6021 49.5431 1.1794 2.8044 -1.0983 -1.1084 -0.9532 -1.3342 -0.6654 6.5586 0.2757 1-4cyli.dat
1 0 -125.7325 -24.6021 49.5431 -1.1794 2.8044 1.0983 1.1084 -0.9532 1.3342 0.6654 6.5586 -0.2757 1-4cyli.dat
1 0 -123.4546 -24.3763 48.6019 -1.1794 2.8044 1.0983 1.1084 -0.9532 1.3342 0.6654 6.5586 -0.2757 3-4cyli.dat
2 24 -129.211 -22.694 44.116 -126.667 -23.573 50.791
2 24 -129.141 -25.144 43.768 -126.598 -26.022 50.442
2 24 -126.897 -22.507 43.259 -124.353 -23.385 49.934
2 24 -126.827 -24.956 42.911 -124.284 -25.834 49.585
2 24 -131.525 -22.882 44.974 -128.982 -23.760 51.648
2 24 -131.456 -25.331 44.625 -128.912 -26.210 51.299
1 0 -132.6469 -24.2001 45.2277 1.1917 2.5434 -1.1223 -1.1307 -0.8783 -1.3184 -0.6029 6.6744 0.2542 3-4cyli.dat
1 0 -130.3327 -24.0124 44.3706 1.1917 2.5434 -1.1223 -1.1307 -0.8783 -1.3184 -0.6029 6.6744 0.2542 1-4cyli.dat
1 0 -130.3327 -24.0124 44.3706 -1.1917 2.5434 1.1223 1.1307 -0.8783 1.3184 0.6029 6.6744 -0.2542 1-4cyli.dat
1 0 -128.0194 -23.8247 43.5137 1.1917 2.5434 -1.1223 -1.1307 -0.8783 -1.3184 -0.6029 6.6744 0.2542 1-4cyli.dat
1 0 -128.0194 -23.8247 43.5137 -1.1917 2.5434 1.1223 1.1307 -0.8783 1.3184 0.6029 6.6744 -0.2542 1-4cyli.dat
1 0 -125.7051 -23.6370 42.6566 -1.1917 2.5434 1.1223 1.1307 -0.8783 1.3184 0.6029 6.6744 -0.2542 3-4cyli.dat
2 24 -131.205 -21.991 38.173 -128.901 -22.798 44.942
2 24 -131.147 -24.446 37.861 -128.843 -25.252 44.630
2 24 -128.861 -21.837 37.393 -126.557 -22.643 44.163
2 24 -128.803 -24.291 37.081 -126.499 -25.098 43.851
2 24 -133.549 -22.146 38.952 -131.245 -22.952 45.722
2 24 -133.491 -24.600 38.640 -131.187 -25.407 45.410
1 0 -134.6913 -23.4498 39.1856 1.2009 2.3042 -1.1429 -1.1499 -0.8064 -1.3045 -0.5457 6.7697 0.2336 3-4cyli.dat
1 0 -132.3473 -23.2952 38.4062 1.2009 2.3042 -1.1429 -1.1499 -0.8064 -1.3045 -0.5457 6.7697 0.2336 1-4cyli.dat
1 0 -132.3473 -23.2952 38.4062 -1.2009 2.3042 1.1429 1.1499 -0.8064 1.3045 0.5457 6.7697 -0.2336 1-4cyli.dat
1 0 -130.0042 -23.1407 37.6272 1.2009 2.3042 -1.1429 -1.1499 -0.8064 -1.3045 -0.5457 6.7697 0.2336 1-4cyli.dat
1 0 -130.0042 -23.1407 37.6272 -1.2009 2.3042 1.1429 1.1499 -0.8064 1.3045 0.5457 6.7697 -0.2336 1-4cyli.dat
1 0 -127.6603 -22.9861 36.8478 -1.2009 2.3042 1.1429 1.1499 -0.8064 1.3045 0.5457 6.7697 -0.2336 3-4cyli.dat
2 24 -132.149 -21.653 35.074 -130.965 -22.072 38.870
2 24 -132.103 -24.111 34.789 -130.919 -24.530 38.585
2 24 -129.786 -21.525 34.351 -128.602 -21.943 38.147
2 24 -129.739 -23.983 34.066 -128.555 -24.401 37.862
2 24 -134.513 -21.782 35.797 -133.329 -22.200 39.593
2 24 -134.466 -24.240 35.512 -133.282 -24.658 39.308
1 0 -135.6706 -23.0750 36.0160 1.2050 1.1839 -1.1584 -1.1646 -0.4181 -1.2933 -0.5041 3.7960 0.2188 3-4cyli.dat
1 0 -133.3071 -22.9463 35.2930 1.2050 1.1839 -1.1584 -1.1646 -0.4181 -1.2933 -0.5041 3.7960 0.2188 1-4cyli.dat
1 0 -133.3071 -22.9463 35.2930 -1.2050 1.1839 1.1584 1.1646 -0.4181 1.2933 0.5041 3.7960 -0.2188 1-4cyli.dat
1 0 -130.9445 -22.8176 34.5704 1.2050 1.1839 -1.1584 -1.1646 -0.4181 -1.2933 -0.5041 3.7960 0.2188 1-4cyli.dat
1 0 -130.9445 -22.8176 34.5704 -1.2050 1.1839 1.1584 1.1646 -0.4181 1.2933 0.5041 3.7960 -0.2188 1-4cyli.dat
1 0 -128.5809 -22.6889 33.8474 -1.2050 1.1839 1.1584 1.1646 -0.4181 1.2933 0.5041 3.7960 -0.2188 3-4cyli.dat
2 24 -133.017 -21.343 32.058 -131.904 -21.738 35.877
2 24 -132.975 -23.803 31.791 -131.862 -24.199 35.610
2 24 -130.640 -21.228 31.377 -129.527 -21.624 35.197
2 24 -130.598 -23.689 31.110 -129.486 -24.084 34.930
2 24 -135.394 -21.457 32.738 -134.281 -21.853 36.558
2 24 -135.352 -23.917 32.471 -134.239 -24.313 36.291
1 0 -136.5608 -22.7439 32.9447 1.2093 1.1127 -1.1674 -1.1728 -0.3956 -1.2872 -0.4737 3.8198 0.2068 3-4cyli.dat
1 0 -134.1840 -22.6295 32.2642 1.2093 1.1127 -1.1674 -1.1728 -0.3956 -1.2872 -0.4737 3.8198 0.2068 1-4cyli.dat
1 0 -134.1840 -22.6295 32.2642 -1.2093 1.1127 1.1674 1.1728 -0.3956 1.2872 0.4737 3.8198 -0.2068 1-4cyli.dat
1 0 -131.8081 -22.5152 31.5839 1.2093 1.1127 -1.1674 -1.1728 -0.3956 -1.2872 -0.4737 3.8198 0.2068 1-4cyli.dat
1 0 -131.8081 -22.5152 31.5839 -1.2093 1.1127 1.1674 1.1728 -0.3956 1.2872 0.4737 3.8198 -0.2068 1-4cyli.dat
1 0 -129.4313 -22.4008 30.9034 -1.2093 1.1127 1.1674 1.1728 -0.3956 1.2872 0.4737 3.8198 -0.2068 3-4cyli.dat
2 24 -134.585 -20.779 26.081 -132.746 -21.437 33.008
2 24 -134.547 -23.241 25.837 -132.708 -23.900 32.763
2 24 -132.192 -20.680 25.456 -130.354 -21.339 32.382
2 24 -132.155 -23.142 25.211 -130.316 -23.801 32.137
2 24 -136.978 -20.877 26.707 -135.139 -21.536 33.633
2 24 -136.940 -23.340 26.463 -135.101 -23.999 33.389
1 0 -138.1543 -22.1577 26.8977 1.2151 1.8388 -1.1772 -1.1817 -0.6589 -1.2807 -0.4350 6.9263 0.1907 3-4cyli.dat
1 0 -135.7618 -22.0588 26.2719 1.2151 1.8388 -1.1772 -1.1817 -0.6589 -1.2807 -0.4350 6.9263 0.1907 1-4cyli.dat
1 0 -135.7618 -22.0588 26.2719 -1.2151 1.8388 1.1772 1.1817 -0.6589 1.2807 0.4350 6.9263 -0.1907 1-4cyli.dat
1 0 -133.3702 -21.9599 25.6464 1.2151 1.8388 -1.1772 -1.1817 -0.6589 -1.2807 -0.4350 6.9263 0.1907 1-4cyli.dat
1 0 -133.3702 -21.9599 25.6464 -1.2151 1.8388 1.1772 1.1817 -0.6589 1.2807 0.4350 6.9263 -0.1907 1-4cyli.dat
1 0 -130.9777 -21.8610 25.0207 -1.2151 1.8388 1.1772 1.1817 -0.6589 1.2807 0.4350 6.9263 -0.1907 3-4cyli.dat
2 24 -135.310 -20.513 22.916 -134.396 -20.843 26.794
2 24 -135.282 -22.978 22.699 -134.367 -23.309 26.578
2 24 -132.901 -20.435 22.355 -131.987 -20.766 26.233
2 24 -132.872 -22.900 22.138 -131.958 -23.231 26.016
2 24 -137.720 -20.591 23.478 -136.806 -20.921 27.356
2 24 -137.691 -23.056 23.261 -136.777 -23.386 27.139
1 0 -138.9093 -21.8616 23.6497 1.2190 0.9142 -1.1901 -1.1937 -0.3306 -1.2714 -0.3891 3.8782 0.1722 3-4cyli.dat
1 0 -136.5001 -21.7839 23.0884 1.2190 0.9142 -1.1901 -1.1937 -0.3306 -1.2714 -0.3891 3.8782 0.1722 1-4cyli.dat
1 0 -136.5001 -21.7839 23.0884 -1.2190 0.9142 1.1901 1.1937 -0.3306 1.2714 0.3891 3.8782 -0.1722 1-4cyli.dat
1 0 -134.0918 -21.7062 22.5273 1.2190 0.9142 -1.1901 -1.1937 -0.3306 -1.2714 -0.3891 3.8782 0.1722 1-4cyli.dat
1 0 -134.0918 -21.7062 22.5273 -1.2190 0.9142 1.1901 1.1937 -0.3306 1.2714 0.3891 3.8782 -0.1722 1-4cyli.dat
1 0 -131.6826 -21.6285 21.9660 -1.2190 0.9142 1.1901 1.1937 -0.3306 1.2714 0.3891 3.8782 -0.1722 3-4cyli.dat
2 24 -136.015 -20.255 19.595 -135.177 -20.560 23.492
2 24 -135.990 -22.722 19.396 -135.151 -23.027 23.294
2 24 -133.595 -20.188 19.079 -132.757 -20.494 22.977
2 24 -133.570 -22.655 18.881 -132.732 -22.960 22.778
2 24 -138.435 -20.321 20.110 -137.597 -20.626 24.008
2 24 -138.410 -22.788 19.912 -137.571 -23.093 23.809
1 0 -139.6318 -21.5873 20.2687 1.2225 0.8386 -1.1971 -1.2002 -0.3051 -1.2665 -0.3570 3.8974 0.1584 3-4cyli.dat
1 0 -137.2120 -21.5209 19.7532 1.2225 0.8386 -1.1971 -1.2002 -0.3051 -1.2665 -0.3570 3.8974 0.1584 1-4cyli.dat
1 0 -137.2120 -21.5209 19.7532 -1.2225 0.8386 1.1971 1.2002 -0.3051 1.2665 0.3570 3.8974 -0.1584 1-4cyli.dat
1 0 -134.7932 -21.4546 19.2380 1.2225 0.8386 -1.1971 -1.2002 -0.3051 -1.2665 -0.3570 3.8974 0.1584 1-4cyli.dat
1 0 -134.7932 -21.4546 19.2380 -1.2225 0.8386 1.1971 1.2002 -0.3051 1.2665 0.3570 3.8974 -0.1584 1-4cyli.dat
1 0 -132.3734 -21.3883 18.7226 -1.2225 0.8386 1.1971 1.2002 -0.3051 1.2665 0.3570 3.8974 -0.1584 3-4cyli.dat
2 24 -137.195 -19.821 13.263 -135.867 -20.307 20.319
2 24 -137.173 -22.289 13.089 -135.845 -22.776 20.145
2 24 -134.762 -19.767 12.809 -133.435 -20.253 19.865
2 24 -134.740 -22.235 12.635 -133.413 -22.722 19.691
2 24 -139.627 -19.875 13.717 -138.300 -20.361 20.773
2 24 -139.605 -22.344 13.543 -138.277 -22.830 20.599
1 0 -140.8318 -21.1357 13.8568 1.2273 1.3276 -1.2050 -1.2073 -0.4867 -1.2613 -0.3142 7.0561 0.1397 3-4cyli.dat
1 0 -138.3994 -21.0816 13.4029 1.2273 1.3276 -1.2050 -1.2073 -0.4867 -1.2613 -0.3142 7.0561 0.1397 1-4cyli.dat
1 0 -138.3994 -21.0816 13.4029 -1.2273 1.3276 1.2050 1.2073 -0.4867 1.2613 0.3142 7.0561 -0.1397 1-4cyli.dat
1 0 -135.9680 -21.0276 12.9491 1.2273 1.3276 -1.2050 -1.2073 -0.4867 -1.2613 -0.3142 7.0561 0.1397 1-4cyli.dat
1 0 -135.9680 -21.0276 12.9491 -1.2273 1.3276 1.2050 1.2073 -0.4867 1.2613 0.3142 7.0561 -0.1397 1-4cyli.dat
1 0 -133.5356 -20.9736 12.4952 -1.2273 1.3276 1.2050 1.2073 -0.4867 1.2613 0.3142 7.0561 -0.1397 3-4cyli.dat
2 24 -138.149 -19.465 7.040 -137.038 -19.876 14.138
2 24 -138.134 -21.936 6.894 -137.023 -22.347 13.992
2 24 -135.704 -19.427 6.659 -134.593 -19.838 13.757
2 24 -135.688 -21.898 6.514 -134.577 -22.309 13.612
2 24 -140.595 -19.503 7.420 -139.484 -19.914 14.518
2 24 -140.579 -21.974 7.275 -139.468 -22.385 14.373
1 0 -141.8089 -20.7572 7.5375 1.2304 1.1109 -1.2146 -1.2162 -0.4109 -1.2543 -0.2630 7.0983 0.1175 3-4cyli.dat
1 0 -139.3636 -20.7192 7.1570 1.2304 1.1109 -1.2146 -1.2162 -0.4109 -1.2543 -0.2630 7.0983 0.1175 1-4cyli.dat
1 0 -139.3636 -20.7192 7.1570 -1.2304 1.1109 1.2146 1.2162 -0.4109 1.2543 0.2630 7.0983 -0.1175 1-4cyli.dat
1 0 -136.9193 -20.6811 6.7766 1.2304 1.1109 -1.2146 -1.2162 -0.4109 -1.2543 -0.2630 7.0983 0.1175 1-4cyli.dat
1 0 -136.9193 -20.6811 6.7766 -1.2304 1.1109 1.2146 1.2162 -0.4109 1.2543 0.2630 7.0983 -0.1175 1-4cyli.dat
1 0 -134.4740 -20.6431 6.3961 -1.2304 1.1109 1.2146 1.2162 -0.4109 1.2543 0.2630 7.0983 -0.1175 3-4cyli.dat
2 24 -138.558 -19.311 3.812 -138.038 -19.505 7.772
2 24 -138.547 -21.783 3.690 -138.027 -21.977 7.650
2 24 -136.104 -19.285 3.491 -135.584 -19.479 7.451
2 24 -136.093 -21.757 3.369 -135.573 -21.951 7.329
2 24 -141.012 -19.337 4.133 -140.492 -19.531 8.093
2 24 -141.001 -21.809 4.011 -140.481 -22.003 7.970
1 0 -142.2329 -20.5859 4.2325 1.2320 0.5199 -1.2218 -1.2228 -0.1937 -1.2489 -0.2216 3.9595 0.0993 3-4cyli.dat
1 0 -139.7789 -20.5599 3.9116 1.2320 0.5199 -1.2218 -1.2228 -0.1937 -1.2489 -0.2216 3.9595 0.0993 1-4cyli.dat
1 0 -139.7789 -20.5599 3.9116 -1.2320 0.5199 1.2218 1.2228 -0.1937 1.2489 0.2216 3.9595 -0.0993 1-4cyli.dat
1 0 -137.3260 -20.5338 3.5907 1.2320 0.5199 -1.2218 -1.2228 -0.1937 -1.2489 -0.2216 3.9595 0.0993 1-4cyli.dat
1 0 -137.3260 -20.5338 3.5907 -1.2320 0.5199 1.2218 1.2228 -0.1937 1.2489 0.2216 3.9595 -0.0993 1-4cyli.dat
1 0 -134.8720 -20.5078 3.2698 -1.2320 0.5199 1.2218 1.2228 -0.1937 1.2489 0.2216 3.9595 -0.0993 3-4cyli.dat
2 24 -139.212 -19.065 -2.606 -138.471 -19.343 4.547
2 24 -139.204 -21.538 -2.703 -138.463 -21.816 4.450
2 24 -136.750 -19.046 -2.860 -136.009 -19.325 4.292
2 24 -136.742 -21.520 -2.957 -136.001 -21.798 4.195
2 24 -141.674 -19.083 -2.351 -140.933 -19.361 4.801
2 24 -141.666 -21.556 -2.449 -140.924 -21.834 4.704
1 0 -142.9003 -20.3282 -2.2728 1.2350 0.7413 -1.2266 -1.2273 -0.2781 -1.2456 -0.1757 7.1527 0.0787 3-4cyli.dat
1 0 -140.4384 -20.3099 -2.5272 1.2350 0.7413 -1.2266 -1.2273 -0.2781 -1.2456 -0.1757 7.1527 0.0787 1-4cyli.dat
1 0 -140.4384 -20.3099 -2.5272 -1.2350 0.7413 1.2266 1.2273 -0.2781 1.2456 0.1757 7.1527 -0.0787 1-4cyli.dat
1 0 -137.9776 -20.2916 -2.7816 1.2350 0.7413 -1.2266 -1.2273 -0.2781 -1.2456 -0.1757 7.1527 0.0787 1-4cyli.dat
1 0 -137.9776 -20.2916 -2.7816 -1.2350 0.7413 1.2266 1.2273 -0.2781 1.2456 0.1757 7.1527 -0.0787 1-4cyli.dat
1 0 -135.5158 -20.2733 -3.0360 -1.2350 0.7413 1.2266 1.2273 -0.2781 1.2456 0.1757 7.1527 -0.0787 3-4cyli.dat
2 24 -139.664 -18.893 -8.893 -139.130 -19.094 -1.720
2 24 -139.660 -21.367 -8.963 -139.126 -21.568 -1.790
2 24 -137.196 -18.883 -9.077 -136.662 -19.085 -1.903
2 24 -137.192 -21.357 -9.147 -136.657 -21.559 -1.973
2 24 -142.133 -18.902 -8.710 -141.598 -19.104 -1.536
2 24 -142.128 -21.376 -8.780 -141.594 -21.578 -1.606
1 0 -143.3639 -20.1437 -8.6531 1.2363 0.5342 -1.2317 -1.2320 -0.2019 -1.2418 -0.1267 7.1737 0.0568 3-4cyli.dat
1 0 -140.8957 -20.1339 -8.8366 1.2363 0.5342 -1.2317 -1.2320 -0.2019 -1.2418 -0.1267 7.1737 0.0568 1-4cyli.dat
1 0 -140.8957 -20.1339 -8.8366 -1.2363 0.5342 1.2317 1.2320 -0.2019 1.2418 0.1267 7.1737 -0.0568 1-4cyli.dat
1 0 -138.4285 -20.1241 -9.0200 1.2363 0.5342 -1.2317 -1.2320 -0.2019 -1.2418 -0.1267 7.1737 0.0568 1-4cyli.dat
1 0 -138.4285 -20.1241 -9.0200 -1.2363 0.5342 1.2317 1.2320 -0.2019 1.2418 0.1267 7.1737 -0.0568 1-4cyli.dat
1 0 -135.9604 -20.1143 -9.2036 -1.2363 0.5342 1.2317 1.2320 -0.2019 1.2418 0.1267 7.1737 -0.0568 3-4cyli.dat
2 24 -139.818 -18.833 -12.145 -139.614 -18.911 -8.153
2 24 -139.816 -21.308 -12.194 -139.612 -21.385 -8.201
2 24 -137.346 -18.829 -12.272 -137.142 -18.906 -8.279
2 24 -137.344 -21.303 -12.320 -137.140 -21.381 -8.327
2 24 -142.290 -18.838 -12.019 -142.086 -18.915 -8.027
2 24 -142.288 -21.312 -12.068 -142.084 -21.390 -8.075
1 0 -143.5242 -20.0767 -11.9804 1.2368 0.2038 -1.2348 -1.2349 -0.0775 -1.2394 -0.0871 3.9923 0.0390 3-4cyli.dat
1 0 -141.0524 -20.0722 -12.1065 1.2368 0.2038 -1.2348 -1.2349 -0.0775 -1.2394 -0.0871 3.9923 0.0390 1-4cyli.dat
1 0 -141.0524 -20.0722 -12.1065 -1.2368 0.2038 1.2348 1.2349 -0.0775 1.2394 0.0871 3.9923 -0.0390 1-4cyli.dat
1 0 -138.5816 -20.0678 -12.2326 1.2368 0.2038 -1.2348 -1.2349 -0.0775 -1.2394 -0.0871 3.9923 0.0390 1-4cyli.dat
1 0 -138.5816 -20.0678 -12.2326 -1.2368 0.2038 1.2348 1.2349 -0.0775 1.2394 0.0871 3.9923 -0.0390 1-4cyli.dat
1 0 -136.1099 -20.0633 -12.3587 -1.2368 0.2038 1.2348 1.2349 -0.0775 1.2394 0.0871 3.9923 -0.0390 3-4cyli.dat
2 24 -139.981 -18.770 -18.598 -139.790 -18.844 -11.405
2 24 -139.980 -21.245 -18.623 -139.789 -21.318 -11.430
2 24 -137.507 -18.769 -18.664 -137.316 -18.842 -11.470
2 24 -137.506 -21.244 -18.689 -137.315 -21.317 -11.496
2 24 -142.456 -18.772 -18.533 -142.264 -18.845 -11.339
2 24 -142.454 -21.247 -18.558 -142.263 -21.320 -11.364
1 0 -143.6915 -20.0100 -18.5122 1.2375 0.1911 -1.2364 -1.2365 -0.0730 -1.2382 -0.0454 7.1935 0.0203 3-4cyli.dat
1 0 -141.2174 -20.0083 -18.5780 1.2375 0.1911 -1.2364 -1.2365 -0.0730 -1.2382 -0.0454 7.1935 0.0203 1-4cyli.dat
1 0 -141.2174 -20.0083 -18.5780 -1.2375 0.1911 1.2364 1.2365 -0.0730 1.2382 0.0454 7.1935 -0.0203 1-4cyli.dat
1 0 -138.7442 -20.0065 -18.6436 1.2375 0.1911 -1.2364 -1.2365 -0.0730 -1.2382 -0.0454 7.1935 0.0203 1-4cyli.dat
1 0 -138.7442 -20.0065 -18.6436 -1.2375 0.1911 1.2364 1.2365 -0.0730 1.2382 0.0454 7.1935 -0.0203 1-4cyli.dat
1 0 -136.2701 -20.0048 -18.7094 -1.2375 0.1911 1.2364 1.2365 -0.0730 1.2382 0.0454 7.1935 -0.0203 3-4cyli.dat
2 24 -140.006 -18.761 -21.573 -139.963 -18.777 -17.575
2 24 -140.006 -21.236 -21.584 -139.962 -21.252 -17.586
2 24 -137.532 -18.760 -21.600 -137.488 -18.777 -17.602
2 24 -137.531 -21.235 -21.611 -137.488 -21.252 -17.613
2 24 -142.481 -18.761 -21.546 -142.437 -18.778 -17.548
2 24 -142.481 -21.236 -21.556 -142.437 -21.253 -17.559
1 0 -143.7181 -19.9979 -21.5377 1.2374 0.0439 -1.2373 -1.2373 -0.0168 -1.2375 -0.0188 3.9979 0.0084 3-4cyli.dat
1 0 -141.2433 -19.9977 -21.5649 1.2374 0.0439 -1.2373 -1.2373 -0.0168 -1.2375 -0.0188 3.9979 0.0084 1-4cyli.dat
1 0 -141.2433 -19.9977 -21.5649 -1.2374 0.0439 1.2373 1.2373 -0.0168 1.2375 0.0188 3.9979 -0.0084 1-4cyli.dat
1 0 -138.7694 -19.9974 -21.5920 1.2374 0.0439 -1.2373 -1.2373 -0.0168 -1.2375 -0.0188 3.9979 0.0084 1-4cyli.dat
1 0 -138.7694 -19.9974 -21.5920 -1.2374 0.0439 1.2373 1.2373 -0.0168 1.2375 0.0188 3.9979 -0.0084 1-4cyli.dat
1 0 -136.2946 -19.9972 -21.6192 -1.2374 0.0439 1.2373 1.2373 -0.0168 1.2375 0.0188 3.9979 -0.0084 3-4cyli.dat
