0 FILE DX0066.DAT.dat
0 DX0066
0 Name:  UntitledModel
0 Author:  
0 BL_Item_No DX0066.DAT
0 BFC CERTIFY CCW
1 71 0.0000 0.0000 0.0000 0.9997 0.0001 0.0003 0.0000 0.9997 -0.0004 0.0000 0.0000 1.0000 58120.dat
1 72 101.4658 -223.1244 38.5717 0.0068 -0.0166 -0.9995 0.0384 0.9989 -0.0164 0.9993 -0.0387 0.0072 58124c01.dat
2 24 0.064 -24.853 121.485 0.032 -22.002 118.677
2 24 0.063 -26.588 119.722 0.031 -23.737 116.914
2 24 -2.411 -24.866 121.499 -2.442 -22.015 118.691
2 24 -2.412 -26.602 119.736 -2.443 -23.751 116.927
2 24 2.538 -24.839 121.472 2.506 -21.988 118.664
2 24 2.537 -26.575 119.709 2.505 -23.724 116.900
1 0 3.7739 -25.6999 120.5838 -1.2375 -0.0315 1.2365 -0.8746 2.8512 -0.8610 -0.8748 -2.8084 -0.8883 3-4cyli.dat
1 0 1.2997 -25.7134 120.5973 -1.2375 -0.0315 1.2365 -0.8746 2.8512 -0.8610 -0.8748 -2.8084 -0.8883 1-4cyli.dat
1 0 1.2997 -25.7134 120.5973 1.2375 -0.0315 -1.2365 0.8746 2.8512 0.8610 0.8748 -2.8084 0.8883 1-4cyli.dat
1 0 -1.1735 -25.7270 120.6109 -1.2375 -0.0315 1.2365 -0.8746 2.8512 -0.8610 -0.8748 -2.8084 -0.8883 1-4cyli.dat
1 0 -1.1735 -25.7270 120.6109 1.2375 -0.0315 -1.2365 0.8746 2.8512 0.8610 0.8748 -2.8084 0.8883 1-4cyli.dat
1 0 -3.6477 -25.7406 120.6245 1.2375 -0.0315 -1.2365 0.8746 2.8512 0.8610 0.8748 -2.8084 0.8883 3-4cyli.dat
2 24 0.141 -27.323 123.850 0.055 -24.436 121.080
2 24 0.140 -29.035 122.063 0.053 -26.148 119.294
2 24 -2.332 -27.361 123.887 -2.418 -24.473 121.118
2 24 -2.334 -29.073 122.101 -2.420 -26.185 119.331
2 24 2.615 -27.286 123.812 2.529 -24.398 121.043
2 24 2.613 -28.998 122.026 2.527 -26.110 119.256
1 0 3.8505 -28.1228 122.9006 -1.2377 -0.0862 1.2358 -0.8747 2.8878 -0.8372 -0.8743 -2.7695 -0.9118 3-4cyli.dat
1 0 1.3768 -28.1603 122.9380 -1.2377 -0.0862 1.2358 -0.8747 2.8878 -0.8372 -0.8743 -2.7695 -0.9118 1-4cyli.dat
1 0 1.3768 -28.1603 122.9380 1.2377 -0.0862 -1.2358 0.8747 2.8878 0.8372 0.8743 -2.7695 0.9118 1-4cyli.dat
1 0 -1.0959 -28.1978 122.9755 -1.2377 -0.0862 1.2358 -0.8747 2.8878 -0.8372 -0.8743 -2.7695 -0.9118 1-4cyli.dat
1 0 -1.0959 -28.1978 122.9755 1.2377 -0.0862 -1.2358 0.8747 2.8878 0.8372 0.8743 -2.7695 0.9118 1-4cyli.dat
1 0 -3.5696 -28.2353 123.0130 1.2377 -0.0862 -1.2358 0.8747 2.8878 0.8372 0.8743 -2.7695 0.9118 3-4cyli.dat
2 24 0.410 -32.082 128.239 0.119 -26.795 123.354
2 24 0.404 -33.761 126.421 0.113 -28.474 121.536
2 24 -2.062 -32.152 128.310 -2.354 -26.865 123.425
2 24 -2.068 -33.831 126.492 -2.359 -28.544 121.608
2 24 2.882 -32.012 128.168 2.591 -26.725 123.283
2 24 2.877 -33.691 126.350 2.585 -28.404 121.465
1 0 4.1151 -32.8159 127.2237 -1.2388 -0.2913 1.2333 -0.8743 5.2871 -0.8041 -0.8732 -4.8848 -0.9444 3-4cyli.dat
1 0 1.6428 -32.8861 127.2949 -1.2388 -0.2913 1.2333 -0.8743 5.2871 -0.8041 -0.8732 -4.8848 -0.9444 1-4cyli.dat
1 0 1.6428 -32.8861 127.2949 1.2388 -0.2913 -1.2333 0.8743 5.2871 0.8041 0.8732 -4.8848 0.9444 1-4cyli.dat
1 0 -0.8285 -32.9563 127.3660 -1.2388 -0.2913 1.2333 -0.8743 5.2871 -0.8041 -0.8732 -4.8848 -0.9444 1-4cyli.dat
1 0 -0.8285 -32.9563 127.3660 1.2388 -0.2913 -1.2333 0.8743 5.2871 0.8041 0.8732 -4.8848 0.9444 1-4cyli.dat
1 0 -3.3007 -33.0264 127.4372 1.2388 -0.2913 -1.2333 0.8743 5.2871 0.8041 0.8732 -4.8848 0.9444 3-4cyli.dat
2 24 0.843 -36.843 132.402 0.367 -31.440 127.661
2 24 0.828 -38.475 130.542 0.352 -33.072 125.801
2 24 -1.626 -36.957 132.520 -2.102 -31.554 127.779
2 24 -1.641 -38.589 130.661 -2.117 -33.185 125.920
2 24 3.312 -36.730 132.283 2.836 -31.327 127.542
2 24 3.297 -38.362 130.424 2.821 -32.959 125.683
1 0 4.5384 -37.4887 131.2946 -1.2418 -0.4763 1.2268 -0.8726 5.4032 -0.7592 -0.8706 -4.7410 -0.9890 3-4cyli.dat
1 0 2.0696 -37.6022 131.4131 -1.2418 -0.4763 1.2268 -0.8726 5.4032 -0.7592 -0.8706 -4.7410 -0.9890 1-4cyli.dat
1 0 2.0696 -37.6022 131.4131 1.2418 -0.4763 -1.2268 0.8726 5.4032 0.7592 0.8706 -4.7410 0.9890 1-4cyli.dat
1 0 -0.3982 -37.7156 131.5315 -1.2418 -0.4763 1.2268 -0.8726 5.4032 -0.7592 -0.8706 -4.7410 -0.9890 1-4cyli.dat
1 0 -0.3982 -37.7156 131.5315 1.2418 -0.4763 -1.2268 0.8726 5.4032 0.7592 0.8706 -4.7410 0.9890 1-4cyli.dat
1 0 -2.8671 -37.8291 131.6499 1.2418 -0.4763 -1.2268 0.8726 5.4032 0.7592 0.8706 -4.7410 0.9890 3-4cyli.dat
2 24 1.140 -39.349 134.498 0.794 -36.298 131.931
2 24 1.113 -40.943 132.606 0.767 -37.892 130.039
2 24 -1.325 -39.495 134.656 -1.671 -36.445 132.089
2 24 -1.352 -41.089 132.764 -1.698 -38.039 130.197
2 24 3.605 -39.202 134.340 3.259 -36.151 131.773
2 24 3.578 -40.796 132.448 3.231 -37.745 129.881
1 0 4.8230 -39.9252 133.3157 -1.2458 -0.3461 1.2188 -0.8703 3.0507 -0.7236 -0.8671 -2.5671 -1.0249 3-4cyli.dat
1 0 2.3582 -40.0719 133.4735 -1.2458 -0.3461 1.2188 -0.8703 3.0507 -0.7236 -0.8671 -2.5671 -1.0249 1-4cyli.dat
1 0 2.3582 -40.0719 133.4735 1.2458 -0.3461 -1.2188 0.8703 3.0507 0.7236 0.8671 -2.5671 1.0249 1-4cyli.dat
1 0 -0.1057 -40.2186 133.6313 -1.2458 -0.3461 1.2188 -0.8703 3.0507 -0.7236 -0.8671 -2.5671 -1.0249 1-4cyli.dat
1 0 -0.1057 -40.2186 133.6313 1.2458 -0.3461 -1.2188 0.8703 3.0507 0.7236 0.8671 -2.5671 1.0249 1-4cyli.dat
1 0 -2.5705 -40.3653 133.7891 1.2458 -0.3461 -1.2188 0.8703 3.0507 0.7236 0.8671 -2.5671 1.0249 3-4cyli.dat
2 24 1.477 -41.803 136.484 1.063 -38.713 133.975
2 24 1.438 -43.365 134.565 1.024 -40.274 132.057
2 24 -0.983 -41.978 136.675 -1.398 -38.887 134.167
2 24 -1.022 -43.540 134.756 -1.437 -40.449 132.248
2 24 3.938 -41.629 136.293 3.524 -38.538 133.784
2 24 3.899 -43.190 134.374 3.485 -40.100 131.865
1 0 5.1485 -42.3217 135.2381 -1.2497 -0.4145 1.2107 -0.8681 3.0904 -0.6934 -0.8637 -2.5087 -1.0550 3-4cyli.dat
1 0 2.6878 -42.4964 135.4294 -1.2497 -0.4145 1.2107 -0.8681 3.0904 -0.6934 -0.8637 -2.5087 -1.0550 1-4cyli.dat
1 0 2.6878 -42.4964 135.4294 1.2497 -0.4145 -1.2107 0.8681 3.0904 0.6934 0.8637 -2.5087 1.0550 1-4cyli.dat
1 0 0.2282 -42.6710 135.6206 -1.2497 -0.4145 1.2107 -0.8681 3.0904 -0.6934 -0.8637 -2.5087 -1.0550 1-4cyli.dat
1 0 0.2282 -42.6710 135.6206 1.2497 -0.4145 -1.2107 0.8681 3.0904 0.6934 0.8637 -2.5087 1.0550 1-4cyli.dat
1 0 -2.2325 -42.8457 135.8119 1.2497 -0.4145 -1.2107 0.8681 3.0904 0.6934 0.8637 -2.5087 1.0550 3-4cyli.dat
2 24 1.856 -44.277 138.430 1.391 -41.158 135.965
2 24 1.806 -45.814 136.492 1.341 -42.696 134.027
2 24 -0.601 -44.472 138.646 -1.066 -41.353 136.182
2 24 -0.651 -46.009 136.708 -1.116 -42.890 134.244
2 24 4.313 -44.082 138.213 3.848 -40.963 135.748
2 24 4.263 -45.620 136.275 3.798 -42.501 133.810
1 0 5.5162 -44.7533 137.1357 -1.2533 -0.4648 1.2035 -0.8660 3.1189 -0.6713 -0.8606 -2.4643 -1.0774 3-4cyli.dat
1 0 3.0592 -44.9481 137.3525 -1.2533 -0.4648 1.2035 -0.8660 3.1189 -0.6713 -0.8606 -2.4643 -1.0774 1-4cyli.dat
1 0 3.0592 -44.9481 137.3525 1.2533 -0.4648 -1.2035 0.8660 3.1189 0.6713 0.8606 -2.4643 1.0774 1-4cyli.dat
1 0 0.6032 -45.1428 137.5693 -1.2533 -0.4648 1.2035 -0.8660 3.1189 -0.6713 -0.8606 -2.4643 -1.0774 1-4cyli.dat
1 0 0.6032 -45.1428 137.5693 1.2533 -0.4648 -1.2035 0.8660 3.1189 0.6713 0.8606 -2.4643 1.0774 1-4cyli.dat
1 0 -1.8539 -45.3376 137.7861 1.2533 -0.4648 -1.2035 0.8660 3.1189 0.6713 0.8606 -2.4643 1.0774 3-4cyli.dat
2 24 2.281 -46.778 140.336 1.757 -43.626 137.926
2 24 2.217 -48.286 138.375 1.692 -45.134 135.965
2 24 -0.171 -46.996 140.584 -0.696 -43.845 138.174
2 24 -0.235 -48.505 138.623 -0.760 -45.353 136.213
2 24 4.733 -46.559 140.088 4.209 -43.407 137.678
2 24 4.669 -48.067 138.128 4.144 -44.916 135.718
1 0 5.9267 -47.2035 138.9843 -1.2581 -0.5246 1.1938 -0.8635 3.1517 -0.6447 -0.8563 -2.4099 -1.1040 3-4cyli.dat
1 0 3.4746 -47.4222 139.2320 -1.2581 -0.5246 1.1938 -0.8635 3.1517 -0.6447 -0.8563 -2.4099 -1.1040 1-4cyli.dat
1 0 3.4746 -47.4222 139.2320 1.2581 -0.5246 -1.1938 0.8635 3.1517 0.6447 0.8563 -2.4099 1.1040 1-4cyli.dat
1 0 1.0235 -47.6409 139.4797 -1.2581 -0.5246 1.1938 -0.8635 3.1517 -0.6447 -0.8563 -2.4099 -1.1040 1-4cyli.dat
1 0 1.0235 -47.6409 139.4797 1.2581 -0.5246 -1.1938 0.8635 3.1517 0.6447 0.8563 -2.4099 1.1040 1-4cyli.dat
1 0 -1.4286 -47.8596 139.7275 1.2581 -0.5246 -1.1938 0.8635 3.1517 0.6447 0.8563 -2.4099 1.1040 3-4cyli.dat
2 24 2.751 -49.301 142.198 2.173 -46.121 139.838
2 24 2.672 -50.783 140.218 2.094 -47.603 137.859
2 24 0.304 -49.541 142.474 -0.274 -46.360 140.115
2 24 0.225 -51.023 140.495 -0.353 -47.843 138.135
2 24 5.198 -49.061 141.922 4.620 -45.881 139.562
2 24 5.119 -50.543 139.942 4.541 -47.363 137.582
1 0 6.3820 -49.6817 140.7940 -1.2629 -0.5781 1.1839 -0.8609 3.1801 -0.6211 -0.8517 -2.3597 -1.1280 3-4cyli.dat
1 0 3.9349 -49.9216 141.0704 -1.2629 -0.5781 1.1839 -0.8609 3.1801 -0.6211 -0.8517 -2.3597 -1.1280 1-4cyli.dat
1 0 3.9349 -49.9216 141.0704 1.2629 -0.5781 -1.1839 0.8609 3.1801 0.6211 0.8517 -2.3597 1.1280 1-4cyli.dat
1 0 1.4889 -50.1613 141.3466 -1.2629 -0.5781 1.1839 -0.8609 3.1801 -0.6211 -0.8517 -2.3597 -1.1280 1-4cyli.dat
1 0 1.4889 -50.1613 141.3466 1.2629 -0.5781 -1.1839 0.8609 3.1801 0.6211 0.8517 -2.3597 1.1280 1-4cyli.dat
1 0 -0.9582 -50.4012 141.6230 1.2629 -0.5781 -1.1839 0.8609 3.1801 0.6211 0.8517 -2.3597 1.1280 3-4cyli.dat
2 24 3.310 -52.050 144.160 2.670 -48.838 141.861
2 24 3.212 -53.502 142.159 2.572 -50.289 139.859
2 24 0.869 -52.315 144.470 0.229 -49.103 142.171
2 24 0.772 -53.766 142.469 0.131 -50.554 140.169
2 24 5.750 -51.786 143.850 5.110 -48.574 141.550
2 24 5.653 -53.237 141.848 5.012 -50.025 139.549
1 0 6.9212 -52.3789 142.6945 -1.2690 -0.6402 1.1712 -0.8578 3.2120 -0.5933 -0.8457 -2.2996 -1.1559 3-4cyli.dat
1 0 4.4808 -52.6434 143.0047 -1.2690 -0.6402 1.1712 -0.8578 3.2120 -0.5933 -0.8457 -2.2996 -1.1559 1-4cyli.dat
1 0 4.4808 -52.6434 143.0047 1.2690 -0.6402 -1.1712 0.8578 3.2120 0.5933 0.8457 -2.2996 1.1559 1-4cyli.dat
1 0 2.0413 -52.9078 143.3148 -1.2690 -0.6402 1.1712 -0.8578 3.2120 -0.5933 -0.8457 -2.2996 -1.1559 1-4cyli.dat
1 0 2.0413 -52.9078 143.3148 1.2690 -0.6402 -1.1712 0.8578 3.2120 0.5933 0.8457 -2.2996 1.1559 1-4cyli.dat
1 0 -0.3991 -53.1722 143.6250 1.2690 -0.6402 -1.1712 0.8578 3.2120 0.5933 0.8457 -2.2996 1.1559 3-4cyli.dat
2 24 3.875 -54.621 145.932 3.176 -51.380 143.691
2 24 3.757 -56.043 143.910 3.058 -52.802 141.669
2 24 1.442 -54.909 146.275 0.743 -51.668 144.034
2 24 1.324 -56.331 144.253 0.625 -53.089 142.013
2 24 6.309 -54.334 145.588 5.610 -51.092 143.347
2 24 6.191 -55.755 143.566 5.492 -52.514 141.326
1 0 7.4658 -54.9005 144.4061 -1.2755 -0.6991 1.1576 -0.8546 3.2412 -0.5670 -0.8391 -2.2408 -1.1825 3-4cyli.dat
1 0 5.0325 -55.1881 144.7495 -1.2755 -0.6991 1.1576 -0.8546 3.2412 -0.5670 -0.8391 -2.2408 -1.1825 1-4cyli.dat
1 0 5.0325 -55.1881 144.7495 1.2755 -0.6991 -1.1576 0.8546 3.2412 0.5670 0.8391 -2.2408 1.1825 1-4cyli.dat
1 0 2.6001 -55.4756 145.0927 -1.2755 -0.6991 1.1576 -0.8546 3.2412 -0.5670 -0.8391 -2.2408 -1.1825 1-4cyli.dat
1 0 2.6001 -55.4756 145.0927 1.2755 -0.6991 -1.1576 0.8546 3.2412 0.5670 0.8391 -2.2408 1.1825 1-4cyli.dat
1 0 0.1667 -55.7632 145.4361 1.2755 -0.6991 -1.1576 0.8546 3.2412 0.5670 0.8391 -2.2408 1.1825 3-4cyli.dat
2 24 4.490 -57.215 147.652 3.734 -53.947 145.470
2 24 4.350 -58.608 145.612 3.594 -55.339 143.430
2 24 2.064 -57.525 148.029 1.308 -54.257 145.847
2 24 1.925 -58.918 145.988 1.168 -55.649 143.807
2 24 6.916 -56.905 147.275 6.159 -53.636 145.093
2 24 6.776 -58.298 145.235 6.020 -55.029 143.053
1 0 8.0581 -57.4461 146.0669 -1.2825 -0.7564 1.1429 -0.8514 3.2685 -0.5414 -0.8317 -2.1817 -1.2085 3-4cyli.dat
1 0 5.6325 -57.7562 146.4438 -1.2825 -0.7564 1.1429 -0.8514 3.2685 -0.5414 -0.8317 -2.1817 -1.2085 1-4cyli.dat
1 0 5.6325 -57.7562 146.4438 1.2825 -0.7564 -1.1429 0.8514 3.2685 0.5414 0.8317 -2.1817 1.2085 1-4cyli.dat
1 0 3.2078 -58.0661 146.8205 -1.2825 -0.7564 1.1429 -0.8514 3.2685 -0.5414 -0.8317 -2.1817 -1.2085 1-4cyli.dat
1 0 3.2078 -58.0661 146.8205 1.2825 -0.7564 -1.1429 0.8514 3.2685 0.5414 0.8317 -2.1817 1.2085 1-4cyli.dat
1 0 0.7822 -58.3761 147.1973 1.2825 -0.7564 -1.1429 0.8514 3.2685 0.5414 0.8317 -2.1817 1.2085 3-4cyli.dat
2 24 5.147 -59.828 149.328 4.334 -56.533 147.207
2 24 4.984 -61.191 147.269 4.170 -57.897 145.148
2 24 2.730 -60.160 149.739 1.917 -56.865 147.618
2 24 2.567 -61.524 147.681 1.753 -58.229 145.560
2 24 7.564 -59.495 148.916 6.751 -56.201 146.795
2 24 7.401 -60.859 146.858 6.587 -57.564 144.737
1 0 8.6907 -60.0108 147.6817 -1.2901 -0.8136 1.1267 -0.8480 3.2947 -0.5157 -0.8234 -2.1208 -1.2347 3-4cyli.dat
1 0 6.2736 -60.3431 148.0931 -1.2901 -0.8136 1.1267 -0.8480 3.2947 -0.5157 -0.8234 -2.1208 -1.2347 1-4cyli.dat
1 0 6.2736 -60.3431 148.0931 1.2901 -0.8136 -1.1267 0.8480 3.2947 0.5157 0.8234 -2.1208 1.2347 1-4cyli.dat
1 0 3.8576 -60.6754 148.5043 -1.2901 -0.8136 1.1267 -0.8480 3.2947 -0.5157 -0.8234 -2.1208 -1.2347 1-4cyli.dat
1 0 3.8576 -60.6754 148.5043 1.2901 -0.8136 -1.1267 0.8480 3.2947 0.5157 0.8234 -2.1208 1.2347 1-4cyli.dat
1 0 1.4405 -61.0078 148.9158 1.2901 -0.8136 -1.1267 0.8480 3.2947 0.5157 0.8234 -2.1208 1.2347 3-4cyli.dat
2 24 5.858 -62.464 150.946 4.984 -59.143 148.892
2 24 5.667 -63.797 148.870 4.793 -60.476 146.816
2 24 3.451 -62.820 151.395 2.577 -59.499 149.341
2 24 3.260 -64.153 149.319 2.386 -60.832 147.265
2 24 8.265 -62.108 150.498 7.391 -58.787 148.443
2 24 8.074 -63.441 148.422 7.200 -60.120 146.367
1 0 9.3724 -62.5959 149.2357 -1.2986 -0.8738 1.1082 -0.8445 3.3210 -0.4885 -0.8135 -2.0547 -1.2623 3-4cyli.dat
1 0 6.9654 -62.9519 149.6845 -1.2986 -0.8738 1.1082 -0.8445 3.3210 -0.4885 -0.8135 -2.0547 -1.2623 1-4cyli.dat
1 0 6.9654 -62.9519 149.6845 1.2986 -0.8738 -1.1082 0.8445 3.3210 0.4885 0.8135 -2.0547 1.2623 1-4cyli.dat
1 0 4.5594 -63.3077 150.1331 -1.2986 -0.8738 1.1082 -0.8445 3.3210 -0.4885 -0.8135 -2.0547 -1.2623 1-4cyli.dat
1 0 4.5594 -63.3077 150.1331 1.2986 -0.8738 -1.1082 0.8445 3.3210 0.4885 0.8135 -2.0547 1.2623 1-4cyli.dat
1 0 2.1524 -63.6637 150.5819 1.2986 -0.8738 -1.1082 0.8445 3.3210 0.4885 0.8135 -2.0547 1.2623 3-4cyli.dat
2 24 6.682 -65.333 152.630 5.739 -61.983 150.655
2 24 6.458 -66.630 150.535 5.514 -63.280 148.559
2 24 4.288 -65.717 153.123 3.345 -62.367 151.148
2 24 4.064 -67.014 151.028 3.120 -63.664 149.053
2 24 9.076 -64.949 152.137 8.133 -61.599 150.162
2 24 8.852 -66.246 150.041 7.908 -62.896 148.066
1 0 10.1607 -65.4051 150.8428 -1.3090 -0.9437 1.0848 -0.8405 3.3499 -0.4565 -0.8010 -1.9751 -1.2942 3-4cyli.dat
1 0 7.7667 -65.7891 151.3361 -1.3090 -0.9437 1.0848 -0.8405 3.3499 -0.4565 -0.8010 -1.9751 -1.2942 1-4cyli.dat
1 0 7.7667 -65.7891 151.3361 1.3090 -0.9437 -1.0848 0.8405 3.3499 0.4565 0.8010 -1.9751 1.2942 1-4cyli.dat
1 0 5.3737 -66.1729 151.8291 -1.3090 -0.9437 1.0848 -0.8405 3.3499 -0.4565 -0.8010 -1.9751 -1.2942 1-4cyli.dat
1 0 5.3737 -66.1729 151.8291 1.3090 -0.9437 -1.0848 0.8405 3.3499 0.4565 0.8010 -1.9751 1.2942 1-4cyli.dat
1 0 2.9797 -66.5568 152.3224 1.3090 -0.9437 -1.0848 0.8405 3.3499 0.4565 0.8010 -1.9751 1.2942 3-4cyli.dat
2 24 7.484 -68.003 154.141 6.489 -64.633 152.226
2 24 7.232 -69.274 152.033 6.237 -65.904 150.118
2 24 5.101 -68.407 154.669 4.106 -65.037 152.754
2 24 4.848 -69.678 152.561 3.854 -66.308 150.646
2 24 9.867 -67.599 153.612 8.873 -64.229 151.697
2 24 9.615 -68.870 151.504 8.620 -65.500 149.589
1 0 10.9323 -68.0326 152.2946 -1.3178 -0.9948 1.0652 -0.8373 3.3700 -0.4336 -0.7898 -1.9149 -1.3182 3-4cyli.dat
1 0 8.5491 -68.4363 152.8229 -1.3178 -0.9948 1.0652 -0.8373 3.3700 -0.4336 -0.7898 -1.9149 -1.3182 1-4cyli.dat
1 0 8.5491 -68.4363 152.8229 1.3178 -0.9948 -1.0652 0.8373 3.3700 0.4336 0.7898 -1.9149 1.3182 1-4cyli.dat
1 0 6.1668 -68.8399 153.3511 -1.3178 -0.9948 1.0652 -0.8373 3.3700 -0.4336 -0.7898 -1.9149 -1.3182 1-4cyli.dat
1 0 6.1668 -68.8399 153.3511 1.3178 -0.9948 -1.0652 0.8373 3.3700 0.4336 0.7898 -1.9149 1.3182 1-4cyli.dat
1 0 3.7836 -69.2436 153.8795 1.3178 -0.9948 -1.0652 0.8373 3.3700 0.4336 0.7898 -1.9149 1.3182 3-4cyli.dat
2 24 8.349 -70.699 155.582 7.287 -67.304 153.749
2 24 8.058 -71.935 153.458 6.996 -68.540 151.625
2 24 5.982 -71.130 156.157 4.920 -67.735 154.323
2 24 5.691 -72.366 154.033 4.629 -68.971 152.200
2 24 10.717 -70.268 155.007 9.655 -66.873 153.174
2 24 10.426 -71.504 152.883 9.364 -68.109 151.050
1 0 11.7551 -70.6705 153.6584 -1.3293 -1.0619 1.0383 -0.8335 3.3948 -0.4027 -0.7745 -1.8331 -1.3491 3-4cyli.dat
1 0 9.3874 -71.1013 154.2331 -1.3293 -1.0619 1.0383 -0.8335 3.3948 -0.4027 -0.7745 -1.8331 -1.3491 1-4cyli.dat
1 0 9.3874 -71.1013 154.2331 1.3293 -1.0619 -1.0383 0.8335 3.3948 0.4027 0.7745 -1.8331 1.3491 1-4cyli.dat
1 0 7.0206 -71.5320 154.8076 -1.3293 -1.0619 1.0383 -0.8335 3.3948 -0.4027 -0.7745 -1.8331 -1.3491 1-4cyli.dat
1 0 7.0206 -71.5320 154.8076 1.3293 -1.0619 -1.0383 0.8335 3.3948 0.4027 0.7745 -1.8331 1.3491 1-4cyli.dat
1 0 4.6529 -71.9628 155.3823 1.3293 -1.0619 -1.0383 0.8335 3.3948 0.4027 0.7745 -1.8331 1.3491 3-4cyli.dat
2 24 9.245 -73.401 156.977 8.134 -69.989 155.207
2 24 8.922 -74.612 154.844 7.810 -71.200 153.073
2 24 6.891 -73.852 157.589 5.779 -70.440 155.819
2 24 6.567 -75.063 155.456 5.456 -71.650 153.685
2 24 11.600 -72.951 156.365 10.488 -69.539 154.595
2 24 11.277 -74.162 154.232 10.165 -70.750 152.461
1 0 12.6153 -73.3315 154.9929 -1.3390 -1.1117 1.0155 -0.8305 3.4121 -0.3804 -0.7608 -1.7704 -1.3727 3-4cyli.dat
1 0 10.2606 -73.7817 155.6049 -1.3390 -1.1117 1.0155 -0.8305 3.4121 -0.3804 -0.7608 -1.7704 -1.3727 1-4cyli.dat
1 0 10.2606 -73.7817 155.6049 1.3390 -1.1117 -1.0155 0.8305 3.4121 0.3804 0.7608 -1.7704 1.3727 1-4cyli.dat
1 0 7.9068 -74.2317 156.2166 -1.3390 -1.1117 1.0155 -0.8305 3.4121 -0.3804 -0.7608 -1.7704 -1.3727 1-4cyli.dat
1 0 7.9068 -74.2317 156.2166 1.3390 -1.1117 -1.0155 0.8305 3.4121 0.3804 0.7608 -1.7704 1.3727 1-4cyli.dat
1 0 5.5521 -74.6818 156.8286 1.3390 -1.1117 -1.0155 0.8305 3.4121 0.3804 0.7608 -1.7704 1.3727 3-4cyli.dat
2 24 10.206 -76.128 158.297 9.027 -72.694 156.615
2 24 9.838 -77.304 156.151 8.659 -73.870 154.469
2 24 7.871 -76.606 158.960 6.692 -73.172 157.277
2 24 7.502 -77.782 156.814 6.323 -74.348 155.131
2 24 12.542 -75.650 157.634 11.363 -72.216 155.952
2 24 12.173 -76.826 155.488 10.994 -73.392 153.806
1 0 13.5250 -75.9987 156.2304 -1.3519 -1.1793 0.9834 -0.8271 3.4339 -0.3491 -0.7415 -1.6823 -1.4041 3-4cyli.dat
1 0 11.1895 -76.4767 156.8931 -1.3519 -1.1793 0.9834 -0.8271 3.4339 -0.3491 -0.7415 -1.6823 -1.4041 1-4cyli.dat
1 0 11.1895 -76.4767 156.8931 1.3519 -1.1793 -0.9834 0.8271 3.4339 0.3491 0.7415 -1.6823 1.4041 1-4cyli.dat
1 0 8.8550 -76.9545 157.5555 -1.3519 -1.1793 0.9834 -0.8271 3.4339 -0.3491 -0.7415 -1.6823 -1.4041 1-4cyli.dat
1 0 8.8550 -76.9545 157.5555 1.3519 -1.1793 -0.9834 0.8271 3.4339 0.3491 0.7415 -1.6823 1.4041 1-4cyli.dat
1 0 6.5196 -77.4325 158.2182 1.3519 -1.1793 -0.9834 0.8271 3.4339 0.3491 0.7415 -1.6823 1.4041 3-4cyli.dat
2 24 11.289 -79.081 159.654 10.048 -75.629 158.056
2 24 10.875 -80.225 157.500 9.634 -76.773 155.901
2 24 8.974 -79.584 160.366 7.733 -76.132 158.768
2 24 8.560 -80.729 158.212 7.319 -77.277 156.613
2 24 13.605 -78.577 158.943 12.364 -75.125 157.344
2 24 13.191 -79.722 156.788 11.950 -76.270 155.190
1 0 14.5552 -78.8978 157.5099 -1.3646 -1.2410 0.9508 -0.8241 3.4520 -0.3207 -0.7212 -1.5985 -1.4331 3-4cyli.dat
1 0 12.2396 -79.4012 158.2218 -1.3646 -1.2410 0.9508 -0.8241 3.4520 -0.3207 -0.7212 -1.5985 -1.4331 1-4cyli.dat
1 0 12.2396 -79.4012 158.2218 1.3646 -1.2410 -0.9508 0.8241 3.4520 0.3207 0.7212 -1.5985 1.4331 1-4cyli.dat
1 0 9.9250 -79.9044 158.9334 -1.3646 -1.2410 0.9508 -0.8241 3.4520 -0.3207 -0.7212 -1.5985 -1.4331 1-4cyli.dat
1 0 9.9250 -79.9044 158.9334 1.3646 -1.2410 -0.9508 0.8241 3.4520 0.3207 0.7212 -1.5985 1.4331 1-4cyli.dat
1 0 7.6094 -80.4078 159.6452 1.3646 -1.2410 -0.9508 0.8241 3.4520 0.3207 0.7212 -1.5985 1.4331 3-4cyli.dat
2 24 12.338 -81.828 160.848 11.041 -78.361 159.329
2 24 11.879 -82.945 158.688 10.582 -79.478 157.169
2 24 10.043 -82.355 161.608 8.746 -78.887 160.089
2 24 9.584 -83.471 159.448 8.287 -80.004 157.929
2 24 14.633 -81.301 160.089 13.336 -77.834 158.570
2 24 14.174 -82.418 157.929 12.877 -78.951 156.409
1 0 15.5511 -81.5961 158.6293 -1.3770 -1.2974 0.9180 -0.8216 3.4671 -0.2950 -0.7002 -1.5191 -1.4598 3-4cyli.dat
1 0 13.2560 -82.1228 159.3890 -1.3770 -1.2974 0.9180 -0.8216 3.4671 -0.2950 -0.7002 -1.5191 -1.4598 1-4cyli.dat
1 0 13.2560 -82.1228 159.3890 1.3770 -1.2974 -0.9180 0.8216 3.4671 0.2950 0.7002 -1.5191 1.4598 1-4cyli.dat
1 0 10.9618 -82.6492 160.1484 -1.3770 -1.2974 0.9180 -0.8216 3.4671 -0.2950 -0.7002 -1.5191 -1.4598 1-4cyli.dat
1 0 10.9618 -82.6492 160.1484 1.3770 -1.2974 -0.9180 0.8216 3.4671 0.2950 0.7002 -1.5191 1.4598 1-4cyli.dat
1 0 8.6667 -83.1759 160.9080 1.3770 -1.2974 -0.9180 0.8216 3.4671 0.2950 0.7002 -1.5191 1.4598 3-4cyli.dat
2 24 13.431 -84.584 161.977 12.082 -81.104 160.533
2 24 12.927 -85.675 159.814 11.578 -82.196 158.370
2 24 11.157 -85.132 162.783 9.808 -81.652 161.340
2 24 10.653 -86.223 160.620 9.304 -82.744 159.177
2 24 15.705 -84.036 161.171 14.356 -80.557 159.727
2 24 15.201 -85.128 159.008 13.852 -81.648 157.564
1 0 16.5898 -84.3077 159.6868 -1.3890 -1.3491 0.8849 -0.8196 3.4795 -0.2718 -0.6783 -1.4437 -1.4845 3-4cyli.dat
1 0 14.3156 -84.8556 160.4930 -1.3890 -1.3491 0.8849 -0.8196 3.4795 -0.2718 -0.6783 -1.4437 -1.4845 1-4cyli.dat
1 0 14.3156 -84.8556 160.4930 1.3890 -1.3491 -0.8849 0.8196 3.4795 0.2718 0.6783 -1.4437 1.4845 1-4cyli.dat
1 0 12.0424 -85.4033 161.2990 -1.3890 -1.3491 0.8849 -0.8196 3.4795 -0.2718 -0.6783 -1.4437 -1.4845 1-4cyli.dat
1 0 12.0424 -85.4033 161.2990 1.3890 -1.3491 -0.8849 0.8196 3.4795 0.2718 0.6783 -1.4437 1.4845 1-4cyli.dat
1 0 9.7682 -85.9512 162.1052 1.3890 -1.3491 -0.8849 0.8196 3.4795 0.2718 0.6783 -1.4437 1.4845 3-4cyli.dat
2 24 14.573 -87.351 163.037 13.164 -83.859 161.684
2 24 14.014 -88.414 160.873 12.605 -84.922 159.520
2 24 12.325 -87.925 163.899 10.917 -84.433 162.546
2 24 11.767 -88.987 161.735 10.358 -85.495 160.381
2 24 16.820 -86.777 162.176 15.411 -83.285 160.822
2 24 16.262 -87.840 160.012 14.853 -84.348 158.658
1 0 17.6643 -87.0218 160.6634 -1.4029 -1.4089 0.8443 -0.8180 3.4920 -0.2444 -0.6512 -1.3532 -1.5127 3-4cyli.dat
1 0 15.4169 -87.5954 161.5249 -1.4029 -1.4089 0.8443 -0.8180 3.4920 -0.2444 -0.6512 -1.3532 -1.5127 1-4cyli.dat
1 0 15.4169 -87.5954 161.5249 1.4029 -1.4089 -0.8443 0.8180 3.4920 0.2444 0.6512 -1.3532 1.5127 1-4cyli.dat
1 0 13.1704 -88.1688 162.3861 -1.4029 -1.4089 0.8443 -0.8180 3.4920 -0.2444 -0.6512 -1.3532 -1.5127 1-4cyli.dat
1 0 13.1704 -88.1688 162.3861 1.4029 -1.4089 -0.8443 0.8180 3.4920 0.2444 0.6512 -1.3532 1.5127 1-4cyli.dat
1 0 10.9231 -88.7425 163.2477 1.4029 -1.4089 -0.8443 0.8180 3.4920 0.2444 0.6512 -1.3532 1.5127 3-4cyli.dat
2 24 15.762 -90.125 164.022 14.297 -86.623 162.756
2 24 15.148 -91.161 161.860 13.684 -87.660 160.594
2 24 13.542 -90.722 164.938 12.078 -87.221 163.672
2 24 12.929 -91.759 162.776 11.465 -88.257 161.510
2 24 17.981 -89.527 163.105 16.517 -86.025 161.839
2 24 17.368 -90.564 160.944 15.903 -87.062 159.678
1 0 18.7837 -89.7467 161.5670 -1.4163 -1.4642 0.8029 -0.8170 3.5019 -0.2195 -0.6228 -1.2659 -1.5389 3-4cyli.dat
1 0 16.5643 -90.3443 162.4832 -1.4163 -1.4642 0.8029 -0.8170 3.5019 -0.2195 -0.6228 -1.2659 -1.5389 1-4cyli.dat
1 0 16.5643 -90.3443 162.4832 1.4163 -1.4642 -0.8029 0.8170 3.5019 0.2195 0.6228 -1.2659 1.5389 1-4cyli.dat
1 0 14.3459 -90.9417 163.3990 -1.4163 -1.4642 0.8029 -0.8170 3.5019 -0.2195 -0.6228 -1.2659 -1.5389 1-4cyli.dat
1 0 14.3459 -90.9417 163.3990 1.4163 -1.4642 -0.8029 0.8170 3.5019 0.2195 0.6228 -1.2659 1.5389 1-4cyli.dat
1 0 12.1265 -91.5392 164.3152 1.4163 -1.4642 -0.8029 0.8170 3.5019 0.2195 0.6228 -1.2659 1.5389 3-4cyli.dat
2 24 17.090 -93.124 165.009 15.569 -89.614 163.837
2 24 16.416 -94.134 162.853 14.895 -90.624 161.680
2 24 14.903 -93.747 165.984 13.382 -90.236 164.812
2 24 14.229 -94.757 163.828 12.708 -91.247 162.656
2 24 19.277 -92.501 164.034 17.756 -88.991 162.861
2 24 18.603 -93.512 161.878 17.082 -90.001 160.705
1 0 20.0331 -92.6947 162.4688 -1.4303 -1.5211 0.7566 -0.8167 3.5101 -0.1939 -0.5904 -1.1725 -1.5656 3-4cyli.dat
1 0 17.8461 -93.3175 163.4439 -1.4303 -1.5211 0.7566 -0.8167 3.5101 -0.1939 -0.5904 -1.1725 -1.5656 1-4cyli.dat
1 0 17.8461 -93.3175 163.4439 1.4303 -1.5211 -0.7566 0.8167 3.5101 0.1939 0.5904 -1.1725 1.5656 1-4cyli.dat
1 0 15.6599 -93.9401 164.4187 -1.4303 -1.5211 0.7566 -0.8167 3.5101 -0.1939 -0.5904 -1.1725 -1.5656 1-4cyli.dat
1 0 15.6599 -93.9401 164.4187 1.4303 -1.5211 -0.7566 0.8167 3.5101 0.1939 0.5904 -1.1725 1.5656 1-4cyli.dat
1 0 13.4728 -94.5630 165.3939 1.4303 -1.5211 -0.7566 0.8167 3.5101 0.1939 0.5904 -1.1725 1.5656 3-4cyli.dat
2 24 18.364 -95.906 165.850 16.790 -92.390 164.768
2 24 17.630 -96.894 163.703 16.056 -93.378 162.621
2 24 16.211 -96.552 166.884 14.637 -93.037 165.802
2 24 15.477 -97.540 164.737 13.903 -94.025 163.655
2 24 20.517 -95.259 164.817 18.943 -91.744 163.734
2 24 19.783 -96.248 162.670 18.209 -92.732 161.587
1 0 21.2262 -95.4302 163.2268 -1.4435 -1.5738 0.7093 -0.8172 3.5159 -0.1708 -0.5565 -1.0822 -1.5902 3-4cyli.dat
1 0 19.0731 -96.0766 164.2606 -1.4435 -1.5738 0.7093 -0.8172 3.5159 -0.1708 -0.5565 -1.0822 -1.5902 1-4cyli.dat
1 0 19.0731 -96.0766 164.2606 1.4435 -1.5738 -0.7093 0.8172 3.5159 0.1708 0.5565 -1.0822 1.5902 1-4cyli.dat
1 0 16.9210 -96.7228 165.2940 -1.4435 -1.5738 0.7093 -0.8172 3.5159 -0.1708 -0.5565 -1.0822 -1.5902 1-4cyli.dat
1 0 16.9210 -96.7228 165.2940 1.4435 -1.5738 -0.7093 0.8172 3.5159 0.1708 0.5565 -1.0822 1.5902 1-4cyli.dat
1 0 14.7679 -97.3693 166.3278 1.4435 -1.5738 -0.7093 0.8172 3.5159 0.1708 0.5565 -1.0822 1.5902 3-4cyli.dat
2 24 19.681 -98.690 166.615 18.057 -95.170 165.621
2 24 18.885 -99.658 164.480 17.262 -96.138 163.487
2 24 17.564 -99.359 167.707 15.941 -95.839 166.714
2 24 16.768 -100.327 165.573 15.145 -96.807 164.580
2 24 21.798 -98.021 165.522 20.174 -94.501 164.528
2 24 21.002 -98.989 163.388 19.378 -95.469 162.394
1 0 22.4578 -98.1703 163.9088 -1.4562 -1.6235 0.6604 -0.8184 3.5194 -0.1496 -0.5206 -0.9934 -1.6133 3-4cyli.dat
1 0 20.3411 -98.8392 165.0017 -1.4562 -1.6235 0.6604 -0.8184 3.5194 -0.1496 -0.5206 -0.9934 -1.6133 1-4cyli.dat
1 0 20.3411 -98.8392 165.0017 1.4562 -1.6235 -0.6604 0.8184 3.5194 0.1496 0.5206 -0.9934 1.6133 1-4cyli.dat
1 0 18.2252 -99.5078 166.0941 -1.4562 -1.6235 0.6604 -0.8184 3.5194 -0.1496 -0.5206 -0.9934 -1.6133 1-4cyli.dat
1 0 18.2252 -99.5078 166.0941 1.4562 -1.6235 -0.6604 0.8184 3.5194 0.1496 0.5206 -0.9934 1.6133 1-4cyli.dat
1 0 16.1085 -100.1767 167.1870 1.4562 -1.6235 -0.6604 0.8184 3.5194 0.1496 0.5206 -0.9934 1.6133 3-4cyli.dat
2 24 21.037 -101.474 167.307 19.363 -97.953 166.408
2 24 20.175 -102.423 165.190 18.501 -98.902 164.292
2 24 18.962 -102.166 168.463 17.288 -98.645 167.565
2 24 18.100 -103.115 166.347 16.425 -99.594 165.448
2 24 23.112 -100.782 166.151 21.438 -97.260 165.252
2 24 22.250 -101.731 164.034 20.576 -98.209 163.135
1 0 23.7183 -100.9097 164.5148 -1.4687 -1.6741 0.6062 -0.8207 3.5211 -0.1283 -0.4801 -0.8987 -1.6363 3-4cyli.dat
1 0 21.6433 -101.6022 165.6711 -1.4687 -1.6741 0.6062 -0.8207 3.5211 -0.1283 -0.4801 -0.8987 -1.6363 1-4cyli.dat
1 0 21.6433 -101.6022 165.6711 1.4687 -1.6741 -0.6062 0.8207 3.5211 0.1283 0.4801 -0.8987 1.6363 1-4cyli.dat
1 0 19.5690 -102.2943 166.8269 -1.4687 -1.6741 0.6062 -0.8207 3.5211 -0.1283 -0.4801 -0.8987 -1.6363 1-4cyli.dat
1 0 19.5690 -102.2943 166.8269 1.4687 -1.6741 -0.6062 0.8207 3.5211 0.1283 0.4801 -0.8987 1.6363 1-4cyli.dat
1 0 17.4939 -102.9868 167.9832 1.4687 -1.6741 -0.6062 0.8207 3.5211 0.1283 0.4801 -0.8987 1.6363 3-4cyli.dat
2 24 22.432 -104.256 167.921 20.712 -100.735 167.113
2 24 21.504 -105.190 165.826 19.783 -101.669 165.017
2 24 20.400 -104.970 169.140 18.680 -101.449 168.331
2 24 19.472 -105.903 167.044 17.752 -102.383 166.236
2 24 24.464 -103.542 166.703 22.744 -100.021 165.894
2 24 23.535 -104.476 164.607 21.815 -100.955 163.799
1 0 25.0152 -103.6518 165.0464 -1.4800 -1.7202 0.5516 -0.8237 3.5206 -0.1099 -0.4384 -0.8087 -1.6569 3-4cyli.dat
1 0 22.9834 -104.3657 166.2649 -1.4800 -1.7202 0.5516 -0.8237 3.5206 -0.1099 -0.4384 -0.8087 -1.6569 1-4cyli.dat
1 0 22.9834 -104.3657 166.2649 1.4800 -1.7202 -0.5516 0.8237 3.5206 0.1099 0.4384 -0.8087 1.6569 1-4cyli.dat
1 0 20.9525 -105.0792 167.4830 -1.4800 -1.7202 0.5516 -0.8237 3.5206 -0.1099 -0.4384 -0.8087 -1.6569 1-4cyli.dat
1 0 20.9525 -105.0792 167.4830 1.4800 -1.7202 -0.5516 0.8237 3.5206 0.1099 0.4384 -0.8087 1.6569 1-4cyli.dat
1 0 18.9207 -105.7931 168.7015 1.4800 -1.7202 -0.5516 0.8237 3.5206 0.1099 0.4384 -0.8087 1.6569 3-4cyli.dat
2 24 23.977 -107.255 168.502 22.208 -103.737 167.794
2 24 22.975 -108.174 166.434 21.206 -104.656 165.726
2 24 21.997 -107.993 169.790 20.228 -104.475 169.082
2 24 20.995 -108.912 167.722 19.226 -105.394 167.014
2 24 25.957 -106.517 167.214 24.188 -102.999 166.506
2 24 24.955 -107.436 165.146 23.186 -103.918 164.438
1 0 26.4458 -106.6078 165.5370 -1.4910 -1.7693 0.4887 -0.8283 3.5179 -0.0907 -0.3899 -0.7080 -1.6777 3-4cyli.dat
1 0 24.4659 -107.3455 166.8249 -1.4910 -1.7693 0.4887 -0.8283 3.5179 -0.0907 -0.3899 -0.7080 -1.6777 1-4cyli.dat
1 0 24.4659 -107.3455 166.8249 1.4910 -1.7693 -0.4887 0.8283 3.5179 0.0907 0.3899 -0.7080 1.6777 1-4cyli.dat
1 0 22.4868 -108.0828 168.1122 -1.4910 -1.7693 0.4887 -0.8283 3.5179 -0.0907 -0.3899 -0.7080 -1.6777 1-4cyli.dat
1 0 22.4868 -108.0828 168.1122 1.4910 -1.7693 -0.4887 0.8283 3.5179 0.0907 0.3899 -0.7080 1.6777 1-4cyli.dat
1 0 20.5069 -108.8205 169.4000 1.4910 -1.7693 -0.4887 0.8283 3.5179 0.0907 0.3899 -0.7080 1.6777 3-4cyli.dat
2 24 25.456 -110.029 168.947 23.636 -106.516 168.349
2 24 24.373 -110.935 166.915 22.552 -107.423 166.317
2 24 23.537 -110.792 170.311 21.717 -107.280 169.713
2 24 22.454 -111.698 168.278 20.634 -108.186 167.681
2 24 27.375 -109.265 167.584 25.554 -105.753 166.986
2 24 26.291 -110.172 165.551 24.471 -106.659 164.954
1 0 27.7920 -109.3367 165.8863 -1.5009 -1.8202 0.4175 -0.8347 3.5123 -0.0714 -0.3343 -0.5977 -1.6978 3-4cyli.dat
1 0 25.8735 -110.1000 167.2498 -1.5009 -1.8202 0.4175 -0.8347 3.5123 -0.0714 -0.3343 -0.5977 -1.6978 1-4cyli.dat
1 0 25.8735 -110.1000 167.2498 1.5009 -1.8202 -0.4175 0.8347 3.5123 0.0714 0.3343 -0.5977 1.6978 1-4cyli.dat
1 0 23.9556 -110.8630 168.6128 -1.5009 -1.8202 0.4175 -0.8347 3.5123 -0.0714 -0.3343 -0.5977 -1.6978 1-4cyli.dat
1 0 23.9556 -110.8630 168.6128 1.5009 -1.8202 -0.4175 0.8347 3.5123 0.0714 0.3343 -0.5977 1.6978 1-4cyli.dat
1 0 22.0371 -111.6264 169.9763 1.5009 -1.8202 -0.4175 0.8347 3.5123 0.0714 0.3343 -0.5977 1.6978 3-4cyli.dat
2 24 26.963 -112.794 169.315 25.103 -109.288 168.809
2 24 25.808 -113.693 167.319 23.948 -110.188 166.813
2 24 25.101 -113.576 170.745 23.241 -110.070 170.239
2 24 23.947 -114.476 168.750 22.087 -110.970 168.243
2 24 28.825 -112.011 167.885 26.964 -108.506 167.379
2 24 27.670 -112.911 165.889 25.810 -109.405 165.383
1 0 29.1779 -112.0697 166.1726 -1.5080 -1.8602 0.3534 -0.8409 3.5057 -0.0586 -0.2827 -0.5061 -1.7128 3-4cyli.dat
1 0 27.3163 -112.8521 167.6028 -1.5080 -1.8602 0.3534 -0.8409 3.5057 -0.0586 -0.2827 -0.5061 -1.7128 1-4cyli.dat
1 0 27.3163 -112.8521 167.6028 1.5080 -1.8602 -0.3534 0.8409 3.5057 0.0586 0.2827 -0.5061 1.7128 1-4cyli.dat
1 0 25.4555 -113.6342 169.0324 -1.5080 -1.8602 0.3534 -0.8409 3.5057 -0.0586 -0.2827 -0.5061 -1.7128 1-4cyli.dat
1 0 25.4555 -113.6342 169.0324 1.5080 -1.8602 -0.3534 0.8409 3.5057 0.0586 0.2827 -0.5061 1.7128 1-4cyli.dat
1 0 23.5939 -114.4166 170.4626 1.5080 -1.8602 -0.3534 0.8409 3.5057 0.0586 0.2827 -0.5061 1.7128 3-4cyli.dat
2 24 28.498 -115.551 169.614 26.599 -112.053 169.199
2 24 27.271 -116.447 167.660 25.373 -112.950 167.246
2 24 26.698 -116.351 171.112 24.800 -112.854 170.697
2 24 25.471 -117.247 169.158 23.573 -113.750 168.744
2 24 30.297 -114.750 168.116 28.399 -111.253 167.701
2 24 29.071 -115.646 166.162 27.172 -112.149 165.748
1 0 30.5837 -114.7979 166.3908 -1.5131 -1.8982 0.2864 -0.8483 3.4973 -0.0479 -0.2279 -0.4144 -1.7256 3-4cyli.dat
1 0 28.7840 -115.5984 167.8887 -1.5131 -1.8982 0.2864 -0.8483 3.4973 -0.0479 -0.2279 -0.4144 -1.7256 1-4cyli.dat
1 0 28.7840 -115.5984 167.8887 1.5131 -1.8982 -0.2864 0.8483 3.4973 0.0479 0.2279 -0.4144 1.7256 1-4cyli.dat
1 0 26.9851 -116.3985 169.3859 -1.5131 -1.8982 0.2864 -0.8483 3.4973 -0.0479 -0.2279 -0.4144 -1.7256 1-4cyli.dat
1 0 26.9851 -116.3985 169.3859 1.5131 -1.8982 -0.2864 0.8483 3.4973 0.0479 0.2279 -0.4144 1.7256 1-4cyli.dat
1 0 25.1854 -117.1989 170.8838 1.5131 -1.8982 -0.2864 0.8483 3.4973 0.0479 0.2279 -0.4144 1.7256 3-4cyli.dat
2 24 30.070 -118.296 169.821 28.132 -114.810 169.508
2 24 28.764 -119.192 167.918 26.826 -115.706 167.606
2 24 28.343 -119.116 171.392 26.405 -115.630 171.079
2 24 27.038 -120.012 169.490 25.100 -116.526 169.177
2 24 31.796 -117.476 168.249 29.858 -113.990 167.936
2 24 30.491 -118.372 166.347 28.553 -114.886 166.034
1 0 32.0067 -117.5139 166.5128 -1.5159 -1.9381 0.2105 -0.8577 3.4859 -0.0378 -0.1653 -0.3128 -1.7368 3-4cyli.dat
1 0 30.2801 -118.3339 168.0844 -1.5159 -1.9381 0.2105 -0.8577 3.4859 -0.0378 -0.1653 -0.3128 -1.7368 1-4cyli.dat
1 0 30.2801 -118.3339 168.0844 1.5159 -1.9381 -0.2105 0.8577 3.4859 0.0378 0.1653 -0.3128 1.7368 1-4cyli.dat
1 0 28.5543 -119.1536 169.6554 -1.5159 -1.9381 0.2105 -0.8577 3.4859 -0.0378 -0.1653 -0.3128 -1.7368 1-4cyli.dat
1 0 28.5543 -119.1536 169.6554 1.5159 -1.9381 -0.2105 0.8577 3.4859 0.0378 0.1653 -0.3128 1.7368 1-4cyli.dat
1 0 26.8278 -119.9736 171.2270 1.5159 -1.9381 -0.2105 0.8577 3.4859 0.0378 0.1653 -0.3128 1.7368 3-4cyli.dat
2 24 31.798 -121.246 169.953 29.819 -117.775 169.751
2 24 30.408 -122.144 168.113 28.429 -118.673 167.911
2 24 30.157 -122.086 171.604 28.179 -118.615 171.402
2 24 28.767 -122.985 169.764 26.788 -119.514 169.562
2 24 33.439 -120.405 168.302 31.460 -116.934 168.100
2 24 32.049 -121.304 166.462 30.070 -117.833 166.260
1 0 33.5639 -120.4340 166.5571 -1.5153 -1.9789 0.1252 -0.8695 3.4711 -0.0289 -0.0945 -0.2017 -1.7452 3-4cyli.dat
1 0 31.9232 -121.2746 168.2080 -1.5153 -1.9789 0.1252 -0.8695 3.4711 -0.0289 -0.0945 -0.2017 -1.7452 1-4cyli.dat
1 0 31.9232 -121.2746 168.2080 1.5153 -1.9789 -0.1252 0.8695 3.4711 0.0289 0.0945 -0.2017 1.7452 1-4cyli.dat
1 0 30.2833 -122.1148 169.8582 -1.5153 -1.9789 0.1252 -0.8695 3.4711 -0.0289 -0.0945 -0.2017 -1.7452 1-4cyli.dat
1 0 30.2833 -122.1148 169.8582 1.5153 -1.9789 -0.1252 0.8695 3.4711 0.0289 0.0945 -0.2017 1.7452 1-4cyli.dat
1 0 28.6426 -122.9554 171.5090 1.5153 -1.9789 -0.1252 0.8695 3.4711 0.0289 0.0945 -0.2017 1.7452 3-4cyli.dat
2 24 33.422 -123.965 170.000 31.411 -120.508 169.892
2 24 31.958 -124.871 168.222 29.947 -121.414 168.114
2 24 31.862 -124.819 171.721 29.851 -121.363 171.612
2 24 30.398 -125.726 169.943 28.387 -122.269 169.834
2 24 34.982 -123.110 168.280 32.971 -119.653 168.171
2 24 33.518 -124.016 166.501 31.507 -120.559 166.393
1 0 35.0296 -123.1356 166.5309 -1.5116 -2.0109 0.0481 -0.8804 3.4567 -0.0257 -0.0287 -0.1082 -1.7491 3-4cyli.dat
1 0 33.4698 -123.9904 168.2514 -1.5116 -2.0109 0.0481 -0.8804 3.4567 -0.0257 -0.0287 -0.1082 -1.7491 1-4cyli.dat
1 0 33.4698 -123.9904 168.2514 1.5116 -2.0109 -0.0481 0.8804 3.4567 0.0257 0.0287 -0.1082 1.7491 1-4cyli.dat
1 0 31.9106 -124.8447 169.9713 -1.5116 -2.0109 0.0481 -0.8804 3.4567 -0.0257 -0.0287 -0.1082 -1.7491 1-4cyli.dat
1 0 31.9106 -124.8447 169.9713 1.5116 -2.0109 -0.0481 0.8804 3.4567 0.0257 0.0287 -0.1082 1.7491 1-4cyli.dat
1 0 30.3508 -125.6995 171.6918 1.5116 -2.0109 -0.0481 0.8804 3.4567 0.0257 0.0287 -0.1082 1.7491 3-4cyli.dat
2 24 35.072 -126.667 169.961 33.030 -123.227 169.949
2 24 33.534 -127.585 168.253 31.492 -124.145 168.241
2 24 33.602 -127.535 171.752 31.560 -124.095 171.741
2 24 32.064 -128.453 170.044 30.022 -125.013 170.033
2 24 36.542 -125.799 168.169 34.500 -122.359 168.158
2 24 35.004 -126.717 166.461 32.962 -123.277 166.450
1 0 36.5085 -125.8244 166.4202 -1.5040 -2.0420 -0.0340 -0.8928 3.4401 -0.0250 0.0419 -0.0114 -1.7495 3-4cyli.dat
1 0 35.0383 -126.6923 168.2117 -1.5040 -2.0420 -0.0340 -0.8928 3.4401 -0.0250 0.0419 -0.0114 -1.7495 1-4cyli.dat
1 0 35.0383 -126.6923 168.2117 1.5040 -2.0420 0.0340 0.8928 3.4401 0.0250 -0.0419 -0.0114 1.7495 1-4cyli.dat
1 0 33.5688 -127.5598 170.0024 -1.5040 -2.0420 -0.0340 -0.8928 3.4401 -0.0250 0.0419 -0.0114 -1.7495 1-4cyli.dat
1 0 33.5688 -127.5598 170.0024 1.5040 -2.0420 0.0340 0.8928 3.4401 0.0250 -0.0419 -0.0114 1.7495 1-4cyli.dat
1 0 32.0986 -128.4277 171.7939 1.5040 -2.0420 0.0340 0.8928 3.4401 0.0250 -0.0419 -0.0114 1.7495 3-4cyli.dat
2 24 36.748 -129.353 169.836 34.674 -125.933 169.931
2 24 35.132 -130.287 168.212 33.058 -126.867 168.307
2 24 35.382 -130.234 171.703 33.308 -126.814 171.797
2 24 33.766 -131.168 170.078 31.692 -127.748 170.173
2 24 38.113 -128.471 167.970 36.040 -125.052 168.065
2 24 36.497 -129.406 166.346 34.424 -125.986 166.440
1 0 37.9884 -128.4978 166.2255 -1.4909 -2.0736 -0.1252 -0.9076 3.4198 -0.0265 0.1206 0.0949 -1.7453 3-4cyli.dat
1 0 36.6226 -129.3790 168.0916 -1.4909 -2.0736 -0.1252 -0.9076 3.4198 -0.0265 0.1206 0.0949 -1.7453 1-4cyli.dat
1 0 36.6226 -129.3790 168.0916 1.4909 -2.0736 0.1252 0.9076 3.4198 0.0265 -0.1206 0.0949 1.7453 1-4cyli.dat
1 0 35.2573 -130.2598 169.9570 -1.4909 -2.0736 -0.1252 -0.9076 3.4198 -0.0265 0.1206 0.0949 -1.7453 1-4cyli.dat
1 0 35.2573 -130.2598 169.9570 1.4909 -2.0736 0.1252 0.9076 3.4198 0.0265 -0.1206 0.0949 1.7453 1-4cyli.dat
1 0 33.8915 -131.1409 171.8232 1.4909 -2.0736 0.1252 0.9076 3.4198 0.0265 -0.1206 0.0949 1.7453 3-4cyli.dat
2 24 38.438 -132.020 169.637 36.340 -128.619 169.823
2 24 36.755 -132.974 168.093 34.657 -129.573 168.279
2 24 37.172 -132.909 171.568 35.073 -129.508 171.754
2 24 35.489 -133.862 170.025 33.390 -130.462 170.211
2 24 39.705 -131.131 167.705 37.606 -127.731 167.891
2 24 38.022 -132.085 166.162 35.923 -128.684 166.348
1 0 39.4969 -131.1639 165.9684 -1.4748 -2.0986 -0.2082 -0.9210 3.4007 -0.0325 0.1940 0.1861 -1.7373 3-4cyli.dat
1 0 38.2302 -132.0525 167.8998 -1.4748 -2.0986 -0.2082 -0.9210 3.4007 -0.0325 0.1940 0.1861 -1.7373 1-4cyli.dat
1 0 38.2302 -132.0525 167.8998 1.4748 -2.0986 0.2082 0.9210 3.4007 0.0325 -0.1940 0.1861 1.7373 1-4cyli.dat
1 0 36.9640 -132.9407 169.8305 -1.4748 -2.0986 -0.2082 -0.9210 3.4007 -0.0325 0.1940 0.1861 -1.7373 1-4cyli.dat
1 0 36.9640 -132.9407 169.8305 1.4748 -2.0986 0.2082 0.9210 3.4007 0.0325 -0.1940 0.1861 1.7373 1-4cyli.dat
1 0 35.6973 -133.8293 171.7620 1.4748 -2.0986 0.2082 0.9210 3.4007 0.0325 -0.1940 0.1861 1.7373 3-4cyli.dat
2 24 40.295 -134.870 169.301 38.164 -131.500 169.617
2 24 38.528 -135.853 167.872 36.398 -132.482 168.188
2 24 39.169 -135.771 171.313 37.039 -132.400 171.628
2 24 37.403 -136.753 169.884 35.272 -133.383 170.200
2 24 41.420 -133.970 167.289 39.289 -130.599 167.605
2 24 39.653 -134.952 165.861 37.523 -131.581 166.176
1 0 41.0993 -134.0101 165.5696 -1.4456 -2.1308 -0.3205 -0.9414 3.3709 -0.0406 0.2917 0.3158 -1.7200 3-4cyli.dat
1 0 39.9741 -134.9110 167.5814 -1.4456 -2.1308 -0.3205 -0.9414 3.3709 -0.0406 0.2917 0.3158 -1.7200 1-4cyli.dat
1 0 39.9741 -134.9110 167.5814 1.4456 -2.1308 0.3205 0.9414 3.3709 0.0406 -0.2917 0.3158 1.7200 1-4cyli.dat
1 0 38.8494 -135.8115 169.5924 -1.4456 -2.1308 -0.3205 -0.9414 3.3709 -0.0406 0.2917 0.3158 -1.7200 1-4cyli.dat
1 0 38.8494 -135.8115 169.5924 1.4456 -2.1308 0.3205 0.9414 3.3709 0.0406 -0.2917 0.3158 1.7200 1-4cyli.dat
1 0 37.7243 -136.7124 171.6042 1.4456 -2.1308 0.3205 0.9414 3.3709 0.0406 -0.2917 0.3158 1.7200 3-4cyli.dat
2 24 42.018 -137.495 168.933 39.868 -134.145 169.334
2 24 40.196 -138.504 167.596 38.046 -135.154 167.997
2 24 41.000 -138.397 171.001 38.850 -135.047 171.402
2 24 39.178 -139.405 169.664 37.029 -136.056 170.065
2 24 43.035 -136.594 166.865 40.886 -133.244 167.266
2 24 41.213 -137.603 165.528 39.064 -134.253 165.929
1 0 42.6333 -136.6474 165.1632 -1.4196 -2.1496 -0.4021 -0.9550 3.3498 -0.0537 0.3656 0.4005 -1.7024 3-4cyli.dat
1 0 41.6157 -137.5488 167.2313 -1.4196 -2.1496 -0.4021 -0.9550 3.3498 -0.0537 0.3656 0.4005 -1.7024 1-4cyli.dat
1 0 41.6157 -137.5488 167.2313 1.4196 -2.1496 0.4021 0.9550 3.3498 0.0537 -0.3656 0.4005 1.7024 1-4cyli.dat
1 0 40.5985 -138.4499 169.2986 -1.4196 -2.1496 -0.4021 -0.9550 3.3498 -0.0537 0.3656 0.4005 -1.7024 1-4cyli.dat
1 0 40.5985 -138.4499 169.2986 1.4196 -2.1496 0.4021 0.9550 3.3498 0.0537 -0.3656 0.4005 1.7024 1-4cyli.dat
1 0 39.5810 -139.3513 171.3668 1.4196 -2.1496 0.4021 0.9550 3.3498 0.0537 -0.3656 0.4005 1.7024 3-4cyli.dat
2 24 43.762 -140.091 168.459 41.591 -136.770 168.968
2 24 41.879 -141.134 167.238 39.708 -137.813 167.747
2 24 42.882 -140.994 170.589 40.711 -137.673 171.098
2 24 41.000 -142.037 169.368 38.828 -138.716 169.877
2 24 44.642 -139.188 166.329 42.471 -135.867 166.838
2 24 42.759 -140.231 165.108 40.588 -136.911 165.617
1 0 44.1406 -139.2582 164.6545 -1.3811 -2.1714 -0.5015 -0.9731 3.3208 -0.0704 0.4545 0.5090 -1.6752 3-4cyli.dat
1 0 43.2609 -140.1610 166.7844 -1.3811 -2.1714 -0.5015 -0.9731 3.3208 -0.0704 0.4545 0.5090 -1.6752 1-4cyli.dat
1 0 43.2609 -140.1610 166.7844 1.3811 -2.1714 0.5015 0.9731 3.3208 0.0704 -0.4545 0.5090 1.6752 1-4cyli.dat
1 0 42.3815 -141.0635 168.9135 -1.3811 -2.1714 -0.5015 -0.9731 3.3208 -0.0704 0.4545 0.5090 -1.6752 1-4cyli.dat
1 0 42.3815 -141.0635 168.9135 1.3811 -2.1714 0.5015 0.9731 3.3208 0.0704 -0.4545 0.5090 1.6752 1-4cyli.dat
1 0 41.5017 -141.9663 171.0434 1.3811 -2.1714 0.5015 0.9731 3.3208 0.0704 -0.4545 0.5090 1.6752 3-4cyli.dat
2 24 45.511 -142.667 167.923 43.323 -139.373 168.525
2 24 43.581 -143.746 166.812 41.393 -140.452 167.414
2 24 44.760 -143.566 170.103 42.572 -140.271 170.705
2 24 42.830 -144.644 168.993 40.642 -141.350 169.595
2 24 46.262 -141.769 165.742 44.075 -138.474 166.344
2 24 44.332 -142.847 164.632 42.144 -139.553 165.234
1 0 45.6729 -141.8587 164.0973 -1.3407 -2.1878 -0.5897 -0.9886 3.2943 -0.0902 0.5350 0.6022 -1.6453 3-4cyli.dat
1 0 44.9218 -142.7572 166.2777 -1.3407 -2.1878 -0.5897 -0.9886 3.2943 -0.0902 0.5350 0.6022 -1.6453 1-4cyli.dat
1 0 44.9218 -142.7572 166.2777 1.3407 -2.1878 0.5897 0.9886 3.2943 0.0902 -0.5350 0.6022 1.6453 1-4cyli.dat
1 0 44.1710 -143.6553 168.4573 -1.3407 -2.1878 -0.5897 -0.9886 3.2943 -0.0902 0.5350 0.6022 -1.6453 1-4cyli.dat
1 0 44.1710 -143.6553 168.4573 1.3407 -2.1878 0.5897 0.9886 3.2943 0.0902 -0.5350 0.6022 1.6453 1-4cyli.dat
1 0 43.4198 -144.5537 170.6377 1.3407 -2.1878 0.5897 0.9886 3.2943 0.0902 -0.5350 0.6022 1.6453 3-4cyli.dat
2 24 47.271 -145.214 167.293 45.068 -141.951 167.996
2 24 45.297 -146.334 166.305 43.094 -143.070 167.009
2 24 46.663 -146.106 169.520 44.460 -142.842 170.224
2 24 44.690 -147.225 168.533 42.486 -143.962 169.236
2 24 47.879 -144.323 165.065 45.676 -141.059 165.769
2 24 45.905 -145.442 164.078 43.702 -142.179 164.781
1 0 47.1964 -144.4368 163.4584 -1.2907 -2.2033 -0.6829 -1.0054 3.2637 -0.1140 0.6200 0.7035 -1.6073 3-4cyli.dat
1 0 46.5885 -145.3283 165.6859 -1.2907 -2.2033 -0.6829 -1.0054 3.2637 -0.1140 0.6200 0.7035 -1.6073 1-4cyli.dat
1 0 46.5885 -145.3283 165.6859 1.2907 -2.2033 0.6829 1.0054 3.2637 0.1140 -0.6200 0.7035 1.6073 1-4cyli.dat
1 0 45.9810 -146.2194 167.9125 -1.2907 -2.2033 -0.6829 -1.0054 3.2637 -0.1140 0.6200 0.7035 -1.6073 1-4cyli.dat
1 0 45.9810 -146.2194 167.9125 1.2907 -2.2033 0.6829 1.0054 3.2637 0.1140 -0.6200 0.7035 1.6073 1-4cyli.dat
1 0 45.3731 -147.1109 170.1400 1.2907 -2.2033 0.6829 1.0054 3.2637 0.1140 -0.6200 0.7035 1.6073 3-4cyli.dat
2 24 49.174 -147.938 166.536 46.958 -144.707 167.341
2 24 47.166 -149.101 165.677 44.950 -145.870 166.483
2 24 48.716 -148.819 168.803 46.500 -145.587 169.608
2 24 46.708 -149.982 167.945 44.491 -146.751 168.750
2 24 49.633 -147.057 164.268 47.417 -143.826 165.074
2 24 47.625 -148.221 163.410 45.408 -144.990 164.215
1 0 48.8583 -147.1988 162.7061 -1.2332 -2.2164 -0.7748 -1.0219 3.2311 -0.1414 0.7043 0.8053 -1.5628 3-4cyli.dat
1 0 48.3999 -148.0794 164.9735 -1.2332 -2.2164 -0.7748 -1.0219 3.2311 -0.1414 0.7043 0.8053 -1.5628 1-4cyli.dat
1 0 48.3999 -148.0794 164.9735 1.2332 -2.2164 0.7748 1.0219 3.2311 0.1414 -0.7043 0.8053 1.5628 1-4cyli.dat
1 0 47.9416 -148.9596 167.2399 -1.2332 -2.2164 -0.7748 -1.0219 3.2311 -0.1414 0.7043 0.8053 -1.5628 1-4cyli.dat
1 0 47.9416 -148.9596 167.2399 1.2332 -2.2164 0.7748 1.0219 3.2311 0.1414 -0.7043 0.8053 1.5628 1-4cyli.dat
1 0 47.4831 -149.8401 169.5072 1.2332 -2.2164 0.7748 1.0219 3.2311 0.1414 -0.7043 0.8053 1.5628 3-4cyli.dat
2 24 50.945 -150.424 165.726 48.716 -147.233 166.649
2 24 48.910 -151.639 165.014 46.681 -148.448 165.938
2 24 50.658 -151.290 168.027 48.430 -148.099 168.950
2 24 48.623 -152.506 167.315 46.395 -149.315 168.239
2 24 51.231 -149.557 163.425 49.003 -146.366 164.348
2 24 49.196 -150.773 162.714 46.968 -147.581 163.637
1 0 50.3571 -149.7316 161.9195 -1.1605 -2.2283 -0.8742 -1.0407 3.1911 -0.1743 0.7946 0.9233 -1.5060 3-4cyli.dat
1 0 50.0708 -150.5981 164.2203 -1.1605 -2.2283 -0.8742 -1.0407 3.1911 -0.1743 0.7946 0.9233 -1.5060 1-4cyli.dat
1 0 50.0708 -150.5981 164.2203 1.1605 -2.2283 0.8742 1.0407 3.1911 0.1743 -0.7946 0.9233 1.5060 1-4cyli.dat
1 0 49.7846 -151.4643 166.5202 -1.1605 -2.2283 -0.8742 -1.0407 3.1911 -0.1743 0.7946 0.9233 -1.5060 1-4cyli.dat
1 0 49.7846 -151.4643 166.5202 1.1605 -2.2283 0.8742 1.0407 3.1911 0.1743 -0.7946 0.9233 1.5060 1-4cyli.dat
1 0 49.4982 -152.3308 168.8211 1.1605 -2.2283 0.8742 1.0407 3.1911 0.1743 -0.7946 0.9233 1.5060 3-4cyli.dat
2 24 52.714 -152.882 164.841 50.478 -149.726 165.863
2 24 50.666 -154.145 164.262 48.431 -150.989 165.283
2 24 52.580 -153.730 167.163 50.344 -150.574 168.185
2 24 50.532 -154.992 166.583 48.297 -151.837 167.605
2 24 52.848 -152.035 162.520 50.612 -148.879 163.541
2 24 50.800 -153.297 161.940 48.565 -150.142 162.962
1 0 51.8914 -152.2421 161.0694 -1.0907 -2.2355 -0.9567 -1.0551 3.1558 -0.2076 0.8710 1.0218 -1.4506 3-4cyli.dat
1 0 51.7574 -153.0896 163.3911 -1.0907 -2.2355 -0.9567 -1.0551 3.1558 -0.2076 0.8710 1.0218 -1.4506 1-4cyli.dat
1 0 51.7574 -153.0896 163.3911 1.0907 -2.2355 0.9567 1.0551 3.1558 0.2076 -0.8710 1.0218 1.4506 1-4cyli.dat
1 0 51.6233 -153.9368 165.7119 -1.0907 -2.2355 -0.9567 -1.0551 3.1558 -0.2076 0.8710 1.0218 -1.4506 1-4cyli.dat
1 0 51.6233 -153.9368 165.7119 1.0907 -2.2355 0.9567 1.0551 3.1558 0.2076 -0.8710 1.0218 1.4506 1-4cyli.dat
1 0 51.4893 -154.7844 168.0337 1.0907 -2.2355 0.9567 1.0551 3.1558 0.2076 -0.8710 1.0218 1.4506 3-4cyli.dat
2 24 54.480 -155.318 163.899 52.240 -152.195 165.009
2 24 52.430 -156.626 163.442 50.190 -153.503 164.552
2 24 54.487 -156.143 166.232 52.248 -153.020 167.342
2 24 52.437 -157.451 165.776 50.197 -154.328 166.886
2 24 54.473 -154.492 161.565 52.233 -151.370 162.675
2 24 52.423 -155.801 161.108 50.183 -152.678 162.218
1 0 53.4451 -154.7338 160.1702 -1.0214 -2.2399 -1.0285 -1.0666 3.1227 -0.2415 0.9384 1.1100 -1.3951 3-4cyli.dat
1 0 53.4522 -155.5590 162.5039 -1.0214 -2.2399 -1.0285 -1.0666 3.1227 -0.2415 0.9384 1.1100 -1.3951 1-4cyli.dat
1 0 53.4522 -155.5590 162.5039 1.0214 -2.2399 1.0285 1.0666 3.1227 0.2415 -0.9384 1.1100 1.3951 1-4cyli.dat
1 0 53.4593 -156.3839 164.8366 -1.0214 -2.2399 -1.0285 -1.0666 3.1227 -0.2415 0.9384 1.1100 -1.3951 1-4cyli.dat
1 0 53.4593 -156.3839 164.8366 1.0214 -2.2399 1.0285 1.0666 3.1227 0.2415 -0.9384 1.1100 1.3951 1-4cyli.dat
1 0 53.4663 -157.2090 167.1703 1.0214 -2.2399 1.0285 1.0666 3.1227 0.2415 -0.9384 1.1100 1.3951 3-4cyli.dat
2 24 56.244 -157.714 162.859 54.001 -154.633 164.073
2 24 54.202 -159.075 162.540 51.959 -155.993 163.754
2 24 56.411 -158.514 165.196 54.169 -155.432 166.410
2 24 54.369 -159.874 164.876 52.126 -156.792 166.090
2 24 56.077 -156.915 160.522 53.834 -153.833 161.736
2 24 54.034 -158.275 160.203 51.792 -155.194 161.417
1 0 54.9723 -157.1953 159.1947 -0.9374 -2.2426 -1.1046 -1.0798 3.0818 -0.2804 1.0085 1.2141 -1.3280 3-4cyli.dat
1 0 55.1396 -157.9947 161.5314 -0.9374 -2.2426 -1.1046 -1.0798 3.0818 -0.2804 1.0085 1.2141 -1.3280 1-4cyli.dat
1 0 55.1396 -157.9947 161.5314 0.9374 -2.2426 1.1046 1.0798 3.0818 0.2804 -1.0085 1.2141 1.3280 1-4cyli.dat
1 0 55.3068 -158.7938 163.8672 -0.9374 -2.2426 -1.1046 -1.0798 3.0818 -0.2804 1.0085 1.2141 -1.3280 1-4cyli.dat
1 0 55.3068 -158.7938 163.8672 0.9374 -2.2426 1.1046 1.0798 3.0818 0.2804 -1.0085 1.2141 1.3280 1-4cyli.dat
1 0 55.4741 -159.5932 166.2039 0.9374 -2.2426 1.1046 1.0798 3.0818 0.2804 -1.0085 1.2141 1.3280 3-4cyli.dat
2 24 58.142 -160.272 161.670 55.900 -157.231 162.983
2 24 56.118 -161.683 161.481 53.876 -158.642 162.794
2 24 58.462 -161.043 164.000 56.219 -158.002 165.313
2 24 56.438 -162.454 163.811 54.195 -159.413 165.124
2 24 57.822 -159.502 159.339 55.580 -156.461 160.652
2 24 55.798 -160.913 159.150 53.556 -157.872 160.463
1 0 56.6506 -159.8216 158.0802 -0.8520 -2.2424 -1.1718 -1.0908 3.0411 -0.3201 1.0706 1.3128 -1.2596 3-4cyli.dat
1 0 56.9705 -160.5924 160.4106 -0.8520 -2.2424 -1.1718 -1.0908 3.0411 -0.3201 1.0706 1.3128 -1.2596 1-4cyli.dat
1 0 56.9705 -160.5924 160.4106 0.8520 -2.2424 1.1718 1.0908 3.0411 0.3201 -1.0706 1.3128 1.2596 1-4cyli.dat
1 0 57.2902 -161.3628 162.7401 -0.8520 -2.2424 -1.1718 -1.0908 3.0411 -0.3201 1.0706 1.3128 -1.2596 1-4cyli.dat
1 0 57.2902 -161.3628 162.7401 0.8520 -2.2424 1.1718 1.0908 3.0411 0.3201 -1.0706 1.3128 1.2596 1-4cyli.dat
1 0 57.6100 -162.1336 165.0706 0.8520 -2.2424 1.1718 1.0908 3.0411 0.3201 -1.0706 1.3128 1.2596 3-4cyli.dat
2 24 59.892 -162.604 160.480 57.652 -159.608 161.897
2 24 57.897 -164.068 160.423 55.658 -161.071 161.839
2 24 60.367 -163.343 162.795 58.127 -160.347 164.211
2 24 58.372 -164.807 162.737 56.133 -161.810 164.153
2 24 59.416 -161.865 158.166 57.177 -158.869 159.583
2 24 57.422 -163.329 158.108 55.182 -160.332 159.525
1 0 58.1820 -162.2271 156.9808 -0.7596 -2.2394 -1.2348 -1.1012 2.9965 -0.3622 1.1281 1.4164 -1.1859 3-4cyli.dat
1 0 58.6573 -162.9662 159.2949 -0.7596 -2.2394 -1.2348 -1.1012 2.9965 -0.3622 1.1281 1.4164 -1.1859 1-4cyli.dat
1 0 58.6573 -162.9662 159.2949 0.7596 -2.2394 1.2348 1.1012 2.9965 0.3622 -1.1281 1.4164 1.1859 1-4cyli.dat
1 0 59.1323 -163.7049 161.6081 -0.7596 -2.2394 -1.2348 -1.1012 2.9965 -0.3622 1.1281 1.4164 -1.1859 1-4cyli.dat
1 0 59.1323 -163.7049 161.6081 0.7596 -2.2394 1.2348 1.1012 2.9965 0.3622 -1.1281 1.4164 1.1859 1-4cyli.dat
1 0 59.6076 -164.4440 163.9223 0.7596 -2.2394 1.2348 1.1012 2.9965 0.3622 -1.1281 1.4164 1.1859 3-4cyli.dat
2 24 61.630 -164.893 159.199 59.397 -161.946 160.724
2 24 59.677 -166.411 159.271 57.444 -163.463 160.796
2 24 62.262 -165.598 161.486 60.029 -162.650 163.011
2 24 60.308 -167.115 161.559 58.075 -164.168 163.083
2 24 60.998 -164.189 156.912 58.765 -161.241 158.436
2 24 59.045 -165.706 156.984 56.812 -162.759 158.509
1 0 59.7058 -164.5951 155.8048 -0.6606 -2.2330 -1.2925 -1.1109 2.9477 -0.4063 1.1797 1.5246 -1.1074 3-4cyli.dat
1 0 60.3378 -165.2996 158.0921 -0.6606 -2.2330 -1.2925 -1.1109 2.9477 -0.4063 1.1797 1.5246 -1.1074 1-4cyli.dat
1 0 60.3378 -165.2996 158.0921 0.6606 -2.2330 1.2925 1.1109 2.9477 0.4063 -1.1797 1.5246 1.1074 1-4cyli.dat
1 0 60.9695 -166.0039 160.3784 -0.6606 -2.2330 -1.2925 -1.1109 2.9477 -0.4063 1.1797 1.5246 -1.1074 1-4cyli.dat
1 0 60.9695 -166.0039 160.3784 0.6606 -2.2330 1.2925 1.1109 2.9477 0.4063 -1.1797 1.5246 1.1074 1-4cyli.dat
1 0 61.6014 -166.7085 162.6657 0.6606 -2.2330 1.2925 1.1109 2.9477 0.4063 -1.1797 1.5246 1.1074 3-4cyli.dat
2 24 63.359 -167.154 157.860 61.135 -164.251 159.479
2 24 61.452 -168.719 158.045 59.227 -165.816 159.664
2 24 64.128 -167.824 160.116 61.903 -164.920 161.735
2 24 62.220 -169.389 160.301 59.995 -166.486 161.920
2 24 62.591 -166.484 155.604 60.367 -163.581 157.223
2 24 60.684 -168.050 155.789 58.459 -165.146 157.408
1 0 61.2538 -166.9320 154.5689 -0.5696 -2.2247 -1.3378 -1.1173 2.9032 -0.4478 1.2204 1.6192 -1.0352 3-4cyli.dat
1 0 62.0221 -167.6016 156.8248 -0.5696 -2.2247 -1.3378 -1.1173 2.9032 -0.4478 1.2204 1.6192 -1.0352 1-4cyli.dat
1 0 62.0221 -167.6016 156.8248 0.5696 -2.2247 1.3378 1.1173 2.9032 0.4478 -1.2204 1.6192 1.0352 1-4cyli.dat
1 0 62.7901 -168.2709 159.0797 -0.5696 -2.2247 -1.3378 -1.1173 2.9032 -0.4478 1.2204 1.6192 -1.0352 1-4cyli.dat
1 0 62.7901 -168.2709 159.0797 0.5696 -2.2247 1.3378 1.1173 2.9032 0.4478 -1.2204 1.6192 1.0352 1-4cyli.dat
1 0 63.5583 -168.9405 161.3356 0.5696 -2.2247 1.3378 1.1173 2.9032 0.4478 -1.2204 1.6192 1.0352 3-4cyli.dat
2 24 65.078 -169.380 156.451 62.863 -166.519 158.159
2 24 63.221 -170.989 156.738 61.006 -168.129 158.446
2 24 65.971 -170.014 158.671 63.756 -167.154 160.379
2 24 64.113 -171.624 158.958 61.899 -168.763 160.666
2 24 64.185 -168.745 154.231 61.971 -165.885 155.939
2 24 62.328 -170.355 154.518 60.114 -167.495 156.226
1 0 62.8110 -169.2327 153.2651 -0.4823 -2.2145 -1.3748 -1.1219 2.8601 -0.4877 1.2535 1.7075 -0.9663 3-4cyli.dat
1 0 63.7036 -169.8670 155.4851 -0.4823 -2.2145 -1.3748 -1.1219 2.8601 -0.4877 1.2535 1.7075 -0.9663 1-4cyli.dat
1 0 63.7036 -169.8670 155.4851 0.4823 -2.2145 1.3748 1.1219 2.8601 0.4877 -1.2535 1.7075 0.9663 1-4cyli.dat
1 0 64.5958 -170.5010 157.7041 -0.4823 -2.2145 -1.3748 -1.1219 2.8601 -0.4877 1.2535 1.7075 -0.9663 1-4cyli.dat
1 0 64.5958 -170.5010 157.7041 0.4823 -2.2145 1.3748 1.1219 2.8601 0.4877 -1.2535 1.7075 0.9663 1-4cyli.dat
1 0 65.4885 -171.1353 159.9241 0.4823 -2.2145 1.3748 1.1219 2.8601 0.4877 -1.2535 1.7075 0.9663 3-4cyli.dat
2 24 66.779 -171.565 154.966 64.579 -168.756 156.775
2 24 64.985 -173.223 155.358 62.785 -170.414 157.166
2 24 67.804 -172.161 157.139 65.604 -169.353 158.948
2 24 66.009 -173.819 157.530 63.809 -171.011 159.339
2 24 65.754 -170.968 152.793 63.554 -168.160 154.602
2 24 63.960 -172.626 153.185 61.760 -169.818 154.994
1 0 64.3452 -171.4986 151.9029 -0.3848 -2.2000 -1.4096 -1.1273 2.8085 -0.5308 1.2821 1.8089 -0.8905 3-4cyli.dat
1 0 65.3700 -172.0951 154.0757 -0.3848 -2.2000 -1.4096 -1.1273 2.8085 -0.5308 1.2821 1.8089 -0.8905 1-4cyli.dat
1 0 65.3700 -172.0951 154.0757 0.3848 -2.2000 1.4096 1.1273 2.8085 0.5308 -1.2821 1.8089 0.8905 1-4cyli.dat
1 0 66.3945 -172.6914 156.2476 -0.3848 -2.2000 -1.4096 -1.1273 2.8085 -0.5308 1.2821 1.8089 -0.8905 1-4cyli.dat
1 0 66.3945 -172.6914 156.2476 0.3848 -2.2000 1.4096 1.1273 2.8085 0.5308 -1.2821 1.8089 0.8905 1-4cyli.dat
1 0 67.4193 -173.2880 158.4204 0.3848 -2.2000 1.4096 1.1273 2.8085 0.5308 -1.2821 1.8089 0.8905 3-4cyli.dat
2 24 68.467 -173.713 153.414 66.283 -170.952 155.312
2 24 66.735 -175.414 153.894 64.551 -172.652 155.792
2 24 69.606 -174.273 155.539 67.421 -171.512 157.437
2 24 67.874 -175.974 156.020 65.689 -173.212 157.917
2 24 67.329 -173.153 151.288 65.144 -170.391 153.186
2 24 65.597 -174.853 151.769 63.412 -172.092 153.666
1 0 65.8943 -173.7228 150.4660 -0.2969 -2.1846 -1.4352 -1.1303 2.7613 -0.5702 1.3027 1.8979 -0.8226 3-4cyli.dat
1 0 67.0327 -174.2829 152.5915 -0.2969 -2.1846 -1.4352 -1.1303 2.7613 -0.5702 1.3027 1.8979 -0.8226 1-4cyli.dat
1 0 67.0327 -174.2829 152.5915 0.2969 -2.1846 1.4352 1.1303 2.7613 0.5702 -1.3027 1.8979 0.8226 1-4cyli.dat
1 0 68.1706 -174.8427 154.7161 -0.2969 -2.1846 -1.4352 -1.1303 2.7613 -0.5702 1.3027 1.8979 -0.8226 1-4cyli.dat
1 0 68.1706 -174.8427 154.7161 0.2969 -2.1846 1.4352 1.1303 2.7613 0.5702 -1.3027 1.8979 0.8226 1-4cyli.dat
1 0 69.3090 -175.4028 156.8416 0.2969 -2.1846 1.4352 1.1303 2.7613 0.5702 -1.3027 1.8979 0.8226 3-4cyli.dat
2 24 70.262 -175.976 151.644 68.101 -173.279 153.658
2 24 68.612 -177.728 152.220 66.452 -175.031 154.235
2 24 71.533 -176.496 153.704 69.372 -173.799 155.718
2 24 69.883 -178.248 154.280 67.723 -175.551 156.294
2 24 68.991 -175.457 149.584 66.830 -172.759 151.599
2 24 67.341 -177.209 150.161 65.181 -174.511 152.175
1 0 67.5314 -176.0725 148.8431 -0.1894 -2.1606 -1.4601 -1.1358 2.6972 -0.6161 1.3179 2.0141 -0.7415 3-4cyli.dat
1 0 68.8023 -176.5922 150.9027 -0.1894 -2.1606 -1.4601 -1.1358 2.6972 -0.6161 1.3179 2.0141 -0.7415 1-4cyli.dat
1 0 68.8023 -176.5922 150.9027 0.1894 -2.1606 1.4601 1.1358 2.6972 0.6161 -1.3179 2.0141 0.7415 1-4cyli.dat
1 0 70.0726 -177.1116 152.9615 -0.1894 -2.1606 -1.4601 -1.1358 2.6972 -0.6161 1.3179 2.0141 -0.7415 1-4cyli.dat
1 0 70.0726 -177.1116 152.9615 0.1894 -2.1606 1.4601 1.1358 2.6972 0.6161 -1.3179 2.0141 0.7415 1-4cyli.dat
1 0 71.3434 -177.6313 155.0211 0.1894 -2.1606 1.4601 1.1358 2.6972 0.6161 -1.3179 2.0141 0.7415 3-4cyli.dat
2 24 71.909 -178.036 149.941 69.771 -175.391 152.047
2 24 70.332 -179.829 150.591 68.194 -177.184 152.697
2 24 73.282 -178.519 151.943 71.144 -175.874 154.049
2 24 71.705 -180.312 152.593 69.567 -177.667 154.699
2 24 70.536 -177.553 147.939 68.397 -174.908 150.045
2 24 68.959 -179.346 148.589 66.820 -176.701 150.695
1 0 69.0612 -178.2073 147.2635 -0.1018 -2.1384 -1.4750 -1.1379 2.6444 -0.6548 1.3258 2.1057 -0.6759 3-4cyli.dat
1 0 70.4345 -178.6904 149.2654 -0.1018 -2.1384 -1.4750 -1.1379 2.6444 -0.6548 1.3258 2.1057 -0.6759 1-4cyli.dat
1 0 70.4345 -178.6904 149.2654 0.1018 -2.1384 1.4750 1.1379 2.6444 0.6548 -1.3258 2.1057 0.6759 1-4cyli.dat
1 0 71.8073 -179.1732 151.2665 -0.1018 -2.1384 -1.4750 -1.1379 2.6444 -0.6548 1.3258 2.1057 -0.6759 1-4cyli.dat
1 0 71.8073 -179.1732 151.2665 0.1018 -2.1384 1.4750 1.1379 2.6444 0.6548 -1.3258 2.1057 0.6759 1-4cyli.dat
1 0 73.1806 -179.6563 153.2684 0.1018 -2.1384 1.4750 1.1379 2.6444 0.6548 -1.3258 2.1057 0.6759 3-4cyli.dat
2 24 73.537 -180.054 148.172 71.422 -177.460 150.363
2 24 72.031 -181.884 148.884 69.916 -179.290 151.075
2 24 75.001 -180.502 150.116 72.886 -177.908 152.307
2 24 73.496 -182.332 150.829 71.381 -179.738 153.020
2 24 72.073 -179.606 146.227 69.957 -177.012 148.418
2 24 70.567 -181.436 146.940 68.452 -178.842 149.131
1 0 70.5882 -180.2964 145.6111 -0.0206 -2.1151 -1.4848 -1.1389 2.5934 -0.6909 1.3286 2.1910 -0.6159 3-4cyli.dat
1 0 72.0525 -180.7445 147.5558 -0.0206 -2.1151 -1.4848 -1.1389 2.5934 -0.6909 1.3286 2.1910 -0.6159 1-4cyli.dat
1 0 72.0525 -180.7445 147.5558 0.0206 -2.1151 1.4848 1.1389 2.5934 0.6909 -1.3286 2.1910 0.6159 1-4cyli.dat
1 0 73.5163 -181.1923 149.4997 -0.0206 -2.1151 -1.4848 -1.1389 2.5934 -0.6909 1.3286 2.1910 -0.6159 1-4cyli.dat
1 0 73.5163 -181.1923 149.4997 0.0206 -2.1151 1.4848 1.1389 2.5934 0.6909 -1.3286 2.1910 0.6159 1-4cyli.dat
1 0 74.9806 -181.6404 151.4444 0.0206 -2.1151 1.4848 1.1389 2.5934 0.6909 -1.3286 2.1910 0.6159 3-4cyli.dat
2 24 75.137 -182.025 146.331 73.052 -179.492 148.619
2 24 73.713 -183.895 147.104 71.628 -181.363 149.392
2 24 76.696 -182.437 148.208 74.611 -179.904 150.497
2 24 75.273 -184.307 148.981 73.187 -181.775 151.270
2 24 73.577 -181.613 144.453 71.492 -179.080 146.742
2 24 72.154 -183.483 145.226 70.069 -180.951 147.515
1 0 72.0865 -182.3418 143.9012 0.0678 -2.0853 -1.4915 -1.1412 2.5326 -0.7293 1.3252 2.2886 -0.5522 3-4cyli.dat
1 0 73.6459 -182.7537 145.7787 0.0678 -2.0853 -1.4915 -1.1412 2.5326 -0.7293 1.3252 2.2886 -0.5522 1-4cyli.dat
1 0 73.6459 -182.7537 145.7787 -0.0678 -2.0853 1.4915 1.1412 2.5326 0.7293 -1.3252 2.2886 0.5522 1-4cyli.dat
1 0 75.2048 -183.1654 147.6555 0.0678 -2.0853 -1.4915 -1.1412 2.5326 -0.7293 1.3252 2.2886 -0.5522 1-4cyli.dat
1 0 75.2048 -183.1654 147.6555 -0.0678 -2.0853 1.4915 1.1412 2.5326 0.7293 -1.3252 2.2886 0.5522 1-4cyli.dat
1 0 76.7642 -183.5773 149.5330 -0.0678 -2.0853 1.4915 1.1412 2.5326 0.7293 -1.3252 2.2886 0.5522 3-4cyli.dat
2 24 76.715 -183.952 144.424 74.659 -181.474 146.798
2 24 75.367 -185.857 145.245 73.311 -183.380 147.619
2 24 78.355 -184.330 146.240 76.299 -181.853 148.614
2 24 77.006 -186.236 147.061 74.950 -183.759 149.435
2 24 75.076 -183.573 142.609 73.020 -181.096 144.983
2 24 73.728 -185.479 143.430 71.672 -183.002 145.804
1 0 73.5831 -184.3364 142.1116 0.1454 -2.0561 -1.4937 -1.1420 2.4773 -0.7635 1.3182 2.3740 -0.4972 3-4cyli.dat
1 0 75.2223 -184.7150 143.9272 0.1454 -2.0561 -1.4937 -1.1420 2.4773 -0.7635 1.3182 2.3740 -0.4972 1-4cyli.dat
1 0 75.2223 -184.7150 143.9272 -0.1454 -2.0561 1.4937 1.1420 2.4773 0.7635 -1.3182 2.3740 0.4972 1-4cyli.dat
1 0 76.8608 -185.0934 145.7420 0.1454 -2.0561 -1.4937 -1.1420 2.4773 -0.7635 1.3182 2.3740 -0.4972 1-4cyli.dat
1 0 76.8608 -185.0934 145.7420 -0.1454 -2.0561 1.4937 1.1420 2.4773 0.7635 -1.3182 2.3740 0.4972 1-4cyli.dat
1 0 78.5000 -185.4719 147.5576 -0.1454 -2.0561 1.4937 1.1420 2.4773 0.7635 -1.3182 2.3740 0.4972 3-4cyli.dat
2 24 78.377 -185.967 142.278 76.364 -183.565 144.764
2 24 77.124 -187.916 143.147 75.110 -185.514 145.632
2 24 80.109 -186.310 144.013 78.096 -183.908 146.499
2 24 78.856 -188.259 144.881 76.842 -185.857 147.367
2 24 76.645 -185.625 140.544 74.632 -183.223 143.029
2 24 75.392 -187.574 141.412 73.378 -185.172 143.897
1 0 75.1531 -186.4277 140.1106 0.2391 -2.0134 -1.4927 -1.1456 2.4018 -0.8033 1.3013 2.4856 -0.4333 3-4cyli.dat
1 0 76.8851 -186.7701 141.8453 0.2391 -2.0134 -1.4927 -1.1456 2.4018 -0.8033 1.3013 2.4856 -0.4333 1-4cyli.dat
1 0 76.8851 -186.7701 141.8453 -0.2391 -2.0134 1.4927 1.1456 2.4018 0.8033 -1.3013 2.4856 0.4333 1-4cyli.dat
1 0 78.6164 -187.1123 143.5793 0.2391 -2.0134 -1.4927 -1.1456 2.4018 -0.8033 1.3013 2.4856 -0.4333 1-4cyli.dat
1 0 78.6164 -187.1123 143.5793 -0.2391 -2.0134 1.4927 1.1456 2.4018 0.8033 -1.3013 2.4856 0.4333 1-4cyli.dat
1 0 80.3483 -187.4547 145.3141 -0.2391 -2.0134 1.4927 1.1456 2.4018 0.8033 -1.3013 2.4856 0.4333 3-4cyli.dat
2 24 79.893 -187.790 140.229 77.917 -185.450 142.801
2 24 78.717 -189.773 141.130 76.741 -187.432 143.702
2 24 81.695 -188.101 141.897 79.718 -185.761 144.469
2 24 80.519 -190.084 142.798 78.542 -187.743 145.370
2 24 78.092 -187.479 138.560 76.115 -185.139 141.132
2 24 76.916 -189.462 139.461 74.939 -187.121 142.033
1 0 76.6037 -188.3145 138.1766 0.3128 -1.9766 -1.4885 -1.1467 2.3406 -0.8356 1.2846 2.5721 -0.3838 3-4cyli.dat
1 0 78.4051 -188.6256 139.8451 0.3128 -1.9766 -1.4885 -1.1467 2.3406 -0.8356 1.2846 2.5721 -0.3838 1-4cyli.dat
1 0 78.4051 -188.6256 139.8451 -0.3128 -1.9766 1.4885 1.1467 2.3406 0.8356 -1.2846 2.5721 0.3838 1-4cyli.dat
1 0 80.2059 -188.9365 141.5130 0.3128 -1.9766 -1.4885 -1.1467 2.3406 -0.8356 1.2846 2.5721 -0.3838 1-4cyli.dat
1 0 80.2059 -188.9365 141.5130 -0.3128 -1.9766 1.4885 1.1467 2.3406 0.8356 -1.2846 2.5721 0.3838 1-4cyli.dat
1 0 82.0074 -189.2476 143.1815 -0.3128 -1.9766 1.4885 1.1467 2.3406 0.8356 -1.2846 2.5721 0.3838 3-4cyli.dat
2 24 81.379 -189.564 138.115 79.440 -187.283 140.767
2 24 80.277 -191.577 139.041 78.338 -189.296 141.694
2 24 83.242 -189.846 139.720 81.303 -187.565 142.373
2 24 82.140 -191.859 140.646 80.201 -189.578 143.299
2 24 79.516 -189.282 136.510 77.577 -187.001 139.162
2 24 78.414 -191.296 137.436 76.475 -189.014 140.089
1 0 78.0345 -190.1477 136.1703 0.3806 -1.9391 -1.4821 -1.1474 2.2811 -0.8656 1.2656 2.6528 -0.3394 3-4cyli.dat
1 0 79.8973 -190.4296 137.7754 0.3806 -1.9391 -1.4821 -1.1474 2.2811 -0.8656 1.2656 2.6528 -0.3394 1-4cyli.dat
1 0 79.8973 -190.4296 137.7754 -0.3806 -1.9391 1.4821 1.1474 2.2811 0.8656 -1.2656 2.6528 0.3394 1-4cyli.dat
1 0 81.7594 -190.7112 139.3798 0.3806 -1.9391 -1.4821 -1.1474 2.2811 -0.8656 1.2656 2.6528 -0.3394 1-4cyli.dat
1 0 81.7594 -190.7112 139.3798 -0.3806 -1.9391 1.4821 1.1474 2.2811 0.8656 -1.2656 2.6528 0.3394 1-4cyli.dat
1 0 83.6223 -190.9930 140.9849 -0.3806 -1.9391 1.4821 1.1474 2.2811 0.8656 -1.2656 2.6528 0.3394 3-4cyli.dat
2 24 82.826 -191.284 135.935 80.933 -189.074 138.680
2 24 81.806 -193.331 136.881 79.914 -191.120 139.626
2 24 84.753 -191.536 137.468 82.860 -189.326 140.213
2 24 83.733 -193.583 138.414 81.840 -191.373 141.159
2 24 80.899 -191.032 134.402 79.007 -188.821 137.147
2 24 79.880 -193.079 135.348 77.987 -190.868 138.093
1 0 79.4268 -191.9288 134.1089 0.4534 -1.8927 -1.4731 -1.1494 2.2107 -0.8972 1.2394 2.7444 -0.2935 3-4cyli.dat
1 0 81.3534 -192.1810 135.6420 0.4534 -1.8927 -1.4731 -1.1494 2.2107 -0.8972 1.2394 2.7444 -0.2935 1-4cyli.dat
1 0 81.3534 -192.1810 135.6420 -0.4534 -1.8927 1.4731 1.1494 2.2107 0.8972 -1.2394 2.7444 0.2935 1-4cyli.dat
1 0 83.2793 -192.4332 137.1744 0.4534 -1.8927 -1.4731 -1.1494 2.2107 -0.8972 1.2394 2.7444 -0.2935 1-4cyli.dat
1 0 83.2793 -192.4332 137.1744 -0.4534 -1.8927 1.4731 1.1494 2.2107 0.8972 -1.2394 2.7444 0.2935 1-4cyli.dat
1 0 85.2059 -192.6855 138.7074 -0.4534 -1.8927 1.4731 1.1494 2.2107 0.8972 -1.2394 2.7444 0.2935 3-4cyli.dat
2 24 84.233 -192.945 133.685 82.389 -190.805 136.518
2 24 83.292 -195.023 134.643 81.448 -192.884 137.476
2 24 86.217 -193.169 135.147 84.373 -191.029 137.980
2 24 85.276 -195.248 136.106 83.433 -193.108 138.938
2 24 82.248 -192.720 132.223 80.405 -190.580 135.055
2 24 81.308 -194.799 133.181 79.464 -192.659 136.014
1 0 80.7865 -193.6468 131.9709 0.5218 -1.8437 -1.4623 -1.1515 2.1396 -0.9270 1.2102 2.8327 -0.2518 3-4cyli.dat
1 0 82.7708 -193.8712 133.4331 0.5218 -1.8437 -1.4623 -1.1515 2.1396 -0.9270 1.2102 2.8327 -0.2518 1-4cyli.dat
1 0 82.7708 -193.8712 133.4331 -0.5218 -1.8437 1.4623 1.1515 2.1396 0.9270 -1.2102 2.8327 0.2518 1-4cyli.dat
1 0 84.7542 -194.0956 134.8946 0.5218 -1.8437 -1.4623 -1.1515 2.1396 -0.9270 1.2102 2.8327 -0.2518 1-4cyli.dat
1 0 84.7542 -194.0956 134.8946 -0.5218 -1.8437 1.4623 1.1515 2.1396 0.9270 -1.2102 2.8327 0.2518 1-4cyli.dat
1 0 86.7384 -194.3200 136.3568 -0.5218 -1.8437 1.4623 1.1515 2.1396 0.9270 -1.2102 2.8327 0.2518 3-4cyli.dat
2 24 85.713 -194.681 131.193 83.922 -192.615 134.112
2 24 84.850 -196.791 132.157 83.059 -194.724 135.076
2 24 87.750 -194.879 132.584 85.959 -192.813 135.503
2 24 86.887 -196.989 133.548 85.096 -194.922 136.468
2 24 83.676 -194.483 129.801 81.885 -192.417 132.721
2 24 82.813 -196.592 130.766 81.022 -194.526 133.685
1 0 82.2266 -195.4382 129.5877 0.5871 -1.7913 -1.4499 -1.1537 2.0664 -0.9556 1.1778 2.9195 -0.2135 3-4cyli.dat
1 0 84.2638 -195.6363 130.9791 0.5871 -1.7913 -1.4499 -1.1537 2.0664 -0.9556 1.1778 2.9195 -0.2135 1-4cyli.dat
1 0 84.2638 -195.6363 130.9791 -0.5871 -1.7913 1.4499 1.1537 2.0664 0.9556 -1.1778 2.9195 0.2135 1-4cyli.dat
1 0 86.3001 -195.8344 132.3699 0.5871 -1.7913 -1.4499 -1.1537 2.0664 -0.9556 1.1778 2.9195 -0.2135 1-4cyli.dat
1 0 86.3001 -195.8344 132.3699 -0.5871 -1.7913 1.4499 1.1537 2.0664 0.9556 -1.1778 2.9195 0.2135 1-4cyli.dat
1 0 88.3373 -196.0325 133.7612 -0.5871 -1.7913 1.4499 1.1537 2.0664 0.9556 -1.1778 2.9195 0.2135 3-4cyli.dat
2 24 87.037 -196.228 128.818 85.303 -194.238 131.824
2 24 86.251 -198.368 129.781 84.517 -196.378 132.787
2 24 89.124 -196.402 130.138 87.389 -194.412 133.143
2 24 88.338 -198.541 131.101 86.603 -196.551 134.107
2 24 84.951 -196.055 127.498 83.217 -194.065 130.504
2 24 84.165 -198.195 128.462 82.430 -196.205 131.468
1 0 83.5151 -197.0379 127.3201 0.6500 -1.7344 -1.4362 -1.1563 1.9899 -0.9831 1.1416 3.0058 -0.1781 3-4cyli.dat
1 0 85.6016 -197.2111 128.6399 0.6500 -1.7344 -1.4362 -1.1563 1.9899 -0.9831 1.1416 3.0058 -0.1781 1-4cyli.dat
1 0 85.6016 -197.2111 128.6399 -0.6500 -1.7344 1.4362 1.1563 1.9899 0.9831 -1.1416 3.0058 0.1781 1-4cyli.dat
1 0 87.6872 -197.3842 129.9591 0.6500 -1.7344 -1.4362 -1.1563 1.9899 -0.9831 1.1416 3.0058 -0.1781 1-4cyli.dat
1 0 87.6872 -197.3842 129.9591 -0.6500 -1.7344 1.4362 1.1563 1.9899 0.9831 -1.1416 3.0058 0.1781 1-4cyli.dat
1 0 89.7736 -197.5574 131.2788 -0.6500 -1.7344 1.4362 1.1563 1.9899 0.9831 -1.1416 3.0058 0.1781 3-4cyli.dat
2 24 88.319 -197.717 126.381 86.639 -195.799 129.464
2 24 87.601 -199.883 127.339 85.922 -197.965 130.422
2 24 90.447 -197.867 127.635 88.767 -195.949 130.718
2 24 89.730 -200.034 128.593 88.050 -198.115 131.676
2 24 86.190 -197.566 125.127 84.511 -195.648 128.209
2 24 85.473 -199.732 126.085 83.794 -197.814 129.168
1 0 84.7683 -198.5735 124.9787 0.7054 -1.6793 -1.4226 -1.1583 1.9183 -1.0077 1.1061 3.0827 -0.1481 3-4cyli.dat
1 0 86.8965 -198.7242 126.2329 0.7054 -1.6793 -1.4226 -1.1583 1.9183 -1.0077 1.1061 3.0827 -0.1481 1-4cyli.dat
1 0 86.8965 -198.7242 126.2329 -0.7054 -1.6793 1.4226 1.1583 1.9183 1.0077 -1.1061 3.0827 0.1481 1-4cyli.dat
1 0 89.0237 -198.8747 127.4866 0.7054 -1.6793 -1.4226 -1.1583 1.9183 -1.0077 1.1061 3.0827 -0.1481 1-4cyli.dat
1 0 89.0237 -198.8747 127.4866 -0.7054 -1.6793 1.4226 1.1583 1.9183 1.0077 -1.1061 3.0827 0.1481 1-4cyli.dat
1 0 91.1519 -199.0253 128.7409 -0.7054 -1.6793 1.4226 1.1583 1.9183 1.0077 -1.1061 3.0827 0.1481 3-4cyli.dat
2 24 89.558 -199.152 123.892 87.937 -197.307 127.050
2 24 88.908 -201.344 124.840 87.287 -199.499 127.998
2 24 91.725 -199.282 125.081 90.104 -197.437 128.239
2 24 91.075 -201.473 126.029 89.453 -199.629 129.187
2 24 87.392 -199.023 122.703 85.770 -197.178 125.861
2 24 86.741 -201.215 123.651 85.120 -199.370 126.809
1 0 85.9838 -200.0535 122.5824 0.7581 -1.6211 -1.4083 -1.1605 1.8448 -1.0311 1.0682 3.1579 -0.1208 3-4cyli.dat
1 0 88.1504 -200.1829 123.7715 0.7581 -1.6211 -1.4083 -1.1605 1.8448 -1.0311 1.0682 3.1579 -0.1208 1-4cyli.dat
1 0 88.1504 -200.1829 123.7715 -0.7581 -1.6211 1.4083 1.1605 1.8448 1.0311 -1.0682 3.1579 0.1208 1-4cyli.dat
1 0 90.3161 -200.3123 124.9601 0.7581 -1.6211 -1.4083 -1.1605 1.8448 -1.0311 1.0682 3.1579 -0.1208 1-4cyli.dat
1 0 90.3161 -200.3123 124.9601 -0.7581 -1.6211 1.4083 1.1605 1.8448 1.0311 -1.0682 3.1579 0.1208 1-4cyli.dat
1 0 92.4826 -200.4417 126.1491 -0.7581 -1.6211 1.4083 1.1605 1.8448 1.0311 -1.0682 3.1579 0.1208 3-4cyli.dat
2 24 90.737 -200.514 121.338 89.184 -198.754 124.577
2 24 90.157 -202.734 122.267 88.605 -200.973 125.506
2 24 92.942 -200.623 122.455 91.390 -198.862 125.694
2 24 92.363 -202.842 123.384 90.810 -201.082 126.624
2 24 88.531 -200.406 120.220 86.979 -198.645 123.460
2 24 87.952 -202.625 121.150 86.399 -200.864 124.389
1 0 87.1395 -201.4605 120.1262 0.8129 -1.5526 -1.3924 -1.1638 1.7607 -1.0552 1.0233 3.2393 -0.0940 3-4cyli.dat
1 0 89.3450 -201.5691 121.2436 0.8129 -1.5526 -1.3924 -1.1638 1.7607 -1.0552 1.0233 3.2393 -0.0940 1-4cyli.dat
1 0 89.3450 -201.5691 121.2436 -0.8129 -1.5526 1.3924 1.1638 1.7607 1.0552 -1.0233 3.2393 0.0940 1-4cyli.dat
1 0 91.5496 -201.6777 122.3605 0.8129 -1.5526 -1.3924 -1.1638 1.7607 -1.0552 1.0233 3.2393 -0.0940 1-4cyli.dat
1 0 91.5496 -201.6777 122.3605 -0.8129 -1.5526 1.3924 1.1638 1.7607 1.0552 -1.0233 3.2393 0.0940 1-4cyli.dat
1 0 93.7550 -201.7864 123.4779 -0.8129 -1.5526 1.3924 1.1638 1.7607 1.0552 -1.0233 3.2393 0.0940 3-4cyli.dat
2 24 91.954 -201.916 118.520 90.476 -200.244 121.840
2 24 91.444 -204.162 119.425 89.965 -202.490 122.745
2 24 94.196 -202.005 119.564 92.717 -200.333 122.885
2 24 93.686 -204.252 120.469 92.207 -202.579 123.790
2 24 89.712 -201.827 117.476 88.234 -200.155 120.796
2 24 89.202 -204.073 118.381 87.724 -202.401 121.701
1 0 88.3367 -202.9051 117.4061 0.8657 -1.4783 -1.3759 -1.1675 1.6721 -1.0784 0.9746 3.3201 -0.0697 3-4cyli.dat
1 0 90.5785 -202.9943 118.4504 0.8657 -1.4783 -1.3759 -1.1675 1.6721 -1.0784 0.9746 3.3201 -0.0697 1-4cyli.dat
1 0 90.5785 -202.9943 118.4504 -0.8657 -1.4783 1.3759 1.1675 1.6721 1.0784 -0.9746 3.3201 0.0697 1-4cyli.dat
1 0 92.8194 -203.0834 119.4943 0.8657 -1.4783 -1.3759 -1.1675 1.6721 -1.0784 0.9746 3.3201 -0.0697 1-4cyli.dat
1 0 92.8194 -203.0834 119.4943 -0.8657 -1.4783 1.3759 1.1675 1.6721 1.0784 -0.9746 3.3201 0.0697 1-4cyli.dat
1 0 95.0612 -203.1725 120.5386 -0.8657 -1.4783 1.3759 1.1675 1.6721 1.0784 -0.9746 3.3201 0.0697 3-4cyli.dat
2 24 93.038 -203.161 115.861 91.622 -201.561 119.244
2 24 92.582 -205.428 116.744 91.166 -203.828 120.126
2 24 95.307 -203.234 116.847 93.891 -201.634 120.229
2 24 94.851 -205.500 117.729 93.435 -203.901 121.112
2 24 90.769 -203.088 114.876 89.353 -201.489 118.258
2 24 90.314 -205.355 115.758 88.897 -203.755 119.141
1 0 89.4074 -204.1849 114.8244 0.9067 -1.4161 -1.3620 -1.1696 1.5996 -1.0970 0.9339 3.3824 -0.0515 3-4cyli.dat
1 0 91.6762 -204.2576 115.8099 0.9067 -1.4161 -1.3620 -1.1696 1.5996 -1.0970 0.9339 3.3824 -0.0515 1-4cyli.dat
1 0 91.6762 -204.2576 115.8099 -0.9067 -1.4161 1.3620 1.1696 1.5996 1.0970 -0.9339 3.3824 0.0515 1-4cyli.dat
1 0 93.9441 -204.3302 116.7950 0.9067 -1.4161 -1.3620 -1.1696 1.5996 -1.0970 0.9339 3.3824 -0.0515 1-4cyli.dat
1 0 93.9441 -204.3302 116.7950 -0.9067 -1.4161 1.3620 1.1696 1.5996 1.0970 -0.9339 3.3824 0.0515 1-4cyli.dat
1 0 96.2130 -204.4029 117.7804 -0.9067 -1.4161 1.3620 1.1696 1.5996 1.0970 -0.9339 3.3824 0.0515 3-4cyli.dat
2 24 94.054 -204.330 113.147 92.713 -202.817 116.599
2 24 93.658 -206.620 113.998 92.318 -205.107 117.451
2 24 96.351 -204.387 114.065 95.011 -202.873 117.517
2 24 95.955 -206.676 114.916 94.615 -205.163 118.369
2 24 91.757 -204.274 112.229 90.416 -202.760 115.681
2 24 91.361 -206.564 113.080 90.020 -205.050 116.533
1 0 90.4104 -205.3899 112.1957 0.9507 -1.3405 -1.3465 -1.1730 1.5134 -1.1166 0.8845 3.4523 -0.0334 3-4cyli.dat
1 0 92.7078 -205.4464 113.1137 0.9507 -1.3405 -1.3465 -1.1730 1.5134 -1.1166 0.8845 3.4523 -0.0334 1-4cyli.dat
1 0 92.7078 -205.4464 113.1137 -0.9507 -1.3405 1.3465 1.1730 1.5134 1.1166 -0.8845 3.4523 0.0334 1-4cyli.dat
1 0 95.0043 -205.5028 114.0313 0.9507 -1.3405 -1.3465 -1.1730 1.5134 -1.1166 0.8845 3.4523 -0.0334 1-4cyli.dat
1 0 95.0043 -205.5028 114.0313 -0.9507 -1.3405 1.3465 1.1730 1.5134 1.1166 -0.8845 3.4523 0.0334 1-4cyli.dat
1 0 97.3017 -205.5592 114.9493 -0.9507 -1.3405 1.3465 1.1730 1.5134 1.1166 -0.8845 3.4523 0.0334 3-4cyli.dat
2 24 95.018 -205.440 110.389 93.753 -204.010 113.905
2 24 94.676 -207.751 111.206 93.411 -206.321 114.722
2 24 97.341 -205.482 111.242 96.075 -204.052 114.758
2 24 96.999 -207.792 112.060 95.734 -206.363 115.576
2 24 92.696 -205.398 109.535 91.431 -203.969 113.051
2 24 92.354 -207.709 110.352 91.089 -206.279 113.868
1 0 91.3644 -206.5319 109.5165 0.9902 -1.2652 -1.3319 -1.1762 1.4294 -1.1343 0.8356 3.5160 -0.0182 3-4cyli.dat
1 0 93.6867 -206.5737 110.3703 0.9902 -1.2652 -1.3319 -1.1762 1.4294 -1.1343 0.8356 3.5160 -0.0182 1-4cyli.dat
1 0 93.6867 -206.5737 110.3703 -0.9902 -1.2652 1.3319 1.1762 1.4294 1.1343 -0.8356 3.5160 0.0182 1-4cyli.dat
1 0 96.0081 -206.6156 111.2238 0.9902 -1.2652 -1.3319 -1.1762 1.4294 -1.1343 0.8356 3.5160 -0.0182 1-4cyli.dat
1 0 96.0081 -206.6156 111.2238 -0.9902 -1.2652 1.3319 1.1762 1.4294 1.1343 -0.8356 3.5160 0.0182 1-4cyli.dat
1 0 98.3304 -206.6574 112.0777 -0.9902 -1.2652 1.3319 1.1762 1.4294 1.1343 -0.8356 3.5160 0.0182 3-4cyli.dat
2 24 95.914 -206.475 107.579 94.730 -205.133 111.158
2 24 95.625 -208.806 108.359 94.440 -207.464 111.937
2 24 98.260 -206.503 108.368 97.075 -205.162 111.946
2 24 97.970 -208.834 109.147 96.786 -207.493 112.725
2 24 93.569 -206.446 106.791 92.384 -205.105 110.370
2 24 93.279 -208.777 107.570 92.095 -207.436 111.149
1 0 92.2519 -207.5970 106.7866 1.0279 -1.1845 -1.3175 -1.1796 1.3413 -1.1512 0.7836 3.5784 -0.0046 3-4cyli.dat
1 0 94.5974 -207.6254 107.5748 1.0279 -1.1845 -1.3175 -1.1796 1.3413 -1.1512 0.7836 3.5784 -0.0046 1-4cyli.dat
1 0 94.5974 -207.6254 107.5748 -1.0279 -1.1845 1.3175 1.1796 1.3413 1.1512 -0.7836 3.5784 0.0046 1-4cyli.dat
1 0 96.9420 -207.6537 108.3627 1.0279 -1.1845 -1.3175 -1.1796 1.3413 -1.1512 0.7836 3.5784 -0.0046 1-4cyli.dat
1 0 96.9420 -207.6537 108.3627 -1.0279 -1.1845 1.3175 1.1796 1.3413 1.1512 -0.7836 3.5784 0.0046 1-4cyli.dat
1 0 99.2876 -207.6820 109.1510 -1.0279 -1.1845 1.3175 1.1796 1.3413 1.1512 -0.7836 3.5784 0.0046 3-4cyli.dat
2 24 96.811 -207.515 104.500 95.718 -206.271 108.142
2 24 96.574 -209.866 105.233 95.481 -208.623 108.875
2 24 99.180 -207.530 105.218 98.086 -206.287 108.860
2 24 98.942 -209.882 105.951 97.849 -208.638 109.593
2 24 94.443 -207.499 103.783 93.350 -206.255 107.425
2 24 94.206 -209.851 104.516 93.112 -208.607 108.158
1 0 93.1410 -208.6664 103.7905 1.0653 -1.0934 -1.3027 -1.1836 1.2437 -1.1679 0.7252 3.6421 0.0078 3-4cyli.dat
1 0 95.5092 -208.6821 104.5080 1.0653 -1.0934 -1.3027 -1.1836 1.2437 -1.1679 0.7252 3.6421 0.0078 1-4cyli.dat
1 0 95.5092 -208.6821 104.5080 -1.0653 -1.0934 1.3027 1.1836 1.2437 1.1679 -0.7252 3.6421 -0.0078 1-4cyli.dat
1 0 97.8764 -208.6978 105.2252 1.0653 -1.0934 -1.3027 -1.1836 1.2437 -1.1679 0.7252 3.6421 0.0078 1-4cyli.dat
1 0 97.8764 -208.6978 105.2252 -1.0653 -1.0934 1.3027 1.1836 1.2437 1.1679 -0.7252 3.6421 -0.0078 1-4cyli.dat
1 0 100.2446 -208.7135 105.9427 -1.0653 -1.0934 1.3027 1.1836 1.2437 1.1679 -0.7252 3.6421 -0.0078 3-4cyli.dat
2 24 97.589 -208.420 101.609 96.570 -207.254 105.298
2 24 97.391 -210.787 102.303 96.372 -209.621 105.993
2 24 99.974 -208.425 102.271 98.954 -207.259 105.960
2 24 99.776 -210.792 102.965 98.757 -209.626 106.654
2 24 95.205 -208.414 100.947 94.186 -207.249 104.637
2 24 95.007 -210.781 101.642 93.988 -209.616 105.331
1 0 93.9142 -209.5947 100.9638 1.0933 -1.0192 -1.2910 -1.1861 1.1657 -1.1807 0.6780 3.6892 0.0164 3-4cyli.dat
1 0 96.2987 -209.6000 101.6254 1.0933 -1.0192 -1.2910 -1.1861 1.1657 -1.1807 0.6780 3.6892 0.0164 1-4cyli.dat
1 0 96.2987 -209.6000 101.6254 -1.0933 -1.0192 1.2910 1.1861 1.1657 1.1807 -0.6780 3.6892 -0.0164 1-4cyli.dat
1 0 98.6821 -209.6053 102.2867 1.0933 -1.0192 -1.2910 -1.1861 1.1657 -1.1807 0.6780 3.6892 0.0164 1-4cyli.dat
1 0 98.6821 -209.6053 102.2867 -1.0933 -1.0192 1.2910 1.1861 1.1657 1.1807 -0.6780 3.6892 -0.0164 1-4cyli.dat
1 0 101.0666 -209.6107 102.9483 -1.0933 -1.0192 1.2910 1.1861 1.1657 1.1807 -0.6780 3.6892 -0.0164 3-4cyli.dat
2 24 98.290 -209.245 98.679 97.359 -208.171 102.419
2 24 98.133 -211.629 99.325 97.203 -210.555 103.066
2 24 100.691 -209.241 99.276 99.760 -208.167 103.016
2 24 100.535 -211.624 99.923 99.604 -210.550 103.663
2 24 95.888 -209.250 98.081 94.958 -208.176 101.821
2 24 95.732 -211.633 98.728 94.801 -210.559 102.468
1 0 94.6102 -210.4431 98.1059 1.1224 -0.9307 -1.2787 -1.1894 1.0740 -1.1939 0.6220 3.7402 0.0247 3-4cyli.dat
1 0 97.0115 -210.4386 98.7033 1.1224 -0.9307 -1.2787 -1.1894 1.0740 -1.1939 0.6220 3.7402 0.0247 1-4cyli.dat
1 0 97.0115 -210.4386 98.7033 -1.1224 -0.9307 1.2787 1.1894 1.0740 1.1939 -0.6220 3.7402 -0.0247 1-4cyli.dat
1 0 99.4118 -210.4341 99.3004 1.1224 -0.9307 -1.2787 -1.1894 1.0740 -1.1939 0.6220 3.7402 0.0247 1-4cyli.dat
1 0 99.4118 -210.4341 99.3004 -1.1224 -0.9307 1.2787 1.1894 1.0740 1.1939 -0.6220 3.7402 -0.0247 1-4cyli.dat
1 0 101.8131 -210.4297 99.8978 -1.1224 -0.9307 1.2787 1.1894 1.0740 1.1939 -0.6220 3.7402 -0.0247 3-4cyli.dat
2 24 98.930 -210.008 95.717 98.086 -209.022 99.502
2 24 98.810 -212.406 96.315 97.966 -211.420 100.100
2 24 101.346 -209.995 96.253 100.502 -209.009 100.038
2 24 101.226 -212.393 96.852 100.382 -211.407 100.637
2 24 96.514 -210.021 95.180 95.671 -209.035 98.965
2 24 96.394 -212.419 95.779 95.551 -211.433 99.564
1 0 95.2471 -211.2255 95.2116 1.1478 -0.8438 -1.2677 -1.1925 0.9853 -1.2054 0.5674 3.7851 0.0312 3-4cyli.dat
1 0 97.6627 -211.2126 95.7478 1.1478 -0.8438 -1.2677 -1.1925 0.9853 -1.2054 0.5674 3.7851 0.0312 1-4cyli.dat
1 0 97.6627 -211.2126 95.7478 -1.1478 -0.8438 1.2677 1.1925 0.9853 1.2054 -0.5674 3.7851 -0.0312 1-4cyli.dat
1 0 100.0774 -211.1996 96.2838 1.1478 -0.8438 -1.2677 -1.1925 0.9853 -1.2054 0.5674 3.7851 0.0312 1-4cyli.dat
1 0 100.0774 -211.1996 96.2838 -1.1478 -0.8438 1.2677 1.1925 0.9853 1.2054 -0.5674 3.7851 -0.0312 1-4cyli.dat
1 0 102.4930 -211.1867 96.8201 -1.1478 -0.8438 1.2677 1.1925 0.9853 1.2054 -0.5674 3.7851 -0.0312 3-4cyli.dat
2 24 99.494 -210.692 92.721 98.741 -209.799 96.548
2 24 99.407 -213.104 93.268 98.655 -212.210 97.095
2 24 101.922 -210.672 93.195 101.170 -209.778 97.022
2 24 101.836 -213.084 93.742 101.083 -212.190 97.569
2 24 97.065 -210.713 92.247 96.313 -209.819 96.074
2 24 96.979 -213.124 92.794 96.226 -212.231 96.621
1 0 95.8082 -211.9283 92.2837 1.1709 -0.7525 -1.2574 -1.1956 0.8936 -1.2159 0.5106 3.8269 0.0367 3-4cyli.dat
1 0 98.2367 -211.9079 92.7576 1.1709 -0.7525 -1.2574 -1.1956 0.8936 -1.2159 0.5106 3.8269 0.0367 1-4cyli.dat
1 0 98.2367 -211.9079 92.7576 -1.1709 -0.7525 1.2574 1.1956 0.8936 1.2159 -0.5106 3.8269 -0.0367 1-4cyli.dat
1 0 100.6643 -211.8875 93.2313 1.1709 -0.7525 -1.2574 -1.1956 0.8936 -1.2159 0.5106 3.8269 0.0367 1-4cyli.dat
1 0 100.6643 -211.8875 93.2313 -1.1709 -0.7525 1.2574 1.1956 0.8936 1.2159 -0.5106 3.8269 -0.0367 1-4cyli.dat
1 0 103.0929 -211.8672 93.7052 -1.1709 -0.7525 1.2574 1.1956 0.8936 1.2159 -0.5106 3.8269 -0.0367 3-4cyli.dat
2 24 100.032 -211.360 89.458 99.373 -210.559 93.323
2 24 99.975 -213.784 89.952 99.317 -212.984 93.816
2 24 102.472 -211.333 89.869 101.813 -210.533 93.734
2 24 102.415 -213.757 90.363 101.757 -212.957 94.228
2 24 97.592 -211.386 89.047 96.933 -210.586 92.912
2 24 97.535 -213.811 89.541 96.877 -213.010 93.405
1 0 96.3440 -212.6113 89.0882 1.1915 -0.6583 -1.2482 -1.1987 0.8002 -1.2253 0.4522 3.8649 0.0412 3-4cyli.dat
1 0 98.7839 -212.5846 89.4993 1.1915 -0.6583 -1.2482 -1.1987 0.8002 -1.2253 0.4522 3.8649 0.0412 1-4cyli.dat
1 0 98.7839 -212.5846 89.4993 -1.1915 -0.6583 1.2482 1.1987 0.8002 1.2253 -0.4522 3.8649 -0.0412 1-4cyli.dat
1 0 101.2228 -212.5579 89.9103 1.1915 -0.6583 -1.2482 -1.1987 0.8002 -1.2253 0.4522 3.8649 0.0412 1-4cyli.dat
1 0 101.2228 -212.5579 89.9103 -1.1915 -0.6583 1.2482 1.1987 0.8002 1.2253 -0.4522 3.8649 -0.0412 1-4cyli.dat
1 0 103.6627 -212.5313 90.3213 -1.1915 -0.6583 1.2482 1.1987 0.8002 1.2253 -0.4522 3.8649 -0.0412 3-4cyli.dat
2 24 100.455 -211.904 86.412 99.892 -211.197 90.310
2 24 100.424 -214.339 86.850 99.862 -213.633 90.748
2 24 102.904 -211.872 86.760 102.342 -211.166 90.658
2 24 102.874 -214.307 87.198 102.311 -213.601 91.097
2 24 98.005 -211.936 86.063 97.443 -211.229 89.961
2 24 97.974 -214.371 86.501 97.412 -213.664 90.399
1 0 96.7655 -213.1688 86.1077 1.2093 -0.5624 -1.2400 -1.2016 0.7065 -1.2334 0.3934 3.8982 0.0447 3-4cyli.dat
1 0 99.2151 -213.1369 86.4563 1.2093 -0.5624 -1.2400 -1.2016 0.7065 -1.2334 0.3934 3.8982 0.0447 1-4cyli.dat
1 0 99.2151 -213.1369 86.4563 -1.2093 -0.5624 1.2400 1.2016 0.7065 1.2334 -0.3934 3.8982 -0.0447 1-4cyli.dat
1 0 101.6636 -213.1051 86.8048 1.2093 -0.5624 -1.2400 -1.2016 0.7065 -1.2334 0.3934 3.8982 0.0447 1-4cyli.dat
1 0 101.6636 -213.1051 86.8048 -1.2093 -0.5624 1.2400 1.2016 0.7065 1.2334 -0.3934 3.8982 -0.0447 1-4cyli.dat
1 0 104.1131 -213.0732 87.1535 -1.2093 -0.5624 1.2400 1.2016 0.7065 1.2334 -0.3934 3.8982 -0.0447 3-4cyli.dat
2 24 100.810 -212.381 83.341 100.332 -211.756 87.264
2 24 100.799 -214.825 83.731 100.321 -214.200 87.654
2 24 103.267 -212.346 83.636 102.788 -211.720 87.559
2 24 103.256 -214.789 84.025 102.777 -214.164 87.949
2 24 98.354 -212.417 83.046 97.875 -211.792 86.969
2 24 98.343 -214.861 83.436 97.864 -214.235 87.359
1 0 97.1206 -213.6565 83.0935 1.2226 -0.4785 -1.2337 -1.2038 0.6255 -1.2396 0.3421 3.9232 0.0473 3-4cyli.dat
1 0 99.5771 -213.6207 83.3883 1.2226 -0.4785 -1.2337 -1.2038 0.6255 -1.2396 0.3421 3.9232 0.0473 1-4cyli.dat
1 0 99.5771 -213.6207 83.3883 -1.2226 -0.4785 1.2337 1.2038 0.6255 1.2396 -0.3421 3.9232 -0.0473 1-4cyli.dat
1 0 102.0326 -213.5848 83.6831 1.2226 -0.4785 -1.2337 -1.2038 0.6255 -1.2396 0.3421 3.9232 0.0473 1-4cyli.dat
1 0 102.0326 -213.5848 83.6831 -1.2226 -0.4785 1.2337 1.2038 0.6255 1.2396 -0.3421 3.9232 -0.0473 1-4cyli.dat
1 0 104.4891 -213.5490 83.9780 -1.2226 -0.4785 1.2337 1.2038 0.6255 1.2396 -0.3421 3.9232 -0.0473 3-4cyli.dat
2 24 101.100 -212.795 80.257 100.713 -212.257 84.203
2 24 101.106 -215.246 80.592 100.719 -214.709 84.539
2 24 103.562 -212.756 80.493 103.176 -212.218 84.440
2 24 103.569 -215.207 80.829 103.182 -214.670 84.776
2 24 98.637 -212.834 80.020 98.250 -212.296 83.966
2 24 98.643 -215.285 80.355 98.256 -214.747 84.302
1 0 97.4091 -214.0782 80.0691 1.2344 -0.3866 -1.2281 -1.2062 0.5378 -1.2451 0.2863 3.9464 0.0495 3-4cyli.dat
1 0 99.8718 -214.0394 80.3060 1.2344 -0.3866 -1.2281 -1.2062 0.5378 -1.2451 0.2863 3.9464 0.0495 1-4cyli.dat
1 0 99.8718 -214.0394 80.3060 -1.2344 -0.3866 1.2281 1.2062 0.5378 1.2451 -0.2863 3.9464 -0.0495 1-4cyli.dat
1 0 102.3335 -214.0005 80.5428 1.2344 -0.3866 -1.2281 -1.2062 0.5378 -1.2451 0.2863 3.9464 0.0495 1-4cyli.dat
1 0 102.3335 -214.0005 80.5428 -1.2344 -0.3866 1.2281 1.2062 0.5378 1.2451 -0.2863 3.9464 -0.0495 1-4cyli.dat
1 0 104.7962 -213.9616 80.7797 -1.2344 -0.3866 1.2281 1.2062 0.5378 1.2451 -0.2863 3.9464 -0.0495 3-4cyli.dat
2 24 101.310 -213.133 77.156 101.018 -212.684 81.122
2 24 101.330 -215.591 77.437 101.038 -215.142 81.403
2 24 103.778 -213.092 77.335 103.485 -212.643 81.300
2 24 103.798 -215.550 77.616 103.505 -215.101 81.581
2 24 98.843 -213.174 76.978 98.550 -212.725 80.944
2 24 98.863 -215.632 77.259 98.570 -215.183 81.225
1 0 97.6194 -214.4229 77.0294 1.2438 -0.2926 -1.2235 -1.2086 0.4489 -1.2495 0.2296 3.9656 0.0513 3-4cyli.dat
1 0 100.0870 -214.3820 77.2078 1.2438 -0.2926 -1.2235 -1.2086 0.4489 -1.2495 0.2296 3.9656 0.0513 1-4cyli.dat
1 0 100.0870 -214.3820 77.2078 -1.2438 -0.2926 1.2235 1.2086 0.4489 1.2495 -0.2296 3.9656 -0.0513 1-4cyli.dat
1 0 102.5536 -214.3410 77.3860 1.2438 -0.2926 -1.2235 -1.2086 0.4489 -1.2495 0.2296 3.9656 0.0513 1-4cyli.dat
1 0 102.5536 -214.3410 77.3860 -1.2438 -0.2926 1.2235 1.2086 0.4489 1.2495 -0.2296 3.9656 -0.0513 1-4cyli.dat
1 0 105.0211 -214.3001 77.5644 -1.2438 -0.2926 1.2235 1.2086 0.4489 1.2495 -0.2296 3.9656 -0.0513 3-4cyli.dat
2 24 101.467 -213.431 73.797 101.268 -213.070 77.778
2 24 101.498 -215.895 74.024 101.299 -215.533 78.004
2 24 103.938 -213.389 73.918 103.739 -213.028 77.898
2 24 103.969 -215.853 74.144 103.770 -215.491 78.125
2 24 98.996 -213.473 73.677 98.797 -213.112 77.657
2 24 99.027 -215.937 73.903 98.828 -215.575 77.884
1 0 97.7765 -214.7254 73.7297 1.2507 -0.1990 -1.2201 -1.2108 0.3615 -1.2528 0.1735 3.9804 0.0529 3-4cyli.dat
1 0 100.2475 -214.6835 73.8503 1.2507 -0.1990 -1.2201 -1.2108 0.3615 -1.2528 0.1735 3.9804 0.0529 1-4cyli.dat
1 0 100.2475 -214.6835 73.8503 -1.2507 -0.1990 1.2201 1.2108 0.3615 1.2528 -0.1735 3.9804 -0.0529 1-4cyli.dat
1 0 102.7175 -214.6415 73.9708 1.2507 -0.1990 -1.2201 -1.2108 0.3615 -1.2528 0.1735 3.9804 0.0529 1-4cyli.dat
1 0 102.7175 -214.6415 73.9708 -1.2507 -0.1990 1.2201 1.2108 0.3615 1.2528 -0.1735 3.9804 -0.0529 1-4cyli.dat
1 0 105.1886 -214.5995 74.0914 -1.2507 -0.1990 1.2201 1.2108 0.3615 1.2528 -0.1735 3.9804 -0.0529 3-4cyli.dat
2 24 101.529 -213.629 70.681 101.436 -213.365 74.673
2 24 101.567 -216.098 70.847 101.474 -215.834 74.839
2 24 104.003 -213.587 70.737 103.909 -213.324 74.729
2 24 104.040 -216.056 70.902 103.947 -215.792 74.894
2 24 99.056 -213.671 70.626 98.963 -213.407 74.618
2 24 99.094 -216.140 70.791 99.000 -215.876 74.783
1 0 97.8387 -214.9260 70.6801 1.2555 -0.0933 -1.2176 -1.2132 0.2639 -1.2551 0.1105 3.9920 0.0546 3-4cyli.dat
1 0 100.3120 -214.8841 70.7360 1.2555 -0.0933 -1.2176 -1.2132 0.2639 -1.2551 0.1105 3.9920 0.0546 1-4cyli.dat
1 0 100.3120 -214.8841 70.7360 -1.2555 -0.0933 1.2176 1.2132 0.2639 1.2551 -0.1105 3.9920 -0.0546 1-4cyli.dat
1 0 102.7843 -214.8422 70.7918 1.2555 -0.0933 -1.2176 -1.2132 0.2639 -1.2551 0.1105 3.9920 0.0546 1-4cyli.dat
1 0 102.7843 -214.8422 70.7918 -1.2555 -0.0933 1.2176 1.2132 0.2639 1.2551 -0.1105 3.9920 -0.0546 1-4cyli.dat
1 0 105.2577 -214.8003 70.8477 -1.2555 -0.0933 1.2176 1.2132 0.2639 1.2551 -0.1105 3.9920 -0.0546 3-4cyli.dat
2 24 101.538 -213.770 67.734 101.512 -213.568 71.730
2 24 101.578 -216.240 67.860 101.553 -216.039 71.857
2 24 104.012 -213.728 67.748 103.986 -213.526 71.745
2 24 104.052 -216.199 67.874 104.026 -215.997 71.871
2 24 99.064 -213.811 67.719 99.038 -213.609 71.716
2 24 99.104 -216.282 67.845 99.079 -216.080 71.842
1 0 97.8475 -215.0667 67.7750 1.2570 -0.0256 -1.2167 -1.2146 0.2019 -1.2560 0.0703 3.9967 0.0558 3-4cyli.dat
1 0 100.3214 -215.0252 67.7895 1.2570 -0.0256 -1.2167 -1.2146 0.2019 -1.2560 0.0703 3.9967 0.0558 1-4cyli.dat
1 0 100.3214 -215.0252 67.7895 -1.2570 -0.0256 1.2167 1.2146 0.2019 1.2560 -0.0703 3.9967 -0.0558 1-4cyli.dat
1 0 102.7943 -214.9838 67.8041 1.2570 -0.0256 -1.2167 -1.2146 0.2019 -1.2560 0.0703 3.9967 0.0558 1-4cyli.dat
1 0 102.7943 -214.9838 67.8041 -1.2570 -0.0256 1.2167 1.2146 0.2019 1.2560 -0.0703 3.9967 -0.0558 1-4cyli.dat
1 0 105.2682 -214.9423 67.8186 -1.2570 -0.0256 1.2167 1.2146 0.2019 1.2560 -0.0703 3.9967 -0.0558 3-4cyli.dat
