0 FILE dx0001.dat
0 dx0001
0 Name:  零件表_Copy
0 Author:  
0 BL_Item_No dx0001.dat
0 BFC CERTIFY CCW
1 71 0.0000 0.0000 0.0000 1.0000 0.0000 0.0000 0.0000 1.0000 0.0000 0.0000 0.0000 1.0000 58120.dat
1 72 10.0000 -88.0000 200.0000 0.0000 0.0000 1.0000 0.0000 1.0000 0.0000 -1.0000 0.0000 0.0000 58124c01.dat
2 24 0.020 -24.918 121.494 -0.001 -21.989 118.706
2 24 0.020 -26.624 119.701 -0.002 -23.695 116.913
2 24 -2.455 -24.928 121.503 -2.476 -21.998 118.716
2 24 -2.455 -26.634 119.710 -2.477 -23.704 116.923
2 24 2.495 -24.909 121.485 2.474 -21.979 118.697
2 24 2.495 -26.615 119.692 2.473 -23.685 116.904
1 0 3.7322 -25.7567 120.5837 -1.2375 -0.0217 1.2373 -0.8577 2.9295 -0.8482 -0.8918 -2.7874 -0.9011 3-4cyli.dat
1 0 1.2572 -25.7662 120.5930 -1.2375 -0.0217 1.2373 -0.8577 2.9295 -0.8482 -0.8918 -2.7874 -0.9011 1-4cyli.dat
1 0 1.2572 -25.7662 120.5930 1.2375 -0.0217 -1.2373 0.8577 2.9295 0.8482 0.8918 -2.7874 0.9011 1-4cyli.dat
1 0 -1.2168 -25.7757 120.6023 -1.2375 -0.0217 1.2373 -0.8577 2.9295 -0.8482 -0.8918 -2.7874 -0.9011 1-4cyli.dat
1 0 -1.2168 -25.7757 120.6023 1.2375 -0.0217 -1.2373 0.8577 2.9295 0.8482 0.8918 -2.7874 0.9011 1-4cyli.dat
1 0 -3.6917 -25.7852 120.6116 1.2375 -0.0217 -1.2373 0.8577 2.9295 0.8482 0.8918 -2.7874 0.9011 3-4cyli.dat
2 24 0.076 -27.597 123.811 0.015 -24.547 121.156
2 24 0.075 -29.222 121.944 0.014 -26.172 119.289
2 24 -2.398 -27.624 123.837 -2.459 -24.574 121.182
2 24 -2.400 -29.249 121.970 -2.461 -26.199 119.315
2 24 2.551 -27.570 123.785 2.490 -24.520 121.130
2 24 2.549 -29.195 121.919 2.488 -26.145 119.264
1 0 3.7871 -28.3685 122.8394 -1.2381 -0.0610 1.2364 -0.8260 3.0496 -0.7990 -0.9204 -2.6549 -0.9461 3-4cyli.dat
1 0 1.3124 -28.3956 122.8651 -1.2381 -0.0610 1.2364 -0.8260 3.0496 -0.7990 -0.9204 -2.6549 -0.9461 1-4cyli.dat
1 0 1.3124 -28.3956 122.8651 1.2381 -0.0610 -1.2364 0.8260 3.0496 0.7990 0.9204 -2.6549 0.9461 1-4cyli.dat
1 0 -1.1614 -28.4227 122.8908 -1.2381 -0.0610 1.2364 -0.8260 3.0496 -0.7990 -0.9204 -2.6549 -0.9461 1-4cyli.dat
1 0 -1.1614 -28.4227 122.8908 1.2381 -0.0610 -1.2364 0.8260 3.0496 0.7990 0.9204 -2.6549 0.9461 1-4cyli.dat
1 0 -3.6361 -28.4497 122.9166 1.2381 -0.0610 -1.2364 0.8260 3.0496 0.7990 0.9204 -2.6549 0.9461 3-4cyli.dat
2 24 0.169 -30.208 125.833 0.060 -27.022 123.345
2 24 0.164 -31.731 123.882 0.054 -28.545 121.395
2 24 -2.305 -30.258 125.878 -2.414 -27.071 123.391
2 24 -2.310 -31.781 123.927 -2.420 -28.594 121.440
2 24 2.643 -30.159 125.787 2.534 -26.972 123.300
2 24 2.638 -31.682 123.836 2.528 -28.495 121.349
1 0 3.8770 -30.8953 124.7895 -1.2396 -0.1094 1.2343 -0.7861 3.1865 -0.7367 -0.9527 -2.4872 -0.9981 3-4cyli.dat
1 0 1.4029 -30.9448 124.8349 -1.2396 -0.1094 1.2343 -0.7861 3.1865 -0.7367 -0.9527 -2.4872 -0.9981 1-4cyli.dat
1 0 1.4029 -30.9448 124.8349 1.2396 -0.1094 -1.2343 0.7861 3.1865 0.7367 0.9527 -2.4872 0.9981 1-4cyli.dat
1 0 -1.0702 -30.9942 124.8803 -1.2396 -0.1094 1.2343 -0.7861 3.1865 -0.7367 -0.9527 -2.4872 -0.9981 1-4cyli.dat
1 0 -1.0702 -30.9942 124.8803 1.2396 -0.1094 -1.2343 0.7861 3.1865 0.7367 0.9527 -2.4872 0.9981 1-4cyli.dat
1 0 -3.5443 -31.0437 124.9257 1.2396 -0.1094 -1.2343 0.7861 3.1865 0.7367 0.9527 -2.4872 0.9981 3-4cyli.dat
2 24 0.304 -32.927 127.703 0.147 -29.616 125.387
2 24 0.293 -34.346 125.676 0.136 -31.035 123.359
2 24 -2.169 -32.999 127.768 -2.326 -29.688 125.451
2 24 -2.180 -34.418 125.740 -2.337 -31.108 123.424
2 24 2.777 -32.854 127.639 2.620 -29.543 125.322
2 24 2.766 -34.273 125.611 2.609 -30.963 123.295
1 0 4.0079 -33.5272 126.5933 -1.2421 -0.1575 1.2308 -0.7459 3.3106 -0.6734 -0.9814 -2.3168 -1.0459 3-4cyli.dat
1 0 1.5348 -33.5997 126.6578 -1.2421 -0.1575 1.2308 -0.7459 3.3106 -0.6734 -0.9814 -2.3168 -1.0459 1-4cyli.dat
1 0 1.5348 -33.5997 126.6578 1.2421 -0.1575 -1.2308 0.7459 3.3106 0.6734 0.9814 -2.3168 1.0459 1-4cyli.dat
1 0 -0.9373 -33.6722 126.7223 -1.2421 -0.1575 1.2308 -0.7459 3.3106 -0.6734 -0.9814 -2.3168 -1.0459 1-4cyli.dat
1 0 -0.9373 -33.6722 126.7223 1.2421 -0.1575 -1.2308 0.7459 3.3106 0.6734 0.9814 -2.3168 1.0459 1-4cyli.dat
1 0 -3.4104 -33.7447 126.7868 1.2421 -0.1575 -1.2308 0.7459 3.3106 0.6734 0.9814 -2.3168 1.0459 3-4cyli.dat
2 24 0.488 -35.765 129.410 0.270 -32.315 127.314
2 24 0.467 -37.052 127.296 0.249 -33.601 125.199
2 24 -1.983 -35.868 129.498 -2.201 -32.418 127.401
2 24 -2.004 -37.155 127.384 -2.223 -33.704 125.287
2 24 2.960 -35.662 129.323 2.741 -32.211 127.226
2 24 2.938 -36.948 127.208 2.720 -33.498 125.111
1 0 4.1841 -36.2536 128.2221 -1.2462 -0.2183 1.2249 -0.6946 3.4508 -0.5915 -1.0133 -2.0968 -1.1010 3-4cyli.dat
1 0 1.7128 -36.3566 128.3097 -1.2462 -0.2183 1.2249 -0.6946 3.4508 -0.5915 -1.0133 -2.0968 -1.1010 1-4cyli.dat
1 0 1.7128 -36.3566 128.3097 1.2462 -0.2183 -1.2249 0.6946 3.4508 0.5915 1.0133 -2.0968 1.1010 1-4cyli.dat
1 0 -0.7575 -36.4597 128.3973 -1.2462 -0.2183 1.2249 -0.6946 3.4508 -0.5915 -1.0133 -2.0968 -1.1010 1-4cyli.dat
1 0 -0.7575 -36.4597 128.3973 1.2462 -0.2183 -1.2249 0.6946 3.4508 0.5915 1.0133 -2.0968 1.1010 1-4cyli.dat
1 0 -3.2288 -36.5628 128.4849 1.2462 -0.2183 -1.2249 0.6946 3.4508 0.5915 1.0133 -2.0968 1.1010 3-4cyli.dat
2 24 0.726 -38.709 130.919 0.447 -35.136 129.046
2 24 0.692 -39.860 128.728 0.413 -36.287 126.855
2 24 -1.742 -38.844 131.029 -2.022 -35.271 129.156
2 24 -1.777 -39.995 128.838 -2.056 -36.422 126.965
2 24 3.195 -38.574 130.809 2.916 -35.001 128.936
2 24 3.161 -39.725 128.618 2.881 -36.152 126.745
1 0 4.4119 -39.0817 129.6586 -1.2516 -0.2792 1.2170 -0.6431 3.5730 -0.5079 -1.0403 -1.8729 -1.1503 3-4cyli.dat
1 0 1.9431 -39.2169 129.7686 -1.2516 -0.2792 1.2170 -0.6431 3.5730 -0.5079 -1.0403 -1.8729 -1.1503 1-4cyli.dat
1 0 1.9431 -39.2169 129.7686 1.2516 -0.2792 -1.2170 0.6431 3.5730 0.5079 1.0403 -1.8729 1.1503 1-4cyli.dat
1 0 -0.5248 -39.3521 129.8786 -1.2516 -0.2792 1.2170 -0.6431 3.5730 -0.5079 -1.0403 -1.8729 -1.1503 1-4cyli.dat
1 0 -0.5248 -39.3521 129.8786 1.2516 -0.2792 -1.2170 0.6431 3.5730 0.5079 1.0403 -1.8729 1.1503 1-4cyli.dat
1 0 -2.9936 -39.4873 129.9887 1.2516 -0.2792 -1.2170 0.6431 3.5730 0.5079 1.0403 -1.8729 1.1503 3-4cyli.dat
2 24 1.023 -41.759 132.220 0.671 -38.062 130.619
2 24 0.969 -42.746 129.952 0.617 -39.050 128.351
2 24 -1.442 -41.935 132.356 -1.794 -38.238 130.755
2 24 -1.496 -42.922 130.087 -1.848 -39.226 128.486
2 24 3.488 -41.582 132.085 3.136 -37.886 130.484
2 24 3.434 -42.570 129.816 3.082 -38.873 128.215
1 0 4.6932 -41.9880 130.8831 -1.2595 -0.3523 1.2053 -0.5819 3.6966 -0.4057 -1.0665 -1.6009 -1.2021 3-4cyli.dat
1 0 2.2282 -42.1642 131.0187 -1.2595 -0.3523 1.2053 -0.5819 3.6966 -0.4057 -1.0665 -1.6009 -1.2021 1-4cyli.dat
1 0 2.2282 -42.1642 131.0187 1.2595 -0.3523 -1.2053 0.5819 3.6966 0.4057 1.0665 -1.6009 1.2021 1-4cyli.dat
1 0 -0.2358 -42.3403 131.1543 -1.2595 -0.3523 1.2053 -0.5819 3.6966 -0.4057 -1.0665 -1.6009 -1.2021 1-4cyli.dat
1 0 -0.2358 -42.3403 131.1543 1.2595 -0.3523 -1.2053 0.5819 3.6966 0.4057 1.0665 -1.6009 1.2021 1-4cyli.dat
1 0 -2.7008 -42.5165 131.2899 1.2595 -0.3523 -1.2053 0.5819 3.6966 0.4057 1.0665 -1.6009 1.2021 3-4cyli.dat
2 24 1.381 -44.881 133.293 0.960 -41.091 131.949
2 24 1.304 -45.716 130.965 0.883 -41.926 129.620
2 24 -1.079 -45.098 133.452 -1.501 -41.308 132.108
2 24 -1.156 -45.933 131.124 -1.578 -42.143 129.779
2 24 3.841 -44.664 133.134 3.420 -40.874 131.790
2 24 3.764 -45.499 130.806 3.343 -41.709 129.461
1 0 5.0325 -44.9730 131.8908 -1.2685 -0.4214 1.1916 -0.5259 3.7903 -0.3088 -1.0847 -1.3447 -1.2438 3-4cyli.dat
1 0 2.5722 -45.1901 132.0499 -1.2685 -0.4214 1.1916 -0.5259 3.7903 -0.3088 -1.0847 -1.3447 -1.2438 1-4cyli.dat
1 0 2.5722 -45.1901 132.0499 1.2685 -0.4214 -1.1916 0.5259 3.7903 0.3088 1.0847 -1.3447 1.2438 1-4cyli.dat
1 0 0.1129 -45.4071 132.2089 -1.2685 -0.4214 1.1916 -0.5259 3.7903 -0.3088 -1.0847 -1.3447 -1.2438 1-4cyli.dat
1 0 0.1129 -45.4071 132.2089 1.2685 -0.4214 -1.1916 0.5259 3.7903 0.3088 1.0847 -1.3447 1.2438 1-4cyli.dat
1 0 -2.3474 -45.6242 132.3680 1.2685 -0.4214 -1.1916 0.5259 3.7903 0.3088 1.0847 -1.3447 1.2438 3-4cyli.dat
2 24 1.802 -48.071 134.145 1.302 -44.200 133.089
2 24 1.695 -48.735 131.763 1.194 -44.863 130.707
2 24 -0.651 -48.338 134.330 -1.152 -44.467 133.274
2 24 -0.758 -49.002 131.948 -1.259 -45.130 130.892
2 24 4.256 -47.804 133.960 3.755 -43.933 132.905
2 24 4.149 -48.468 131.578 3.648 -44.596 130.523
1 0 5.4288 -48.0024 132.6774 -1.2803 -0.5008 1.1731 -0.4652 3.8713 -0.1982 -1.0985 -1.0557 -1.2833 3-4cyli.dat
1 0 2.9752 -48.2694 132.8622 -1.2803 -0.5008 1.1731 -0.4652 3.8713 -0.1982 -1.0985 -1.0557 -1.2833 1-4cyli.dat
1 0 2.9752 -48.2694 132.8622 1.2803 -0.5008 -1.1731 0.4652 3.8713 0.1982 1.0985 -1.0557 1.2833 1-4cyli.dat
1 0 0.5226 -48.5363 133.0469 -1.2803 -0.5008 1.1731 -0.4652 3.8713 -0.1982 -1.0985 -1.0557 -1.2833 1-4cyli.dat
1 0 0.5226 -48.5363 133.0469 1.2803 -0.5008 -1.1731 0.4652 3.8713 0.1982 1.0985 -1.0557 1.2833 1-4cyli.dat
1 0 -1.9311 -48.8033 133.2317 1.2803 -0.5008 -1.1731 0.4652 3.8713 0.1982 1.0985 -1.0557 1.2833 3-4cyli.dat
2 24 2.289 -51.292 134.769 1.714 -47.370 133.970
2 24 2.149 -51.806 132.352 1.574 -47.884 131.553
2 24 -0.157 -51.608 134.978 -0.732 -47.686 134.178
2 24 -0.297 -52.122 132.561 -0.872 -48.200 131.761
2 24 4.735 -50.976 134.561 4.160 -47.054 133.761
2 24 4.595 -51.489 132.144 4.020 -47.568 131.344
1 0 5.8873 -51.0746 133.2482 -1.2928 -0.5753 1.1528 -0.4148 3.9219 -0.0986 -1.1041 -0.7998 -1.3128 3-4cyli.dat
1 0 3.4415 -51.3908 133.4570 -1.2928 -0.5753 1.1528 -0.4148 3.9219 -0.0986 -1.1041 -0.7998 -1.3128 1-4cyli.dat
1 0 3.4415 -51.3908 133.4570 1.2928 -0.5753 -1.1528 0.4148 3.9219 0.0986 1.1041 -0.7998 1.3128 1-4cyli.dat
1 0 0.9967 -51.7068 133.6657 -1.2928 -0.5753 1.1528 -0.4148 3.9219 -0.0986 -1.1041 -0.7998 -1.3128 1-4cyli.dat
1 0 0.9967 -51.7068 133.6657 1.2928 -0.5753 -1.1528 0.4148 3.9219 0.0986 1.1041 -0.7998 1.3128 1-4cyli.dat
1 0 -1.4492 -52.0230 133.8745 1.2928 -0.5753 -1.1528 0.4148 3.9219 0.0986 1.1041 -0.7998 1.3128 3-4cyli.dat
2 24 2.843 -54.533 135.197 2.183 -50.580 134.656
2 24 2.663 -54.897 132.755 2.003 -50.945 132.214
2 24 0.408 -54.907 135.432 -0.252 -50.955 134.892
2 24 0.228 -55.272 132.991 -0.432 -51.319 132.450
2 24 5.279 -54.159 134.961 4.619 -50.206 134.420
2 24 5.098 -54.523 132.519 4.438 -50.570 131.979
1 0 6.4054 -54.1538 133.6228 -1.3077 -0.6600 1.1273 -0.3692 3.9528 0.0051 -1.1027 -0.5408 -1.3385 3-4cyli.dat
1 0 3.9703 -54.5281 133.8586 -1.3077 -0.6600 1.1273 -0.3692 3.9528 0.0051 -1.1027 -0.5408 -1.3385 1-4cyli.dat
1 0 3.9703 -54.5281 133.8586 1.3077 -0.6600 -1.1273 0.3692 3.9528 -0.0051 1.1027 -0.5408 1.3385 1-4cyli.dat
1 0 1.5361 -54.9022 134.0943 -1.3077 -0.6600 1.1273 -0.3692 3.9528 0.0051 -1.1027 -0.5408 -1.3385 1-4cyli.dat
1 0 1.5361 -54.9022 134.0943 1.3077 -0.6600 -1.1273 0.3692 3.9528 -0.0051 1.1027 -0.5408 1.3385 1-4cyli.dat
1 0 -0.8990 -55.2766 134.3301 1.3077 -0.6600 -1.1273 0.3692 3.9528 -0.0051 1.1027 -0.5408 1.3385 3-4cyli.dat
2 24 3.457 -57.752 135.474 2.725 -53.792 135.105
2 24 3.240 -58.021 133.024 2.508 -54.061 132.655
2 24 1.033 -58.176 135.736 0.301 -54.216 135.367
2 24 0.815 -58.444 133.285 0.084 -54.484 132.916
2 24 5.882 -57.328 135.213 5.150 -53.368 134.844
2 24 5.664 -57.597 132.762 4.932 -53.637 132.393
1 0 6.9846 -57.2507 133.8573 -1.3208 -0.7319 1.1035 -0.3461 3.9599 0.0776 -1.0946 -0.3690 -1.3560 3-4cyli.dat
1 0 4.5602 -57.6744 134.1187 -1.3208 -0.7319 1.1035 -0.3461 3.9599 0.0776 -1.0946 -0.3690 -1.3560 1-4cyli.dat
1 0 4.5602 -57.6744 134.1187 1.3208 -0.7319 -1.1035 0.3461 3.9599 -0.0776 1.0946 -0.3690 1.3560 1-4cyli.dat
1 0 2.1368 -58.0980 134.3800 -1.3208 -0.7319 1.1035 -0.3461 3.9599 0.0776 -1.0946 -0.3690 -1.3560 1-4cyli.dat
1 0 2.1368 -58.0980 134.3800 1.3208 -0.7319 -1.1035 0.3461 3.9599 -0.0776 1.0946 -0.3690 1.3560 1-4cyli.dat
1 0 -0.2876 -58.5217 134.6414 1.3208 -0.7319 -1.1035 0.3461 3.9599 -0.0776 1.0946 -0.3690 1.3560 3-4cyli.dat
2 24 4.138 -60.947 135.665 3.321 -56.994 135.418
2 24 3.879 -61.154 133.212 3.062 -57.201 132.965
2 24 1.728 -61.427 135.960 0.911 -57.474 135.712
2 24 1.469 -61.634 133.507 0.652 -57.681 133.260
2 24 6.548 -60.467 135.370 5.731 -56.514 135.123
2 24 6.289 -60.674 132.917 5.472 -56.721 132.670
1 0 7.6234 -60.3304 133.9970 -1.3343 -0.8174 1.0756 -0.3434 3.9526 0.1365 -1.0789 -0.2473 -1.3736 3-4cyli.dat
1 0 5.2133 -60.8103 134.2917 -1.3343 -0.8174 1.0756 -0.3434 3.9526 0.1365 -1.0789 -0.2473 -1.3736 1-4cyli.dat
1 0 5.2133 -60.8103 134.2917 1.3343 -0.8174 -1.0756 0.3434 3.9526 -0.1365 1.0789 -0.2473 1.3736 1-4cyli.dat
1 0 2.8042 -61.2900 134.5863 -1.3343 -0.8174 1.0756 -0.3434 3.9526 0.1365 -1.0789 -0.2473 -1.3736 1-4cyli.dat
1 0 2.8042 -61.2900 134.5863 1.3343 -0.8174 -1.0756 0.3434 3.9526 -0.1365 1.0789 -0.2473 1.3736 1-4cyli.dat
1 0 0.3942 -61.7700 134.8810 1.3343 -0.8174 -1.0756 0.3434 3.9526 -0.1365 1.0789 -0.2473 1.3736 3-4cyli.dat
2 24 4.878 -64.085 135.873 3.985 -60.149 135.612
2 24 4.588 -64.313 133.426 3.696 -60.377 133.165
2 24 2.482 -64.606 136.205 1.589 -60.671 135.944
2 24 2.192 -64.834 133.758 1.299 -60.899 133.497
2 24 7.275 -63.563 135.541 6.382 -59.628 135.280
2 24 6.985 -63.791 133.093 6.092 -59.856 132.832
1 0 8.3275 -63.4165 134.1512 -1.3430 -0.8926 1.0533 -0.3747 3.9354 0.1468 -1.0574 -0.2609 -1.3898 3-4cyli.dat
1 0 5.9310 -63.9380 134.4836 -1.3430 -0.8926 1.0533 -0.3747 3.9354 0.1468 -1.0574 -0.2609 -1.3898 1-4cyli.dat
1 0 5.9310 -63.9380 134.4836 1.3430 -0.8926 -1.0533 0.3747 3.9354 -0.1468 1.0574 -0.2609 1.3898 1-4cyli.dat
1 0 3.5355 -64.4593 134.8158 -1.3430 -0.8926 1.0533 -0.3747 3.9354 0.1468 -1.0574 -0.2609 -1.3898 1-4cyli.dat
1 0 3.5355 -64.4593 134.8158 1.3430 -0.8926 -1.0533 0.3747 3.9354 -0.1468 1.0574 -0.2609 1.3898 1-4cyli.dat
1 0 1.1390 -64.9809 135.1481 1.3430 -0.8926 -1.0533 0.3747 3.9354 -0.1468 1.0574 -0.2609 1.3898 3-4cyli.dat
2 24 5.671 -67.143 136.230 4.699 -63.242 135.789
2 24 5.362 -67.495 133.800 4.390 -63.594 133.359
2 24 3.289 -67.693 136.613 2.317 -63.793 136.171
2 24 2.980 -68.045 134.182 2.008 -64.145 133.741
2 24 8.054 -66.593 135.847 7.082 -62.692 135.406
2 24 7.745 -66.944 133.417 6.773 -63.044 132.976
1 0 9.0899 -66.4934 134.4414 -1.3456 -0.9717 1.0367 -0.4510 3.9004 0.0992 -1.0238 -0.4411 -1.4063 3-4cyli.dat
1 0 6.7074 -67.0437 134.8240 -1.3456 -0.9717 1.0367 -0.4510 3.9004 0.0992 -1.0238 -0.4411 -1.4063 1-4cyli.dat
1 0 6.7074 -67.0437 134.8240 1.3456 -0.9717 -1.0367 0.4510 3.9004 -0.0992 1.0238 -0.4411 1.4063 1-4cyli.dat
1 0 4.3258 -67.5938 135.2064 -1.3456 -0.9717 1.0367 -0.4510 3.9004 0.0992 -1.0238 -0.4411 -1.4063 1-4cyli.dat
1 0 4.3258 -67.5938 135.2064 1.3456 -0.9717 -1.0367 0.4510 3.9004 -0.0992 1.0238 -0.4411 1.4063 1-4cyli.dat
1 0 1.9433 -68.1441 135.5890 1.3456 -0.9717 -1.0367 0.4510 3.9004 -0.0992 1.0238 -0.4411 1.4063 3-4cyli.dat
2 24 6.503 -70.039 136.964 5.467 -66.230 136.083
2 24 6.204 -70.669 134.589 5.168 -66.861 133.709
2 24 4.130 -70.582 137.407 3.094 -66.774 136.527
2 24 3.831 -71.212 135.033 2.795 -67.404 134.152
2 24 8.877 -69.495 136.521 7.841 -65.687 135.640
2 24 8.578 -70.126 134.146 7.542 -66.317 133.266
1 0 9.9139 -69.5390 135.1125 -1.3362 -1.0360 1.0372 -0.5868 3.8084 -0.0436 -0.9656 -0.8806 -1.4088 3-4cyli.dat
1 0 7.5403 -70.0822 135.5557 -1.3362 -1.0360 1.0372 -0.5868 3.8084 -0.0436 -0.9656 -0.8806 -1.4088 1-4cyli.dat
1 0 7.5403 -70.0822 135.5557 1.3362 -1.0360 -1.0372 0.5868 3.8084 0.0436 0.9656 -0.8806 1.4088 1-4cyli.dat
1 0 5.1676 -70.6253 135.9987 -1.3362 -1.0360 1.0372 -0.5868 3.8084 -0.0436 -0.9656 -0.8806 -1.4088 1-4cyli.dat
1 0 5.1676 -70.6253 135.9987 1.3362 -1.0360 -1.0372 0.5868 3.8084 0.0436 0.9656 -0.8806 1.4088 1-4cyli.dat
1 0 2.7940 -71.1685 136.4419 1.3362 -1.0360 -1.0372 0.5868 3.8084 0.0436 0.9656 -0.8806 1.4088 3-4cyli.dat
2 24 7.316 -72.624 138.241 6.266 -69.078 136.605
2 24 7.072 -73.715 136.032 6.022 -70.169 134.397
2 24 4.938 -73.099 138.738 3.888 -69.553 137.102
2 24 4.694 -74.190 136.529 3.644 -70.644 134.894
2 24 9.694 -72.150 137.743 8.644 -68.604 136.108
2 24 9.450 -73.241 135.535 8.400 -69.695 133.899
1 0 10.7600 -72.4578 136.3913 -1.3107 -1.0499 1.0668 -0.7827 3.5460 -0.3081 -0.8555 -1.6358 -1.3525 3-4cyli.dat
1 0 8.3824 -72.9324 136.8884 -1.3107 -1.0499 1.0668 -0.7827 3.5460 -0.3081 -0.8555 -1.6358 -1.3525 1-4cyli.dat
1 0 8.3824 -72.9324 136.8884 1.3107 -1.0499 -1.0668 0.7827 3.5460 0.3081 0.8555 -1.6358 1.3525 1-4cyli.dat
1 0 6.0057 -73.4069 137.3853 -1.3107 -1.0499 1.0668 -0.7827 3.5460 -0.3081 -0.8555 -1.6358 -1.3525 1-4cyli.dat
1 0 6.0057 -73.4069 137.3853 1.3107 -1.0499 -1.0668 0.7827 3.5460 0.3081 0.8555 -1.6358 1.3525 1-4cyli.dat
1 0 3.6280 -73.8816 137.8824 1.3107 -1.0499 -1.0668 0.7827 3.5460 0.3081 0.8555 -1.6358 1.3525 3-4cyli.dat
2 24 8.020 -74.671 140.218 7.065 -71.679 137.671
2 24 7.868 -76.301 138.361 6.913 -73.308 135.814
2 24 5.620 -75.014 140.715 4.665 -72.022 138.169
2 24 5.468 -76.643 138.858 4.513 -73.651 136.312
2 24 10.420 -74.329 139.720 9.465 -71.336 137.174
2 24 10.268 -75.958 137.863 9.313 -72.965 135.317
1 0 11.5440 -74.9713 138.5436 -1.2760 -0.9554 1.1239 -0.9859 2.9923 -0.6430 -0.6798 -2.5466 -1.1772 3-4cyli.dat
1 0 9.1439 -75.3142 139.0410 -1.2760 -0.9554 1.1239 -0.9859 2.9923 -0.6430 -0.6798 -2.5466 -1.1772 1-4cyli.dat
1 0 9.1439 -75.3142 139.0410 1.2760 -0.9554 -1.1239 0.9859 2.9923 0.6430 0.6798 -2.5466 1.1772 1-4cyli.dat
1 0 6.7447 -75.6571 139.5383 -1.2760 -0.9554 1.1239 -0.9859 2.9923 -0.6430 -0.6798 -2.5466 -1.1772 1-4cyli.dat
1 0 6.7447 -75.6571 139.5383 1.2760 -0.9554 -1.1239 0.9859 2.9923 0.6430 0.6798 -2.5466 1.1772 1-4cyli.dat
1 0 4.3446 -76.0000 140.0357 1.2760 -0.9554 -1.1239 0.9859 2.9923 0.6430 0.6798 -2.5466 1.1772 3-4cyli.dat
2 24 8.569 -76.171 142.660 7.812 -73.955 139.363
2 24 8.502 -78.231 141.291 7.744 -76.016 137.994
2 24 6.139 -76.372 143.083 5.381 -74.157 139.786
2 24 6.071 -78.433 141.714 5.314 -76.217 138.417
2 24 10.999 -75.969 142.237 10.242 -73.754 138.940
2 24 10.932 -78.030 140.868 10.174 -75.815 137.571
1 0 12.1803 -76.8986 141.3414 -1.2488 -0.7575 1.1813 -1.1310 2.2154 -0.9295 -0.4731 -3.2970 -0.8960 3-4cyli.dat
1 0 9.7501 -77.1000 141.7643 -1.2488 -0.7575 1.1813 -1.1310 2.2154 -0.9295 -0.4731 -3.2970 -0.8960 1-4cyli.dat
1 0 9.7501 -77.1000 141.7643 1.2488 -0.7575 -1.1813 1.1310 2.2154 0.9295 0.4731 -3.2970 0.8960 1-4cyli.dat
1 0 7.3208 -77.3014 142.1872 -1.2488 -0.7575 1.1813 -1.1310 2.2154 -0.9295 -0.4731 -3.2970 -0.8960 1-4cyli.dat
1 0 7.3208 -77.3014 142.1872 1.2488 -0.7575 -1.1813 1.1310 2.2154 0.9295 0.4731 -3.2970 0.8960 1-4cyli.dat
1 0 4.8906 -77.5028 142.6102 1.2488 -0.7575 -1.1813 1.1310 2.2154 0.9295 0.4731 -3.2970 0.8960 3-4cyli.dat
2 24 8.981 -77.255 145.453 8.410 -75.664 141.779
2 24 8.955 -79.527 144.473 8.383 -77.937 140.799
2 24 6.531 -77.369 145.784 5.960 -75.779 142.110
2 24 6.505 -79.642 144.804 5.933 -78.052 141.131
2 24 11.431 -77.140 145.121 10.860 -75.550 141.447
2 24 11.405 -79.413 144.141 10.834 -77.822 140.468
1 0 12.6427 -78.2185 144.4656 -1.2380 -0.5716 1.2118 -1.1936 1.5905 -1.0789 -0.3241 -3.6737 -0.6556 3-4cyli.dat
1 0 10.1927 -78.3332 144.7971 -1.2380 -0.5716 1.2118 -1.1936 1.5905 -1.0789 -0.3241 -3.6737 -0.6556 1-4cyli.dat
1 0 10.1927 -78.3332 144.7971 1.2380 -0.5716 -1.2118 1.1936 1.5905 1.0789 0.3241 -3.6737 0.6556 1-4cyli.dat
1 0 7.7437 -78.4479 145.1285 -1.2380 -0.5716 1.2118 -1.1936 1.5905 -1.0789 -0.3241 -3.6737 -0.6556 1-4cyli.dat
1 0 7.7437 -78.4479 145.1285 1.2380 -0.5716 -1.2118 1.1936 1.5905 1.0789 0.3241 -3.6737 0.6556 1-4cyli.dat
1 0 5.2937 -78.5627 145.4600 1.2380 -0.5716 -1.2118 1.1936 1.5905 1.0789 0.3241 -3.6737 0.6556 3-4cyli.dat
2 24 9.297 -78.065 148.410 8.878 -76.946 144.547
2 24 9.290 -80.443 147.722 8.870 -79.323 143.859
2 24 6.836 -78.129 148.659 6.416 -77.010 144.796
2 24 6.828 -80.507 147.971 6.408 -79.387 144.108
2 24 11.759 -78.001 148.161 11.339 -76.882 144.298
2 24 11.751 -80.379 147.473 11.331 -79.259 143.610
1 0 12.9853 -79.1573 147.6930 -1.2345 -0.4197 1.2269 -1.2207 1.1194 -1.1566 -0.2196 -3.8631 -0.4684 3-4cyli.dat
1 0 10.5237 -79.2214 147.9419 -1.2345 -0.4197 1.2269 -1.2207 1.1194 -1.1566 -0.2196 -3.8631 -0.4684 1-4cyli.dat
1 0 10.5237 -79.2214 147.9419 1.2345 -0.4197 -1.2269 1.2207 1.1194 1.1566 0.2196 -3.8631 0.4684 1-4cyli.dat
1 0 8.0631 -79.2854 148.1906 -1.2345 -0.4197 1.2269 -1.2207 1.1194 -1.1566 -0.2196 -3.8631 -0.4684 1-4cyli.dat
1 0 8.0631 -79.2854 148.1906 1.2345 -0.4197 -1.2269 1.2207 1.1194 1.1566 0.2196 -3.8631 0.4684 1-4cyli.dat
1 0 5.6015 -79.3495 148.4395 1.2345 -0.4197 -1.2269 1.2207 1.1194 1.1566 0.2196 -3.8631 0.4684 3-4cyli.dat
2 24 9.527 -78.638 151.486 9.218 -77.840 147.534
2 24 9.526 -81.064 150.996 9.217 -80.266 147.044
2 24 7.060 -78.675 151.672 6.750 -77.876 147.720
2 24 7.059 -81.101 151.182 6.749 -80.302 147.230
2 24 11.995 -78.601 151.300 11.685 -77.803 147.348
2 24 11.994 -81.027 150.810 11.684 -80.229 146.858
1 0 13.2279 -79.7957 150.9621 -1.2342 -0.3096 1.2333 -1.2312 0.7986 -1.1946 -0.1521 -3.9521 -0.3380 3-4cyli.dat
1 0 10.7602 -79.8323 151.1480 -1.2342 -0.3096 1.2333 -1.2312 0.7986 -1.1946 -0.1521 -3.9521 -0.3380 1-4cyli.dat
1 0 10.7602 -79.8323 151.1480 1.2342 -0.3096 -1.2333 1.2312 0.7986 1.1946 0.1521 -3.9521 0.3380 1-4cyli.dat
1 0 8.2934 -79.8689 151.3338 -1.2342 -0.3096 1.2333 -1.2312 0.7986 -1.1946 -0.1521 -3.9521 -0.3380 1-4cyli.dat
1 0 8.2934 -79.8689 151.3338 1.2342 -0.3096 -1.2333 1.2312 0.7986 1.1946 0.1521 -3.9521 0.3380 1-4cyli.dat
1 0 5.8257 -79.9055 151.5198 1.2342 -0.3096 -1.2333 1.2312 0.7986 1.1946 0.1521 -3.9521 0.3380 3-4cyli.dat
2 24 9.703 -79.067 154.618 9.475 -78.496 150.621
2 24 9.704 -81.517 154.269 9.476 -80.947 150.272
2 24 7.232 -79.088 154.756 7.004 -78.517 150.759
2 24 7.233 -81.538 154.406 7.005 -80.967 150.409
2 24 12.174 -79.046 154.481 11.946 -78.476 150.484
2 24 12.175 -81.496 154.131 11.947 -80.926 150.134
1 0 13.4093 -80.2601 154.2370 -1.2348 -0.2275 1.2360 -1.2354 0.5703 -1.2146 -0.1060 -3.9969 -0.2436 3-4cyli.dat
1 0 10.9383 -80.2810 154.3746 -1.2348 -0.2275 1.2360 -1.2354 0.5703 -1.2146 -0.1060 -3.9969 -0.2436 1-4cyli.dat
1 0 10.9383 -80.2810 154.3746 1.2348 -0.2275 -1.2360 1.2354 0.5703 1.2146 0.1060 -3.9969 0.2436 1-4cyli.dat
1 0 8.4682 -80.3018 154.5122 -1.2348 -0.2275 1.2360 -1.2354 0.5703 -1.2146 -0.1060 -3.9969 -0.2436 1-4cyli.dat
1 0 8.4682 -80.3018 154.5122 1.2348 -0.2275 -1.2360 1.2354 0.5703 1.2146 0.1060 -3.9969 0.2436 1-4cyli.dat
1 0 5.9971 -80.3226 154.6499 1.2348 -0.2275 -1.2360 1.2354 0.5703 1.2146 0.1060 -3.9969 0.2436 3-4cyli.dat
2 24 9.825 -79.358 157.788 9.661 -78.958 153.767
2 24 9.826 -81.821 157.543 9.663 -81.421 153.522
2 24 7.352 -79.370 157.887 7.189 -78.970 153.867
2 24 7.353 -81.833 157.642 7.190 -81.433 153.622
2 24 12.298 -79.347 157.688 12.134 -78.947 153.668
2 24 12.299 -81.810 157.443 12.136 -81.410 153.423
1 0 13.5346 -80.5721 157.5163 -1.2356 -0.1634 1.2372 -1.2370 0.3999 -1.2256 -0.0728 -4.0207 -0.1722 3-4cyli.dat
1 0 11.0617 -80.5835 157.6157 -1.2356 -0.1634 1.2372 -1.2370 0.3999 -1.2256 -0.0728 -4.0207 -0.1722 1-4cyli.dat
1 0 11.0617 -80.5835 157.6157 1.2356 -0.1634 -1.2372 1.2370 0.3999 1.2256 0.0728 -4.0207 0.1722 1-4cyli.dat
1 0 8.5897 -80.5950 157.7150 -1.2356 -0.1634 1.2372 -1.2370 0.3999 -1.2256 -0.0728 -4.0207 -0.1722 1-4cyli.dat
1 0 8.5897 -80.5950 157.7150 1.2356 -0.1634 -1.2372 1.2370 0.3999 1.2256 0.0728 -4.0207 0.1722 1-4cyli.dat
1 0 6.1167 -80.6064 157.8144 1.2356 -0.1634 -1.2372 1.2370 0.3999 1.2256 0.0728 -4.0207 0.1722 3-4cyli.dat
2 24 9.912 -79.563 160.978 9.799 -79.292 156.945
2 24 9.913 -82.032 160.812 9.800 -81.762 156.779
2 24 7.438 -79.568 161.047 7.325 -79.298 157.014
2 24 7.439 -82.038 160.881 7.326 -81.767 156.848
2 24 12.386 -79.557 160.909 12.273 -79.286 156.876
2 24 12.387 -82.026 160.744 12.274 -81.756 156.710
1 0 13.6231 -80.7880 160.7920 -1.2363 -0.1129 1.2375 -1.2375 0.2703 -1.2317 -0.0484 -4.0332 -0.1172 3-4cyli.dat
1 0 11.1491 -80.7938 160.8608 -1.2363 -0.1129 1.2375 -1.2375 0.2703 -1.2317 -0.0484 -4.0332 -0.1172 1-4cyli.dat
1 0 11.1491 -80.7938 160.8608 1.2363 -0.1129 -1.2375 1.2375 0.2703 1.2317 0.0484 -4.0332 0.1172 1-4cyli.dat
1 0 8.6760 -80.7997 160.9296 -1.2363 -0.1129 1.2375 -1.2375 0.2703 -1.2317 -0.0484 -4.0332 -0.1172 1-4cyli.dat
1 0 8.6760 -80.7997 160.9296 1.2363 -0.1129 -1.2375 1.2375 0.2703 1.2317 0.0484 -4.0332 0.1172 1-4cyli.dat
1 0 6.2020 -80.8055 160.9984 1.2363 -0.1129 -1.2375 1.2375 0.2703 1.2317 0.0484 -4.0332 0.1172 3-4cyli.dat
2 24 9.965 -79.684 164.182 9.892 -79.514 160.143
2 24 9.966 -82.157 164.078 9.893 -81.987 160.039
2 24 7.490 -79.687 164.227 7.418 -79.516 160.187
2 24 7.491 -82.159 164.122 7.419 -81.989 160.083
2 24 12.439 -79.681 164.138 12.367 -79.511 160.098
2 24 12.440 -82.154 164.034 12.368 -81.984 159.994
1 0 13.6766 -80.9161 164.0638 -1.2368 -0.0724 1.2376 -1.2376 0.1703 -1.2350 -0.0300 -4.0396 -0.0742 3-4cyli.dat
1 0 11.2020 -80.9187 164.1080 -1.2368 -0.0724 1.2376 -1.2376 0.1703 -1.2350 -0.0300 -4.0396 -0.0742 1-4cyli.dat
1 0 11.2020 -80.9187 164.1080 1.2368 -0.0724 -1.2376 1.2376 0.1703 1.2350 0.0300 -4.0396 0.0742 1-4cyli.dat
1 0 8.7284 -80.9213 164.1523 -1.2368 -0.0724 1.2376 -1.2376 0.1703 -1.2350 -0.0300 -4.0396 -0.0742 1-4cyli.dat
1 0 8.7284 -80.9213 164.1523 1.2368 -0.0724 -1.2376 1.2376 0.1703 1.2350 0.0300 -4.0396 0.0742 1-4cyli.dat
1 0 6.2538 -80.9239 164.1965 1.2368 -0.0724 -1.2376 1.2376 0.1703 1.2350 0.0300 -4.0396 0.0742 3-4cyli.dat
2 24 10.004 -79.772 170.588 9.956 -79.663 163.301
2 24 10.004 -82.246 170.551 9.957 -82.138 163.264
2 24 7.529 -79.772 170.604 7.481 -79.663 163.317
2 24 7.529 -82.247 170.567 7.482 -82.138 163.280
2 24 12.478 -79.771 170.572 12.431 -79.662 163.285
2 24 12.479 -82.246 170.535 12.432 -82.137 163.248
1 0 13.7156 -81.0077 170.5455 -1.2372 -0.0471 1.2375 -1.2375 0.1087 -1.2370 -0.0105 -7.2866 -0.0265 3-4cyli.dat
1 0 11.2407 -81.0083 170.5615 -1.2372 -0.0471 1.2375 -1.2375 0.1087 -1.2370 -0.0105 -7.2866 -0.0265 1-4cyli.dat
1 0 11.2407 -81.0083 170.5615 1.2372 -0.0471 -1.2375 1.2375 0.1087 1.2370 0.0105 -7.2866 0.0265 1-4cyli.dat
1 0 8.7667 -81.0088 170.5775 -1.2372 -0.0471 1.2375 -1.2375 0.1087 -1.2370 -0.0105 -7.2866 -0.0265 1-4cyli.dat
1 0 8.7667 -81.0088 170.5775 1.2372 -0.0471 -1.2375 1.2375 0.1087 1.2370 0.0105 -7.2866 0.0265 1-4cyli.dat
1 0 6.2918 -81.0093 170.5935 1.2372 -0.0471 -1.2375 1.2375 0.1087 1.2370 0.0105 -7.2866 0.0265 3-4cyli.dat
