0 FILE tsjxpjx.dat
0 tsjxpjx
0 Name:  tsjxpjx.dat
0 Author:  
0 BL_Item_No tsjxpjx
0 BFC CERTIFY CCW
3 14 111.414 -332.000 -36.696 110.000 -332.000 -36.110 111.070 -336.314 -36.110
3 14 111.070 -336.314 -36.110 112.324 -335.659 -36.696 111.414 -332.000 -36.696
3 14 112.000 -332.000 -38.110 111.414 -332.000 -36.696 112.324 -335.659 -36.696
3 14 112.324 -335.659 -36.696 112.843 -335.387 -38.110 112.000 -332.000 -38.110
3 14 111.414 -332.000 -39.524 112.000 -332.000 -38.110 112.843 -335.387 -38.110
3 14 112.843 -335.387 -38.110 112.324 -335.659 -39.524 111.414 -332.000 -39.524
3 14 110.000 -332.000 -40.110 111.414 -332.000 -39.524 112.324 -335.659 -39.524
3 14 112.324 -335.659 -39.524 111.070 -336.314 -40.110 110.000 -332.000 -40.110
3 14 108.586 -332.000 -39.524 110.000 -332.000 -40.110 111.070 -336.314 -40.110
3 14 111.070 -336.314 -40.110 109.817 -336.969 -39.524 108.586 -332.000 -39.524
3 14 108.000 -332.000 -38.110 108.586 -332.000 -39.524 109.817 -336.969 -39.524
3 14 109.817 -336.969 -39.524 109.298 -337.240 -38.110 108.000 -332.000 -38.110
3 14 108.586 -332.000 -36.696 108.000 -332.000 -38.110 109.298 -337.240 -38.110
3 14 109.298 -337.240 -38.110 109.817 -336.969 -36.696 108.586 -332.000 -36.696
3 14 110.000 -332.000 -36.110 108.586 -332.000 -36.696 109.817 -336.969 -36.696
3 14 109.817 -336.969 -36.696 111.070 -336.314 -36.110 110.000 -332.000 -36.110
3 14 112.324 -335.659 -36.696 111.070 -336.314 -36.110 113.684 -339.294 -36.110
3 14 113.684 -339.294 -36.110 114.517 -338.151 -36.696 112.324 -335.659 -36.696
3 14 112.843 -335.387 -38.110 112.324 -335.659 -36.696 114.517 -338.151 -36.696
3 14 114.517 -338.151 -36.696 114.862 -337.677 -38.110 112.843 -335.387 -38.110
3 14 112.324 -335.659 -39.524 112.843 -335.387 -38.110 114.862 -337.677 -38.110
3 14 114.862 -337.677 -38.110 114.517 -338.151 -39.524 112.324 -335.659 -39.524
3 14 111.070 -336.314 -40.110 112.324 -335.659 -39.524 114.517 -338.151 -39.524
3 14 114.517 -338.151 -39.524 113.684 -339.294 -40.110 111.070 -336.314 -40.110
3 14 109.817 -336.969 -39.524 111.070 -336.314 -40.110 113.684 -339.294 -40.110
3 14 113.684 -339.294 -40.110 112.852 -340.437 -39.524 109.817 -336.969 -39.524
3 14 109.298 -337.240 -38.110 109.817 -336.969 -39.524 112.852 -340.437 -39.524
3 14 112.852 -340.437 -39.524 112.507 -340.911 -38.110 109.298 -337.240 -38.110
3 14 109.817 -336.969 -36.696 109.298 -337.240 -38.110 112.507 -340.911 -38.110
3 14 112.507 -340.911 -38.110 112.852 -340.437 -36.696 109.817 -336.969 -36.696
3 14 111.070 -336.314 -36.110 109.817 -336.969 -36.696 112.852 -340.437 -36.696
3 14 112.852 -340.437 -36.696 113.684 -339.294 -36.110 111.070 -336.314 -36.110
3 14 114.517 -338.151 -36.696 113.684 -339.294 -36.110 117.323 -340.866 -36.110
3 14 117.323 -340.866 -36.110 117.585 -339.477 -36.696 114.517 -338.151 -36.696
3 14 114.862 -337.677 -38.110 114.517 -338.151 -36.696 117.585 -339.477 -36.696
3 14 117.585 -339.477 -36.696 117.694 -338.901 -38.110 114.862 -337.677 -38.110
3 14 114.517 -338.151 -39.524 114.862 -337.677 -38.110 117.694 -338.901 -38.110
3 14 117.694 -338.901 -38.110 117.585 -339.477 -39.524 114.517 -338.151 -39.524
3 14 113.684 -339.294 -40.110 114.517 -338.151 -39.524 117.585 -339.477 -39.524
3 14 117.585 -339.477 -39.524 117.323 -340.866 -40.110 113.684 -339.294 -40.110
3 14 112.852 -340.437 -39.524 113.684 -339.294 -40.110 117.323 -340.866 -40.110
3 14 117.323 -340.866 -40.110 117.061 -342.256 -39.524 112.852 -340.437 -39.524
3 14 112.507 -340.911 -38.110 112.852 -340.437 -39.524 117.061 -342.256 -39.524
3 14 117.061 -342.256 -39.524 116.952 -342.832 -38.110 112.507 -340.911 -38.110
3 14 112.852 -340.437 -36.696 112.507 -340.911 -38.110 116.952 -342.832 -38.110
3 14 116.952 -342.832 -38.110 117.061 -342.256 -36.696 112.852 -340.437 -36.696
3 14 113.684 -339.294 -36.110 112.852 -340.437 -36.696 117.061 -342.256 -36.696
3 14 117.061 -342.256 -36.696 117.323 -340.866 -36.110 113.684 -339.294 -36.110
3 14 117.585 -339.477 -36.696 117.323 -340.866 -36.110 121.284 -340.728 -36.110
3 14 121.284 -340.728 -36.110 120.925 -339.360 -36.696 117.585 -339.477 -36.696
3 14 117.694 -338.901 -38.110 117.585 -339.477 -36.696 120.925 -339.360 -36.696
3 14 120.925 -339.360 -36.696 120.776 -338.794 -38.110 117.694 -338.901 -38.110
3 14 117.585 -339.477 -39.524 117.694 -338.901 -38.110 120.776 -338.794 -38.110
3 14 120.776 -338.794 -38.110 120.925 -339.360 -39.524 117.585 -339.477 -39.524
3 14 117.323 -340.866 -40.110 117.585 -339.477 -39.524 120.925 -339.360 -39.524
3 14 120.925 -339.360 -39.524 121.284 -340.728 -40.110 117.323 -340.866 -40.110
3 14 117.061 -342.256 -39.524 117.323 -340.866 -40.110 121.284 -340.728 -40.110
3 14 121.284 -340.728 -40.110 121.642 -342.096 -39.524 117.061 -342.256 -39.524
3 14 116.952 -342.832 -38.110 117.061 -342.256 -39.524 121.642 -342.096 -39.524
3 14 121.642 -342.096 -39.524 121.791 -342.663 -38.110 116.952 -342.832 -38.110
3 14 117.061 -342.256 -36.696 116.952 -342.832 -38.110 121.791 -342.663 -38.110
3 14 121.791 -342.663 -38.110 121.642 -342.096 -36.696 117.061 -342.256 -36.696
3 14 117.323 -340.866 -36.110 117.061 -342.256 -36.696 121.642 -342.096 -36.696
3 14 121.642 -342.096 -36.696 121.284 -340.728 -36.110 117.323 -340.866 -36.110
3 14 120.925 -339.360 -36.696 121.284 -340.728 -36.110 124.801 -338.906 -36.110
3 14 124.801 -338.906 -36.110 123.891 -337.823 -36.696 120.925 -339.360 -36.696
3 14 120.776 -338.794 -38.110 120.925 -339.360 -36.696 123.891 -337.823 -36.696
3 14 123.891 -337.823 -36.696 123.514 -337.375 -38.110 120.776 -338.794 -38.110
3 14 120.925 -339.360 -39.524 120.776 -338.794 -38.110 123.514 -337.375 -38.110
3 14 123.514 -337.375 -38.110 123.891 -337.823 -39.524 120.925 -339.360 -39.524
3 14 121.284 -340.728 -40.110 120.925 -339.360 -39.524 123.891 -337.823 -39.524
3 14 123.891 -337.823 -39.524 124.801 -338.906 -40.110 121.284 -340.728 -40.110
3 14 121.642 -342.096 -39.524 121.284 -340.728 -40.110 124.801 -338.906 -40.110
3 14 124.801 -338.906 -40.110 125.712 -339.988 -39.524 121.642 -342.096 -39.524
3 14 121.791 -342.663 -38.110 121.642 -342.096 -39.524 125.712 -339.988 -39.524
3 14 125.712 -339.988 -39.524 126.089 -340.436 -38.110 121.791 -342.663 -38.110
3 14 121.642 -342.096 -36.696 121.791 -342.663 -38.110 126.089 -340.436 -38.110
3 14 126.089 -340.436 -38.110 125.712 -339.988 -36.696 121.642 -342.096 -36.696
3 14 121.284 -340.728 -36.110 121.642 -342.096 -36.696 125.712 -339.988 -36.696
3 14 125.712 -339.988 -36.696 124.801 -338.906 -36.110 121.284 -340.728 -36.110
3 14 123.891 -337.823 -36.696 124.801 -338.906 -36.110 127.199 -335.753 -36.110
3 14 127.199 -335.753 -36.110 125.923 -335.143 -36.696 123.891 -337.823 -36.696
3 14 123.514 -337.375 -38.110 123.891 -337.823 -36.696 125.923 -335.143 -36.696
3 14 125.923 -335.143 -36.696 125.395 -334.890 -38.110 123.514 -337.375 -38.110
3 14 123.891 -337.823 -39.524 123.514 -337.375 -38.110 125.395 -334.890 -38.110
3 14 125.395 -334.890 -38.110 125.923 -335.143 -39.524 123.891 -337.823 -39.524
3 14 124.801 -338.906 -40.110 123.891 -337.823 -39.524 125.923 -335.143 -39.524
3 14 125.923 -335.143 -39.524 127.199 -335.753 -40.110 124.801 -338.906 -40.110
3 14 125.712 -339.988 -39.524 124.801 -338.906 -40.110 127.199 -335.753 -40.110
3 14 127.199 -335.753 -40.110 128.475 -336.363 -39.524 125.712 -339.988 -39.524
3 14 126.089 -340.436 -38.110 125.712 -339.988 -39.524 128.475 -336.363 -39.524
3 14 128.475 -336.363 -39.524 129.004 -336.616 -38.110 126.089 -340.436 -38.110
3 14 125.712 -339.988 -36.696 126.089 -340.436 -38.110 129.004 -336.616 -38.110
3 14 129.004 -336.616 -38.110 128.475 -336.363 -36.696 125.712 -339.988 -36.696
3 14 124.801 -338.906 -36.110 125.712 -339.988 -36.696 128.475 -336.363 -36.696
3 14 128.475 -336.363 -36.696 127.199 -335.753 -36.110 124.801 -338.906 -36.110
3 14 125.923 -335.143 -36.696 127.199 -335.753 -36.110 128.150 -331.894 -36.110
3 14 128.150 -331.894 -36.110 126.766 -331.605 -36.696 125.923 -335.143 -36.696
3 14 125.395 -334.890 -38.110 125.923 -335.143 -36.696 126.766 -331.605 -36.696
3 14 126.766 -331.605 -36.696 126.192 -331.486 -38.110 125.395 -334.890 -38.110
3 14 125.923 -335.143 -39.524 125.395 -334.890 -38.110 126.192 -331.486 -38.110
3 14 126.192 -331.486 -38.110 126.766 -331.605 -39.524 125.923 -335.143 -39.524
3 14 127.199 -335.753 -40.110 125.923 -335.143 -39.524 126.766 -331.605 -39.524
3 14 126.766 -331.605 -39.524 128.150 -331.894 -40.110 127.199 -335.753 -40.110
3 14 128.475 -336.363 -39.524 127.199 -335.753 -40.110 128.150 -331.894 -40.110
3 14 128.150 -331.894 -40.110 129.534 -332.183 -39.524 128.475 -336.363 -39.524
3 14 129.004 -336.616 -38.110 128.475 -336.363 -39.524 129.534 -332.183 -39.524
3 14 129.534 -332.183 -39.524 130.108 -332.303 -38.110 129.004 -336.616 -38.110
3 14 128.475 -336.363 -36.696 129.004 -336.616 -38.110 130.108 -332.303 -38.110
3 14 130.108 -332.303 -38.110 129.534 -332.183 -36.696 128.475 -336.363 -36.696
3 14 127.199 -335.753 -36.110 128.475 -336.363 -36.696 129.534 -332.183 -36.696
3 14 129.534 -332.183 -36.696 128.150 -331.894 -36.110 127.199 -335.753 -36.110
3 14 126.766 -331.605 -36.696 128.150 -331.894 -36.110 134.890 -292.626 -36.110
3 14 134.890 -292.626 -36.110 133.496 -292.387 -36.696 126.766 -331.605 -36.696
3 14 126.192 -331.486 -38.110 126.766 -331.605 -36.696 133.496 -292.387 -36.696
3 14 133.496 -292.387 -36.696 132.919 -292.288 -38.110 126.192 -331.486 -38.110
3 14 126.766 -331.605 -39.524 126.192 -331.486 -38.110 132.919 -292.288 -38.110
3 14 132.919 -292.288 -38.110 133.496 -292.387 -39.524 126.766 -331.605 -39.524
3 14 128.150 -331.894 -40.110 126.766 -331.605 -39.524 133.496 -292.387 -39.524
3 14 133.496 -292.387 -39.524 134.890 -292.626 -40.110 128.150 -331.894 -40.110
3 14 129.534 -332.183 -39.524 128.150 -331.894 -40.110 134.890 -292.626 -40.110
3 14 134.890 -292.626 -40.110 136.284 -292.865 -39.524 129.534 -332.183 -39.524
3 14 130.108 -332.303 -38.110 129.534 -332.183 -39.524 136.284 -292.865 -39.524
3 14 136.284 -292.865 -39.524 136.861 -292.964 -38.110 130.108 -332.303 -38.110
3 14 129.534 -332.183 -36.696 130.108 -332.303 -38.110 136.861 -292.964 -38.110
3 14 136.861 -292.964 -38.110 136.284 -292.865 -36.696 129.534 -332.183 -36.696
3 14 128.150 -331.894 -36.110 129.534 -332.183 -36.696 136.284 -292.865 -36.696
3 14 136.284 -292.865 -36.696 134.890 -292.626 -36.110 128.150 -331.894 -36.110
3 14 133.496 -292.387 -36.696 134.890 -292.626 -36.110 138.931 -269.064 -36.110
3 14 138.931 -269.064 -36.110 137.517 -269.026 -36.696 133.496 -292.387 -36.696
3 14 132.919 -292.288 -38.110 133.496 -292.387 -36.696 137.517 -269.026 -36.696
3 14 137.517 -269.026 -36.696 136.932 -269.010 -38.110 132.919 -292.288 -38.110
3 14 133.496 -292.387 -39.524 132.919 -292.288 -38.110 136.932 -269.010 -38.110
3 14 136.932 -269.010 -38.110 137.517 -269.026 -39.524 133.496 -292.387 -39.524
3 14 134.890 -292.626 -40.110 133.496 -292.387 -39.524 137.517 -269.026 -39.524
3 14 137.517 -269.026 -39.524 138.931 -269.064 -40.110 134.890 -292.626 -40.110
3 14 136.284 -292.865 -39.524 134.890 -292.626 -40.110 138.931 -269.064 -40.110
3 14 138.931 -269.064 -40.110 140.345 -269.103 -39.524 136.284 -292.865 -39.524
3 14 136.861 -292.964 -38.110 136.284 -292.865 -39.524 140.345 -269.103 -39.524
3 14 140.345 -269.103 -39.524 140.930 -269.119 -38.110 136.861 -292.964 -38.110
3 14 136.284 -292.865 -36.696 136.861 -292.964 -38.110 140.930 -269.119 -38.110
3 14 140.930 -269.119 -38.110 140.345 -269.103 -36.696 136.284 -292.865 -36.696
3 14 134.890 -292.626 -36.110 136.284 -292.865 -36.696 140.345 -269.103 -36.696
3 14 140.345 -269.103 -36.696 138.931 -269.064 -36.110 134.890 -292.626 -36.110
3 14 137.517 -269.026 -36.696 138.931 -269.064 -36.110 138.477 -265.145 -36.110
3 14 138.477 -265.145 -36.110 137.156 -265.649 -36.696 137.517 -269.026 -36.696
3 14 136.932 -269.010 -38.110 137.517 -269.026 -36.696 137.156 -265.649 -36.696
3 14 137.156 -265.649 -36.696 136.608 -265.858 -38.110 136.932 -269.010 -38.110
3 14 137.517 -269.026 -39.524 136.932 -269.010 -38.110 136.608 -265.858 -38.110
3 14 136.608 -265.858 -38.110 137.156 -265.649 -39.524 137.517 -269.026 -39.524
3 14 138.931 -269.064 -40.110 137.517 -269.026 -39.524 137.156 -265.649 -39.524
3 14 137.156 -265.649 -39.524 138.477 -265.145 -40.110 138.931 -269.064 -40.110
3 14 140.345 -269.103 -39.524 138.931 -269.064 -40.110 138.477 -265.145 -40.110
3 14 138.477 -265.145 -40.110 139.798 -264.641 -39.524 140.345 -269.103 -39.524
3 14 140.930 -269.119 -38.110 140.345 -269.103 -39.524 139.798 -264.641 -39.524
3 14 139.798 -264.641 -39.524 140.345 -264.432 -38.110 140.930 -269.119 -38.110
3 14 140.345 -269.103 -36.696 140.930 -269.119 -38.110 140.345 -264.432 -38.110
3 14 140.345 -264.432 -38.110 139.798 -264.641 -36.696 140.345 -269.103 -36.696
3 14 138.931 -269.064 -36.110 140.345 -269.103 -36.696 139.798 -264.641 -36.696
3 14 139.798 -264.641 -36.696 138.477 -265.145 -36.110 138.931 -269.064 -36.110
3 14 137.156 -265.649 -36.696 138.477 -265.145 -36.110 136.204 -261.919 -36.110
3 14 136.204 -261.919 -36.110 135.284 -262.994 -36.696 137.156 -265.649 -36.696
3 14 136.608 -265.858 -38.110 137.156 -265.649 -36.696 135.284 -262.994 -36.696
3 14 135.284 -262.994 -36.696 134.903 -263.439 -38.110 136.608 -265.858 -38.110
3 14 137.156 -265.649 -39.524 136.608 -265.858 -38.110 134.903 -263.439 -38.110
3 14 134.903 -263.439 -38.110 135.284 -262.994 -39.524 137.156 -265.649 -39.524
3 14 138.477 -265.145 -40.110 137.156 -265.649 -39.524 135.284 -262.994 -39.524
3 14 135.284 -262.994 -39.524 136.204 -261.919 -40.110 138.477 -265.145 -40.110
3 14 139.798 -264.641 -39.524 138.477 -265.145 -40.110 136.204 -261.919 -40.110
3 14 136.204 -261.919 -40.110 137.123 -260.845 -39.524 139.798 -264.641 -39.524
3 14 140.345 -264.432 -38.110 139.798 -264.641 -39.524 137.123 -260.845 -39.524
3 14 137.123 -260.845 -39.524 137.504 -260.400 -38.110 140.345 -264.432 -38.110
3 14 139.798 -264.641 -36.696 140.345 -264.432 -38.110 137.504 -260.400 -38.110
3 14 137.504 -260.400 -38.110 137.123 -260.845 -36.696 139.798 -264.641 -36.696
3 14 138.477 -265.145 -36.110 139.798 -264.641 -36.696 137.123 -260.845 -36.696
3 14 137.123 -260.845 -36.696 136.204 -261.919 -36.110 138.477 -265.145 -36.110
3 14 135.284 -262.994 -36.696 136.204 -261.919 -36.110 132.666 -260.172 -36.110
3 14 132.666 -260.172 -36.110 132.372 -261.555 -36.696 135.284 -262.994 -36.696
3 14 134.903 -263.439 -38.110 135.284 -262.994 -36.696 132.372 -261.555 -36.696
3 14 132.372 -261.555 -36.696 132.250 -262.128 -38.110 134.903 -263.439 -38.110
3 14 135.284 -262.994 -39.524 134.903 -263.439 -38.110 132.250 -262.128 -38.110
3 14 132.250 -262.128 -38.110 132.372 -261.555 -39.524 135.284 -262.994 -39.524
3 14 136.204 -261.919 -40.110 135.284 -262.994 -39.524 132.372 -261.555 -39.524
3 14 132.372 -261.555 -39.524 132.666 -260.172 -40.110 136.204 -261.919 -40.110
3 14 137.123 -260.845 -39.524 136.204 -261.919 -40.110 132.666 -260.172 -40.110
3 14 132.666 -260.172 -40.110 132.959 -258.789 -39.524 137.123 -260.845 -39.524
3 14 137.504 -260.400 -38.110 137.123 -260.845 -39.524 132.959 -258.789 -39.524
3 14 132.959 -258.789 -39.524 133.081 -258.216 -38.110 137.504 -260.400 -38.110
3 14 137.123 -260.845 -36.696 137.504 -260.400 -38.110 133.081 -258.216 -38.110
3 14 133.081 -258.216 -38.110 132.959 -258.789 -36.696 137.123 -260.845 -36.696
3 14 136.204 -261.919 -36.110 137.123 -260.845 -36.696 132.959 -258.789 -36.696
3 14 132.959 -258.789 -36.696 132.666 -260.172 -36.110 136.204 -261.919 -36.110
3 14 132.372 -261.555 -36.696 132.666 -260.172 -36.110 128.723 -260.330 -36.110
3 14 128.723 -260.330 -36.110 129.126 -261.686 -36.696 132.372 -261.555 -36.696
3 14 132.250 -262.128 -38.110 132.372 -261.555 -36.696 129.126 -261.686 -36.696
3 14 129.126 -261.686 -36.696 129.293 -262.247 -38.110 132.250 -262.128 -38.110
3 14 132.372 -261.555 -39.524 132.250 -262.128 -38.110 129.293 -262.247 -38.110
3 14 129.293 -262.247 -38.110 129.126 -261.686 -39.524 132.372 -261.555 -39.524
3 14 132.666 -260.172 -40.110 132.372 -261.555 -39.524 129.126 -261.686 -39.524
3 14 129.126 -261.686 -39.524 128.723 -260.330 -40.110 132.666 -260.172 -40.110
3 14 132.959 -258.789 -39.524 132.666 -260.172 -40.110 128.723 -260.330 -40.110
3 14 128.723 -260.330 -40.110 128.320 -258.975 -39.524 132.959 -258.789 -39.524
3 14 133.081 -258.216 -38.110 132.959 -258.789 -39.524 128.320 -258.975 -39.524
3 14 128.320 -258.975 -39.524 128.154 -258.413 -38.110 133.081 -258.216 -38.110
3 14 132.959 -258.789 -36.696 133.081 -258.216 -38.110 128.154 -258.413 -38.110
3 14 128.154 -258.413 -38.110 128.320 -258.975 -36.696 132.959 -258.789 -36.696
3 14 132.666 -260.172 -36.110 132.959 -258.789 -36.696 128.320 -258.975 -36.696
3 14 128.320 -258.975 -36.696 128.723 -260.330 -36.110 132.666 -260.172 -36.110
3 14 129.126 -261.686 -36.696 128.723 -260.330 -36.110 125.335 -262.350 -36.110
3 14 125.335 -262.350 -36.110 126.336 -263.349 -36.696 129.126 -261.686 -36.696
3 14 129.293 -262.247 -38.110 129.126 -261.686 -36.696 126.336 -263.349 -36.696
3 14 126.336 -263.349 -36.696 126.751 -263.763 -38.110 129.293 -262.247 -38.110
3 14 129.126 -261.686 -39.524 129.293 -262.247 -38.110 126.751 -263.763 -38.110
3 14 126.751 -263.763 -38.110 126.336 -263.349 -39.524 129.126 -261.686 -39.524
3 14 128.723 -260.330 -40.110 129.126 -261.686 -39.524 126.336 -263.349 -39.524
3 14 126.336 -263.349 -39.524 125.335 -262.350 -40.110 128.723 -260.330 -40.110
3 14 128.320 -258.975 -39.524 128.723 -260.330 -40.110 125.335 -262.350 -40.110
3 14 125.335 -262.350 -40.110 124.334 -261.352 -39.524 128.320 -258.975 -39.524
3 14 128.154 -258.413 -38.110 128.320 -258.975 -39.524 124.334 -261.352 -39.524
3 14 124.334 -261.352 -39.524 123.919 -260.938 -38.110 128.154 -258.413 -38.110
3 14 128.320 -258.975 -36.696 128.154 -258.413 -38.110 123.919 -260.938 -38.110
3 14 123.919 -260.938 -38.110 124.334 -261.352 -36.696 128.320 -258.975 -36.696
3 14 128.723 -260.330 -36.110 128.320 -258.975 -36.696 124.334 -261.352 -36.696
3 14 124.334 -261.352 -36.696 125.335 -262.350 -36.110 128.723 -260.330 -36.110
3 14 126.336 -263.349 -36.696 125.335 -262.350 -36.110 123.324 -265.744 -36.110
3 14 123.324 -265.744 -36.110 124.643 -266.253 -36.696 126.336 -263.349 -36.696
3 14 126.751 -263.763 -38.110 126.336 -263.349 -36.696 124.643 -266.253 -36.696
3 14 124.643 -266.253 -36.696 125.190 -266.465 -38.110 126.751 -263.763 -38.110
3 14 126.336 -263.349 -39.524 126.751 -263.763 -38.110 125.190 -266.465 -38.110
3 14 125.190 -266.465 -38.110 124.643 -266.253 -39.524 126.336 -263.349 -39.524
3 14 125.335 -262.350 -40.110 126.336 -263.349 -39.524 124.643 -266.253 -39.524
3 14 124.643 -266.253 -39.524 123.324 -265.744 -40.110 125.335 -262.350 -40.110
3 14 124.334 -261.352 -39.524 125.335 -262.350 -40.110 123.324 -265.744 -40.110
3 14 123.324 -265.744 -40.110 122.005 -265.235 -39.524 124.334 -261.352 -39.524
3 14 123.919 -260.938 -38.110 124.334 -261.352 -39.524 122.005 -265.235 -39.524
3 14 122.005 -265.235 -39.524 121.458 -265.023 -38.110 123.919 -260.938 -38.110
3 14 124.334 -261.352 -36.696 123.919 -260.938 -38.110 121.458 -265.023 -38.110
3 14 121.458 -265.023 -38.110 122.005 -265.235 -36.696 124.334 -261.352 -36.696
3 14 125.335 -262.350 -36.110 124.334 -261.352 -36.696 122.005 -265.235 -36.696
3 14 122.005 -265.235 -36.696 123.324 -265.744 -36.110 125.335 -262.350 -36.110
3 14 124.643 -266.253 -36.696 123.324 -265.744 -36.110 119.325 -285.259 -36.110
3 14 119.325 -285.259 -36.110 120.710 -285.542 -36.696 124.643 -266.253 -36.696
3 14 125.190 -266.465 -38.110 124.643 -266.253 -36.696 120.710 -285.542 -36.696
3 14 120.710 -285.542 -36.696 121.284 -285.659 -38.110 125.190 -266.465 -38.110
3 14 124.643 -266.253 -39.524 125.190 -266.465 -38.110 121.284 -285.659 -38.110
3 14 121.284 -285.659 -38.110 120.710 -285.542 -39.524 124.643 -266.253 -39.524
3 14 123.324 -265.744 -40.110 124.643 -266.253 -39.524 120.710 -285.542 -39.524
3 14 120.710 -285.542 -39.524 119.325 -285.259 -40.110 123.324 -265.744 -40.110
3 14 122.005 -265.235 -39.524 123.324 -265.744 -40.110 119.325 -285.259 -40.110
3 14 119.325 -285.259 -40.110 117.939 -284.976 -39.524 122.005 -265.235 -39.524
3 14 121.458 -265.023 -38.110 122.005 -265.235 -39.524 117.939 -284.976 -39.524
3 14 117.939 -284.976 -39.524 117.365 -284.859 -38.110 121.458 -265.023 -38.110
3 14 122.005 -265.235 -36.696 121.458 -265.023 -38.110 117.365 -284.859 -38.110
3 14 117.365 -284.859 -38.110 117.939 -284.976 -36.696 122.005 -265.235 -36.696
3 14 123.324 -265.744 -36.110 122.005 -265.235 -36.696 117.939 -284.976 -36.696
3 14 117.939 -284.976 -36.696 119.325 -285.259 -36.110 123.324 -265.744 -36.110
3 14 120.710 -285.542 -36.696 119.325 -285.259 -36.110 111.382 -324.302 -36.110
3 14 111.382 -324.302 -36.110 112.768 -324.584 -36.696 120.710 -285.542 -36.696
3 14 121.284 -285.659 -38.110 120.710 -285.542 -36.696 112.768 -324.584 -36.696
3 14 112.768 -324.584 -36.696 113.342 -324.701 -38.110 121.284 -285.659 -38.110
3 14 120.710 -285.542 -39.524 121.284 -285.659 -38.110 113.342 -324.701 -38.110
3 14 113.342 -324.701 -38.110 112.768 -324.584 -39.524 120.710 -285.542 -39.524
3 14 119.325 -285.259 -40.110 120.710 -285.542 -39.524 112.768 -324.584 -39.524
3 14 112.768 -324.584 -39.524 111.382 -324.302 -40.110 119.325 -285.259 -40.110
3 14 117.939 -284.976 -39.524 119.325 -285.259 -40.110 111.382 -324.302 -40.110
3 14 111.382 -324.302 -40.110 109.996 -324.020 -39.524 117.939 -284.976 -39.524
3 14 117.365 -284.859 -38.110 117.939 -284.976 -39.524 109.996 -324.020 -39.524
3 14 109.996 -324.020 -39.524 109.422 -323.903 -38.110 117.365 -284.859 -38.110
3 14 117.939 -284.976 -36.696 117.365 -284.859 -38.110 109.422 -323.903 -38.110
3 14 109.422 -323.903 -38.110 109.996 -324.020 -36.696 117.939 -284.976 -36.696
3 14 119.325 -285.259 -36.110 117.939 -284.976 -36.696 109.996 -324.020 -36.696
3 14 109.996 -324.020 -36.696 111.382 -324.302 -36.110 119.325 -285.259 -36.110
3 14 112.768 -324.584 -36.696 111.382 -324.302 -36.110 110.587 -328.206 -36.110
3 14 110.587 -328.206 -36.110 111.980 -328.456 -36.696 112.768 -324.584 -36.696
3 14 113.342 -324.701 -38.110 112.768 -324.584 -36.696 111.980 -328.456 -36.696
3 14 111.980 -328.456 -36.696 112.556 -328.559 -38.110 113.342 -324.701 -38.110
3 14 112.768 -324.584 -39.524 113.342 -324.701 -38.110 112.556 -328.559 -38.110
3 14 112.556 -328.559 -38.110 111.980 -328.456 -39.524 112.768 -324.584 -39.524
3 14 111.382 -324.302 -40.110 112.768 -324.584 -39.524 111.980 -328.456 -39.524
3 14 111.980 -328.456 -39.524 110.587 -328.206 -40.110 111.382 -324.302 -40.110
3 14 109.996 -324.020 -39.524 111.382 -324.302 -40.110 110.587 -328.206 -40.110
3 14 110.587 -328.206 -40.110 109.195 -327.957 -39.524 109.996 -324.020 -39.524
3 14 109.422 -323.903 -38.110 109.996 -324.020 -39.524 109.195 -327.957 -39.524
3 14 109.195 -327.957 -39.524 108.619 -327.854 -38.110 109.422 -323.903 -38.110
3 14 109.996 -324.020 -36.696 109.422 -323.903 -38.110 108.619 -327.854 -38.110
3 14 108.619 -327.854 -38.110 109.195 -327.957 -36.696 109.996 -324.020 -36.696
3 14 111.382 -324.302 -36.110 109.996 -324.020 -36.696 109.195 -327.957 -36.696
3 14 109.195 -327.957 -36.696 110.587 -328.206 -36.110 111.382 -324.302 -36.110
3 14 111.980 -328.456 -36.696 110.587 -328.206 -36.110 110.000 -332.000 -36.110
3 14 110.000 -332.000 -36.110 111.414 -332.000 -36.696 111.980 -328.456 -36.696
3 14 112.556 -328.559 -38.110 111.980 -328.456 -36.696 111.414 -332.000 -36.696
3 14 111.414 -332.000 -36.696 112.000 -332.000 -38.110 112.556 -328.559 -38.110
3 14 111.980 -328.456 -39.524 112.556 -328.559 -38.110 112.000 -332.000 -38.110
3 14 112.000 -332.000 -38.110 111.414 -332.000 -39.524 111.980 -328.456 -39.524
3 14 110.587 -328.206 -40.110 111.980 -328.456 -39.524 111.414 -332.000 -39.524
3 14 111.414 -332.000 -39.524 110.000 -332.000 -40.110 110.587 -328.206 -40.110
3 14 109.195 -327.957 -39.524 110.587 -328.206 -40.110 110.000 -332.000 -40.110
3 14 110.000 -332.000 -40.110 108.586 -332.000 -39.524 109.195 -327.957 -39.524
3 14 108.619 -327.854 -38.110 109.195 -327.957 -39.524 108.586 -332.000 -39.524
3 14 108.586 -332.000 -39.524 108.000 -332.000 -38.110 108.619 -327.854 -38.110
3 14 109.195 -327.957 -36.696 108.619 -327.854 -38.110 108.000 -332.000 -38.110
3 14 108.000 -332.000 -38.110 108.586 -332.000 -36.696 109.195 -327.957 -36.696
3 14 110.587 -328.206 -36.110 109.195 -327.957 -36.696 108.586 -332.000 -36.696
3 14 108.586 -332.000 -36.696 110.000 -332.000 -36.110 110.587 -328.206 -36.110
