0 FILE tsjxpjc.dat
0 tsjxpjc
0 Name:  tsjxpjc.dat
0 Author:  
0 BL_Item_No tsjxpjc
0 BFC CERTIFY CCW
3 14 -103.000 -188.086 -91.414 -103.000 -189.500 -92.000 -106.790 -188.384 -92.000
3 14 -106.790 -188.384 -92.000 -106.024 -187.195 -91.414 -103.000 -188.086 -91.414
3 14 -103.000 -187.500 -90.000 -103.000 -188.086 -91.414 -106.024 -187.195 -91.414
3 14 -106.024 -187.195 -91.414 -105.707 -186.702 -90.000 -103.000 -187.500 -90.000
3 14 -103.000 -188.086 -88.586 -103.000 -187.500 -90.000 -105.707 -186.702 -90.000
3 14 -105.707 -186.702 -90.000 -106.024 -187.195 -88.586 -103.000 -188.086 -88.586
3 14 -103.000 -189.500 -88.000 -103.000 -188.086 -88.586 -106.024 -187.195 -88.586
3 14 -106.024 -187.195 -88.586 -106.790 -188.384 -88.000 -103.000 -189.500 -88.000
3 14 -103.000 -190.914 -88.586 -103.000 -189.500 -88.000 -106.790 -188.384 -88.000
3 14 -106.790 -188.384 -88.000 -107.556 -189.572 -88.586 -103.000 -190.914 -88.586
3 14 -103.000 -191.500 -90.000 -103.000 -190.914 -88.586 -107.556 -189.572 -88.586
3 14 -107.556 -189.572 -88.586 -107.873 -190.065 -90.000 -103.000 -191.500 -90.000
3 14 -103.000 -190.914 -91.414 -103.000 -191.500 -90.000 -107.873 -190.065 -90.000
3 14 -107.873 -190.065 -90.000 -107.556 -189.572 -91.414 -103.000 -190.914 -91.414
3 14 -103.000 -189.500 -92.000 -103.000 -190.914 -91.414 -107.556 -189.572 -91.414
3 14 -107.556 -189.572 -91.414 -106.790 -188.384 -92.000 -103.000 -189.500 -92.000
3 14 -106.024 -187.195 -91.414 -106.790 -188.384 -92.000 -109.373 -185.394 -92.000
3 14 -109.373 -185.394 -92.000 -108.085 -184.810 -91.414 -106.024 -187.195 -91.414
3 14 -105.707 -186.702 -90.000 -106.024 -187.195 -91.414 -108.085 -184.810 -91.414
3 14 -108.085 -184.810 -91.414 -107.552 -184.567 -90.000 -105.707 -186.702 -90.000
3 14 -106.024 -187.195 -88.586 -105.707 -186.702 -90.000 -107.552 -184.567 -90.000
3 14 -107.552 -184.567 -90.000 -108.085 -184.810 -88.586 -106.024 -187.195 -88.586
3 14 -106.790 -188.384 -88.000 -106.024 -187.195 -88.586 -108.085 -184.810 -88.586
3 14 -108.085 -184.810 -88.586 -109.373 -185.394 -88.000 -106.790 -188.384 -88.000
3 14 -107.556 -189.572 -88.586 -106.790 -188.384 -88.000 -109.373 -185.394 -88.000
3 14 -109.373 -185.394 -88.000 -110.661 -185.979 -88.586 -107.556 -189.572 -88.586
3 14 -107.873 -190.065 -90.000 -107.556 -189.572 -88.586 -110.661 -185.979 -88.586
3 14 -110.661 -185.979 -88.586 -111.194 -186.221 -90.000 -107.873 -190.065 -90.000
3 14 -107.556 -189.572 -91.414 -107.873 -190.065 -90.000 -111.194 -186.221 -90.000
3 14 -111.194 -186.221 -90.000 -110.661 -185.979 -91.414 -107.556 -189.572 -91.414
3 14 -106.790 -188.384 -92.000 -107.556 -189.572 -91.414 -110.661 -185.979 -91.414
3 14 -110.661 -185.979 -91.414 -109.373 -185.394 -92.000 -106.790 -188.384 -92.000
3 14 -108.085 -184.810 -91.414 -109.373 -185.394 -92.000 -109.924 -181.482 -92.000
3 14 -109.924 -181.482 -92.000 -108.525 -181.688 -91.414 -108.085 -184.810 -91.414
3 14 -107.552 -184.567 -90.000 -108.085 -184.810 -91.414 -108.525 -181.688 -91.414
3 14 -108.525 -181.688 -91.414 -107.945 -181.773 -90.000 -107.552 -184.567 -90.000
3 14 -108.085 -184.810 -88.586 -107.552 -184.567 -90.000 -107.945 -181.773 -90.000
3 14 -107.945 -181.773 -90.000 -108.525 -181.688 -88.586 -108.085 -184.810 -88.586
3 14 -109.373 -185.394 -88.000 -108.085 -184.810 -88.586 -108.525 -181.688 -88.586
3 14 -108.525 -181.688 -88.586 -109.924 -181.482 -88.000 -109.373 -185.394 -88.000
3 14 -110.661 -185.979 -88.586 -109.373 -185.394 -88.000 -109.924 -181.482 -88.000
3 14 -109.924 -181.482 -88.000 -111.323 -181.276 -88.586 -110.661 -185.979 -88.586
3 14 -111.194 -186.221 -90.000 -110.661 -185.979 -88.586 -111.323 -181.276 -88.586
3 14 -111.323 -181.276 -88.586 -111.902 -181.191 -90.000 -111.194 -186.221 -90.000
3 14 -110.661 -185.979 -91.414 -111.194 -186.221 -90.000 -111.902 -181.191 -90.000
3 14 -111.902 -181.191 -90.000 -111.323 -181.276 -91.414 -110.661 -185.979 -91.414
3 14 -109.373 -185.394 -92.000 -110.661 -185.979 -91.414 -111.323 -181.276 -91.414
3 14 -111.323 -181.276 -91.414 -109.924 -181.482 -92.000 -109.373 -185.394 -92.000
3 14 -108.525 -181.688 -91.414 -109.924 -181.482 -92.000 -108.254 -177.876 -92.000
3 14 -108.254 -177.876 -92.000 -107.118 -178.717 -91.412 -108.525 -181.688 -91.414
3 14 -107.945 -181.773 -90.000 -108.525 -181.688 -91.414 -107.118 -178.717 -91.412
3 14 -107.118 -178.717 -91.412 -106.657 -179.076 -89.998 -107.945 -181.773 -90.000
3 14 -108.525 -181.688 -88.586 -107.945 -181.773 -90.000 -106.657 -179.076 -89.998
3 14 -106.657 -179.076 -89.998 -107.141 -178.743 -88.584 -108.525 -181.688 -88.586
3 14 -109.924 -181.482 -88.000 -108.525 -181.688 -88.586 -107.141 -178.743 -88.584
3 14 -107.141 -178.743 -88.584 -108.287 -177.913 -88.000 -109.924 -181.482 -88.000
3 14 -111.323 -181.276 -88.586 -109.924 -181.482 -88.000 -108.287 -177.913 -88.000
3 14 -108.287 -177.913 -88.000 -109.423 -177.071 -88.588 -111.323 -181.276 -88.586
3 14 -111.902 -181.191 -90.000 -111.323 -181.276 -88.586 -109.423 -177.071 -88.588
3 14 -109.423 -177.071 -88.588 -109.883 -176.712 -90.002 -111.902 -181.191 -90.000
3 14 -111.323 -181.276 -91.414 -111.902 -181.191 -90.000 -109.883 -176.712 -90.002
3 14 -109.883 -176.712 -90.002 -109.399 -177.045 -91.416 -111.323 -181.276 -91.414
3 14 -109.924 -181.482 -92.000 -111.323 -181.276 -91.414 -109.399 -177.045 -91.416
3 14 -109.399 -177.045 -91.416 -108.254 -177.876 -92.000 -109.924 -181.482 -92.000
3 14 -107.118 -178.717 -91.412 -108.254 -177.876 -92.000 -105.232 -175.134 -91.899
3 14 -105.232 -175.134 -91.899 -104.312 -176.207 -91.313 -107.118 -178.717 -91.412
3 14 -106.657 -179.076 -89.998 -107.118 -178.717 -91.412 -104.312 -176.207 -91.313
3 14 -104.312 -176.207 -91.313 -103.976 -176.693 -89.901 -106.657 -179.076 -89.998
3 14 -107.141 -178.743 -88.584 -106.657 -179.076 -89.998 -103.976 -176.693 -89.901
3 14 -103.976 -176.693 -89.901 -104.421 -176.305 -88.489 -107.141 -178.743 -88.584
3 14 -108.287 -177.913 -88.000 -107.141 -178.743 -88.584 -104.421 -176.305 -88.489
3 14 -104.421 -176.305 -88.489 -105.388 -175.272 -87.904 -108.287 -177.913 -88.000
3 14 -109.423 -177.071 -88.588 -108.287 -177.913 -88.000 -105.388 -175.272 -87.904
3 14 -105.388 -175.272 -87.904 -106.308 -174.199 -88.489 -109.423 -177.071 -88.588
3 14 -109.883 -176.712 -90.002 -109.423 -177.071 -88.588 -106.308 -174.199 -88.489
3 14 -106.308 -174.199 -88.489 -106.644 -173.713 -89.901 -109.883 -176.712 -90.002
3 14 -109.399 -177.045 -91.416 -109.883 -176.712 -90.002 -106.644 -173.713 -89.901
3 14 -106.644 -173.713 -89.901 -106.199 -174.101 -91.314 -109.399 -177.045 -91.416
3 14 -108.254 -177.876 -92.000 -109.399 -177.045 -91.416 -106.199 -174.101 -91.314
3 14 -106.199 -174.101 -91.314 -105.232 -175.134 -91.899 -108.254 -177.876 -92.000
3 14 -104.312 -176.207 -91.313 -105.232 -175.134 -91.899 -102.173 -172.435 -91.575
3 14 -102.173 -172.435 -91.575 -101.279 -173.532 -90.991 -104.312 -176.207 -91.313
3 14 -103.976 -176.693 -89.901 -104.312 -176.207 -91.313 -101.279 -173.532 -90.991
3 14 -101.279 -173.532 -90.991 -100.994 -174.062 -89.584 -103.976 -176.693 -89.901
3 14 -104.421 -176.305 -88.489 -103.976 -176.693 -89.901 -100.994 -174.062 -89.584
3 14 -100.994 -174.062 -89.584 -101.484 -173.713 -88.176 -104.421 -176.305 -88.489
3 14 -105.388 -175.272 -87.904 -104.421 -176.305 -88.489 -101.484 -173.713 -88.176
3 14 -101.484 -173.713 -88.176 -102.462 -172.690 -87.593 -105.388 -175.272 -87.904
3 14 -106.308 -174.199 -88.489 -105.388 -175.272 -87.904 -102.462 -172.690 -87.593
3 14 -102.462 -172.690 -87.593 -103.355 -171.592 -88.176 -106.308 -174.199 -88.489
3 14 -106.644 -173.713 -89.901 -106.308 -174.199 -88.489 -103.355 -171.592 -88.176
3 14 -103.355 -171.592 -88.176 -103.640 -171.062 -89.584 -106.644 -173.713 -89.901
3 14 -106.199 -174.101 -91.314 -106.644 -173.713 -89.901 -103.640 -171.062 -89.584
3 14 -103.640 -171.062 -89.584 -103.151 -171.412 -90.991 -106.199 -174.101 -91.314
3 14 -105.232 -175.134 -91.899 -106.199 -174.101 -91.314 -103.151 -171.412 -90.991
3 14 -103.151 -171.412 -90.991 -102.173 -172.435 -91.575 -105.232 -175.134 -91.899
3 14 -101.279 -173.532 -90.991 -102.173 -172.435 -91.575 -99.142 -169.761 -91.114
3 14 -99.142 -169.761 -91.114 -98.263 -170.871 -90.533 -101.279 -173.532 -90.991
3 14 -100.994 -174.062 -89.584 -101.279 -173.532 -90.991 -98.263 -170.871 -90.533
3 14 -98.263 -170.871 -90.533 -98.011 -171.430 -89.130 -100.994 -174.062 -89.584
3 14 -101.484 -173.713 -88.176 -100.994 -174.062 -89.584 -98.011 -171.430 -89.130
3 14 -98.011 -171.430 -89.130 -98.534 -171.110 -87.728 -101.484 -173.713 -88.176
3 14 -102.462 -172.690 -87.593 -101.484 -173.713 -88.176 -98.534 -171.110 -87.728
3 14 -98.534 -171.110 -87.728 -99.526 -170.099 -87.147 -102.462 -172.690 -87.593
3 14 -103.355 -171.592 -88.176 -102.462 -172.690 -87.593 -99.526 -170.099 -87.147
3 14 -99.526 -170.099 -87.147 -100.405 -168.989 -87.728 -103.355 -171.592 -88.176
3 14 -103.640 -171.062 -89.584 -103.355 -171.592 -88.176 -100.405 -168.989 -87.728
3 14 -100.405 -168.989 -87.728 -100.657 -168.430 -89.130 -103.640 -171.062 -89.584
3 14 -103.151 -171.412 -90.991 -103.640 -171.062 -89.584 -100.657 -168.430 -89.130
3 14 -100.657 -168.430 -89.130 -100.134 -168.750 -90.533 -103.151 -171.412 -90.991
3 14 -102.173 -172.435 -91.575 -103.151 -171.412 -90.991 -100.134 -168.750 -90.533
3 14 -100.134 -168.750 -90.533 -99.142 -169.761 -91.114 -102.173 -172.435 -91.575
3 14 -98.263 -170.871 -90.533 -99.142 -169.761 -91.114 -93.156 -164.479 -89.964
3 14 -93.156 -164.479 -89.964 -92.289 -165.600 -89.385 -98.263 -170.871 -90.533
3 14 -98.011 -171.430 -89.130 -98.263 -170.871 -90.533 -92.289 -165.600 -89.385
3 14 -92.289 -165.600 -89.385 -92.067 -166.185 -87.988 -98.011 -171.430 -89.130
3 14 -98.534 -171.110 -87.728 -98.011 -171.430 -89.130 -92.067 -166.185 -87.988
3 14 -92.067 -166.185 -87.988 -92.621 -165.892 -86.592 -98.534 -171.110 -87.728
3 14 -99.526 -170.099 -87.147 -98.534 -171.110 -87.728 -92.621 -165.892 -86.592
3 14 -92.621 -165.892 -86.592 -93.625 -164.893 -86.013 -99.526 -170.099 -87.147
3 14 -100.405 -168.989 -87.728 -99.526 -170.099 -87.147 -93.625 -164.893 -86.013
3 14 -93.625 -164.893 -86.013 -94.492 -163.772 -86.592 -100.405 -168.989 -87.728
3 14 -100.657 -168.430 -89.130 -100.405 -168.989 -87.728 -94.492 -163.772 -86.592
3 14 -94.492 -163.772 -86.592 -94.714 -163.186 -87.988 -100.657 -168.430 -89.130
3 14 -100.134 -168.750 -90.533 -100.657 -168.430 -89.130 -94.714 -163.186 -87.988
3 14 -94.714 -163.186 -87.988 -94.160 -163.479 -89.385 -100.134 -168.750 -90.533
3 14 -99.142 -169.761 -91.114 -100.134 -168.750 -90.533 -94.160 -163.479 -89.385
3 14 -94.160 -163.479 -89.385 -93.156 -164.479 -89.964 -99.142 -169.761 -91.114
3 14 -92.289 -165.600 -89.385 -93.156 -164.479 -89.964 -84.242 -156.614 -87.909
3 14 -84.242 -156.614 -87.909 -83.386 -157.744 -87.333 -92.289 -165.600 -89.385
3 14 -92.067 -166.185 -87.988 -92.289 -165.600 -89.385 -83.386 -157.744 -87.333
3 14 -83.386 -157.744 -87.333 -83.191 -158.354 -85.942 -92.067 -166.185 -87.988
3 14 -92.621 -165.892 -86.592 -92.067 -166.185 -87.988 -83.191 -158.354 -85.942
3 14 -83.191 -158.354 -85.942 -83.771 -158.084 -84.551 -92.621 -165.892 -86.592
3 14 -93.625 -164.893 -86.013 -92.621 -165.892 -86.592 -83.771 -158.084 -84.551
3 14 -83.771 -158.084 -84.551 -84.787 -157.094 -83.975 -93.625 -164.893 -86.013
3 14 -94.492 -163.772 -86.592 -93.625 -164.893 -86.013 -84.787 -157.094 -83.975
3 14 -84.787 -157.094 -83.975 -85.643 -155.964 -84.551 -94.492 -163.772 -86.592
3 14 -94.714 -163.186 -87.988 -94.492 -163.772 -86.592 -85.643 -155.964 -84.551
3 14 -85.643 -155.964 -84.551 -85.838 -155.354 -85.942 -94.714 -163.186 -87.988
3 14 -94.160 -163.479 -89.385 -94.714 -163.186 -87.988 -85.838 -155.354 -85.942
3 14 -85.838 -155.354 -85.942 -85.258 -155.624 -87.333 -94.160 -163.479 -89.385
3 14 -93.156 -164.479 -89.964 -94.160 -163.479 -89.385 -85.258 -155.624 -87.333
3 14 -85.258 -155.624 -87.333 -84.242 -156.614 -87.909 -93.156 -164.479 -89.964
3 14 -83.386 -157.744 -87.333 -84.242 -156.614 -87.909 -66.542 -140.996 -83.269
3 14 -66.542 -140.996 -83.269 -65.693 -142.133 -82.694 -83.386 -157.744 -87.333
3 14 -83.191 -158.354 -85.942 -83.386 -157.744 -87.333 -65.693 -142.133 -82.694
3 14 -65.693 -142.133 -82.694 -65.514 -142.756 -81.308 -83.191 -158.354 -85.942
3 14 -83.771 -158.084 -84.551 -83.191 -158.354 -85.942 -65.514 -142.756 -81.308
3 14 -65.514 -142.756 -81.308 -66.111 -142.502 -79.922 -83.771 -158.084 -84.551
3 14 -84.787 -157.094 -83.975 -83.771 -158.084 -84.551 -66.111 -142.502 -79.922
3 14 -66.111 -142.502 -79.922 -67.133 -141.518 -79.347 -84.787 -157.094 -83.975
3 14 -85.643 -155.964 -84.551 -84.787 -157.094 -83.975 -67.133 -141.518 -79.347
3 14 -67.133 -141.518 -79.347 -67.983 -140.381 -79.922 -85.643 -155.964 -84.551
3 14 -85.838 -155.354 -85.942 -85.643 -155.964 -84.551 -67.983 -140.381 -79.922
3 14 -67.983 -140.381 -79.922 -68.161 -139.757 -81.308 -85.838 -155.354 -85.942
3 14 -85.258 -155.624 -87.333 -85.838 -155.354 -85.942 -68.161 -139.757 -81.308
3 14 -68.161 -139.757 -81.308 -67.564 -140.012 -82.694 -85.258 -155.624 -87.333
3 14 -84.242 -156.614 -87.909 -85.258 -155.624 -87.333 -67.564 -140.012 -82.694
3 14 -67.564 -140.012 -82.694 -66.542 -140.996 -83.269 -84.242 -156.614 -87.909
3 14 -65.693 -142.133 -82.694 -66.542 -140.996 -83.269 -60.656 -135.802 -81.653
3 14 -60.656 -135.802 -81.653 -59.808 -136.940 -81.079 -65.693 -142.133 -82.694
3 14 -65.514 -142.756 -81.308 -65.693 -142.133 -82.694 -59.808 -136.940 -81.079
3 14 -59.808 -136.940 -81.079 -59.633 -137.567 -79.694 -65.514 -142.756 -81.308
3 14 -66.111 -142.502 -79.922 -65.514 -142.756 -81.308 -59.633 -137.567 -79.694
3 14 -59.633 -137.567 -79.694 -60.232 -137.314 -78.308 -66.111 -142.502 -79.922
3 14 -67.133 -141.518 -79.347 -66.111 -142.502 -79.922 -60.232 -137.314 -78.308
3 14 -60.232 -137.314 -78.308 -61.256 -136.331 -77.734 -67.133 -141.518 -79.347
3 14 -67.983 -140.381 -79.922 -67.133 -141.518 -79.347 -61.256 -136.331 -77.734
3 14 -61.256 -136.331 -77.734 -62.104 -135.194 -78.308 -67.983 -140.381 -79.922
3 14 -68.161 -139.757 -81.308 -67.983 -140.381 -79.922 -62.104 -135.194 -78.308
3 14 -62.104 -135.194 -78.308 -62.279 -134.567 -79.694 -68.161 -139.757 -81.308
3 14 -67.564 -140.012 -82.694 -68.161 -139.757 -81.308 -62.279 -134.567 -79.694
3 14 -62.279 -134.567 -79.694 -61.679 -134.819 -81.079 -67.564 -140.012 -82.694
3 14 -66.542 -140.996 -83.269 -67.564 -140.012 -82.694 -61.679 -134.819 -81.079
3 14 -61.679 -134.819 -81.079 -60.656 -135.802 -81.653 -66.542 -140.996 -83.269
3 14 -59.808 -136.940 -81.079 -60.656 -135.802 -81.653 -31.245 -109.852 -73.715
3 14 -31.245 -109.852 -73.715 -30.392 -110.985 -73.140 -59.808 -136.940 -81.079
3 14 -59.633 -137.567 -79.694 -59.808 -136.940 -81.079 -30.392 -110.985 -73.140
3 14 -30.392 -110.985 -73.140 -30.204 -111.600 -71.751 -59.633 -137.567 -79.694
3 14 -60.232 -137.314 -78.308 -59.633 -137.567 -79.694 -30.204 -111.600 -71.751
3 14 -30.204 -111.600 -71.751 -30.791 -111.337 -70.362 -60.232 -137.314 -78.308
3 14 -61.256 -136.331 -77.734 -60.232 -137.314 -78.308 -30.791 -111.337 -70.362
3 14 -30.791 -111.337 -70.362 -31.809 -110.349 -69.786 -61.256 -136.331 -77.734
3 14 -62.104 -135.194 -78.308 -61.256 -136.331 -77.734 -31.809 -110.349 -69.786
3 14 -31.809 -110.349 -69.786 -32.662 -109.216 -70.362 -62.104 -135.194 -78.308
3 14 -62.279 -134.567 -79.694 -62.104 -135.194 -78.308 -32.662 -109.216 -70.362
3 14 -32.662 -109.216 -70.362 -32.850 -108.601 -71.751 -62.279 -134.567 -79.694
3 14 -61.679 -134.819 -81.079 -62.279 -134.567 -79.694 -32.850 -108.601 -71.751
3 14 -32.850 -108.601 -71.751 -32.264 -108.864 -73.140 -61.679 -134.819 -81.079
3 14 -60.656 -135.802 -81.653 -61.679 -134.819 -81.079 -32.264 -108.864 -73.140
3 14 -32.264 -108.864 -73.140 -31.245 -109.852 -73.715 -60.656 -135.802 -81.653
3 14 -30.392 -110.985 -73.140 -31.245 -109.852 -73.715 -22.413 -102.058 -71.593
3 14 -22.413 -102.058 -71.593 -21.550 -103.183 -71.015 -30.392 -110.985 -73.140
3 14 -30.204 -111.600 -71.751 -30.392 -110.985 -73.140 -21.550 -103.183 -71.015
3 14 -21.550 -103.183 -71.015 -21.339 -103.778 -69.621 -30.204 -111.600 -71.751
3 14 -30.791 -111.337 -70.362 -30.204 -111.600 -71.751 -21.339 -103.778 -69.621
3 14 -21.339 -103.778 -69.621 -21.903 -103.495 -68.226 -30.791 -111.337 -70.362
3 14 -31.809 -110.349 -69.786 -30.791 -111.337 -70.362 -21.903 -103.495 -68.226
3 14 -21.903 -103.495 -68.226 -22.912 -102.499 -67.648 -31.809 -110.349 -69.786
3 14 -32.662 -109.216 -70.362 -31.809 -110.349 -69.786 -22.912 -102.499 -67.648
3 14 -22.912 -102.499 -67.648 -23.774 -101.374 -68.226 -32.662 -109.216 -70.362
3 14 -32.850 -108.601 -71.751 -32.662 -109.216 -70.362 -23.774 -101.374 -68.226
3 14 -23.774 -101.374 -68.226 -23.986 -100.779 -69.621 -32.850 -108.601 -71.751
3 14 -32.264 -108.864 -73.140 -32.850 -108.601 -71.751 -23.986 -100.779 -69.621
3 14 -23.986 -100.779 -69.621 -23.422 -101.062 -71.015 -32.264 -108.864 -73.140
3 14 -31.245 -109.852 -73.715 -32.264 -108.864 -73.140 -23.422 -101.062 -71.015
3 14 -23.422 -101.062 -71.015 -22.413 -102.058 -71.593 -31.245 -109.852 -73.715
3 14 -21.550 -103.183 -71.015 -22.413 -102.058 -71.593 -16.513 -96.853 -70.356
3 14 -16.513 -96.853 -70.356 -15.641 -97.969 -69.776 -21.550 -103.183 -71.015
3 14 -21.339 -103.778 -69.621 -21.550 -103.183 -71.015 -15.641 -97.969 -69.776
3 14 -15.641 -97.969 -69.776 -15.407 -98.544 -68.377 -21.339 -103.778 -69.621
3 14 -21.903 -103.495 -68.226 -21.339 -103.778 -69.621 -15.407 -98.544 -68.377
3 14 -15.407 -98.544 -68.377 -15.948 -98.240 -66.978 -21.903 -103.495 -68.226
3 14 -22.912 -102.499 -67.648 -21.903 -103.495 -68.226 -15.948 -98.240 -66.978
3 14 -15.948 -98.240 -66.978 -16.947 -97.236 -66.398 -22.912 -102.499 -67.648
3 14 -23.774 -101.374 -68.226 -22.912 -102.499 -67.648 -16.947 -97.236 -66.398
3 14 -16.947 -97.236 -66.398 -17.819 -96.119 -66.978 -23.774 -101.374 -68.226
3 14 -23.986 -100.779 -69.621 -23.774 -101.374 -68.226 -17.819 -96.119 -66.978
3 14 -17.819 -96.119 -66.978 -18.053 -95.545 -68.377 -23.986 -100.779 -69.621
3 14 -23.422 -101.062 -71.015 -23.986 -100.779 -69.621 -18.053 -95.545 -68.377
3 14 -18.053 -95.545 -68.377 -17.512 -95.848 -69.776 -23.422 -101.062 -71.015
3 14 -22.413 -102.058 -71.593 -23.422 -101.062 -71.015 -17.512 -95.848 -69.776
3 14 -17.512 -95.848 -69.776 -16.513 -96.853 -70.356 -22.413 -102.058 -71.593
3 14 -15.641 -97.969 -69.776 -16.513 -96.853 -70.356 -13.571 -94.257 -69.825
3 14 -13.571 -94.257 -69.825 -12.689 -95.365 -69.244 -15.641 -97.969 -69.776
3 14 -15.407 -98.544 -68.377 -15.641 -97.969 -69.776 -12.689 -95.365 -69.244
3 14 -12.689 -95.365 -69.244 -12.431 -95.918 -67.840 -15.407 -98.544 -68.377
3 14 -15.948 -98.240 -66.978 -15.407 -98.544 -68.377 -12.431 -95.918 -67.840
3 14 -12.431 -95.918 -67.840 -12.949 -95.594 -66.437 -15.948 -98.240 -66.978
3 14 -16.947 -97.236 -66.398 -15.948 -98.240 -66.978 -12.949 -95.594 -66.437
3 14 -12.949 -95.594 -66.437 -13.938 -94.581 -65.855 -16.947 -97.236 -66.398
3 14 -17.819 -96.119 -66.978 -16.947 -97.236 -66.398 -13.938 -94.581 -65.855
3 14 -13.938 -94.581 -65.855 -14.820 -93.473 -66.437 -17.819 -96.119 -66.978
3 14 -18.053 -95.545 -68.377 -17.819 -96.119 -66.978 -14.820 -93.473 -66.437
3 14 -14.820 -93.473 -66.437 -15.078 -92.919 -67.840 -18.053 -95.545 -68.377
3 14 -17.512 -95.848 -69.776 -18.053 -95.545 -68.377 -15.078 -92.919 -67.840
3 14 -15.078 -92.919 -67.840 -14.560 -93.244 -69.244 -17.512 -95.848 -69.776
3 14 -16.513 -96.853 -70.356 -17.512 -95.848 -69.776 -14.560 -93.244 -69.244
3 14 -14.560 -93.244 -69.244 -13.571 -94.257 -69.825 -16.513 -96.853 -70.356
3 14 -12.689 -95.365 -69.244 -13.571 -94.257 -69.825 -10.630 -91.661 -69.387
3 14 -10.630 -91.661 -69.387 -9.735 -92.758 -68.804 -12.689 -95.365 -69.244
3 14 -12.431 -95.918 -67.840 -12.689 -95.365 -69.244 -9.735 -92.758 -68.804
3 14 -9.735 -92.758 -68.804 -9.448 -93.286 -67.396 -12.431 -95.918 -67.840
3 14 -12.949 -95.594 -66.437 -12.431 -95.918 -67.840 -9.448 -93.286 -67.396
3 14 -9.448 -93.286 -67.396 -9.935 -92.934 -65.988 -12.949 -95.594 -66.437
3 14 -13.938 -94.581 -65.855 -12.949 -95.594 -66.437 -9.935 -92.934 -65.988
3 14 -9.935 -92.934 -65.988 -10.912 -91.910 -65.405 -13.938 -94.581 -65.855
3 14 -14.820 -93.473 -66.437 -13.938 -94.581 -65.855 -10.912 -91.910 -65.405
3 14 -10.912 -91.910 -65.405 -11.806 -90.814 -65.988 -14.820 -93.473 -66.437
3 14 -15.078 -92.919 -67.840 -14.820 -93.473 -66.437 -11.806 -90.814 -65.988
3 14 -11.806 -90.814 -65.988 -12.094 -90.286 -67.396 -15.078 -92.919 -67.840
3 14 -14.560 -93.244 -69.244 -15.078 -92.919 -67.840 -12.094 -90.286 -67.396
3 14 -12.094 -90.286 -67.396 -11.607 -90.637 -68.804 -14.560 -93.244 -69.244
3 14 -13.571 -94.257 -69.825 -14.560 -93.244 -69.244 -11.607 -90.637 -68.804
3 14 -11.607 -90.637 -68.804 -10.630 -91.661 -69.387 -13.571 -94.257 -69.825
3 14 -9.735 -92.758 -68.804 -10.630 -91.661 -69.387 -7.703 -89.080 -69.084
3 14 -7.703 -89.080 -69.084 -6.802 -90.171 -68.499 -9.735 -92.758 -68.804
3 14 -9.448 -93.286 -67.396 -9.735 -92.758 -68.804 -6.802 -90.171 -68.499
3 14 -6.802 -90.171 -68.499 -6.473 -90.660 -67.087 -9.448 -93.286 -67.396
3 14 -9.935 -92.934 -65.988 -9.448 -93.286 -67.396 -6.473 -90.660 -67.087
3 14 -6.473 -90.660 -67.087 -6.908 -90.262 -65.674 -9.935 -92.934 -65.988
3 14 -10.912 -91.910 -65.405 -9.935 -92.934 -65.988 -6.908 -90.262 -65.674
3 14 -6.908 -90.262 -65.674 -7.852 -89.210 -65.089 -10.912 -91.910 -65.405
3 14 -11.806 -90.814 -65.988 -10.912 -91.910 -65.405 -7.852 -89.210 -65.089
3 14 -7.852 -89.210 -65.089 -8.753 -88.119 -65.674 -11.806 -90.814 -65.988
3 14 -12.094 -90.286 -67.396 -11.806 -90.814 -65.988 -8.753 -88.119 -65.674
3 14 -8.753 -88.119 -65.674 -9.082 -87.629 -67.086 -12.094 -90.286 -67.396
3 14 -11.607 -90.637 -68.804 -12.094 -90.286 -67.396 -9.082 -87.629 -67.086
3 14 -9.082 -87.629 -67.086 -8.647 -88.027 -68.498 -11.607 -90.637 -68.804
3 14 -10.630 -91.661 -69.387 -11.607 -90.637 -68.804 -8.647 -88.027 -68.498
3 14 -8.647 -88.027 -68.498 -7.703 -89.080 -69.084 -10.630 -91.661 -69.387
3 14 -6.802 -90.171 -68.499 -7.703 -89.080 -69.084 -4.698 -86.561 -69.000
3 14 -4.698 -86.561 -69.000 -4.042 -87.815 -68.416 -6.802 -90.171 -68.499
3 14 -6.473 -90.660 -67.087 -6.802 -90.171 -68.499 -4.042 -87.815 -68.416
3 14 -4.042 -87.815 -68.416 -3.781 -88.341 -67.003 -6.473 -90.660 -67.087
3 14 -6.908 -90.262 -65.674 -6.473 -90.660 -67.087 -3.781 -88.341 -67.003
3 14 -3.781 -88.341 -67.003 -4.068 -87.832 -65.588 -6.908 -90.262 -65.674
3 14 -7.852 -89.210 -65.089 -6.908 -90.262 -65.674 -4.068 -87.832 -65.588
3 14 -4.068 -87.832 -65.588 -4.734 -86.586 -65.000 -7.852 -89.210 -65.089
3 14 -8.753 -88.119 -65.674 -7.852 -89.210 -65.089 -4.734 -86.586 -65.000
3 14 -4.734 -86.586 -65.000 -5.389 -85.332 -65.584 -8.753 -88.119 -65.674
3 14 -9.082 -87.629 -67.086 -8.753 -88.119 -65.674 -5.389 -85.332 -65.584
3 14 -5.389 -85.332 -65.584 -5.650 -84.805 -66.997 -9.082 -87.629 -67.086
3 14 -8.647 -88.027 -68.498 -9.082 -87.629 -67.086 -5.650 -84.805 -66.997
3 14 -5.650 -84.805 -66.997 -5.364 -85.314 -68.412 -8.647 -88.027 -68.498
3 14 -7.703 -89.080 -69.084 -8.647 -88.027 -68.498 -5.364 -85.314 -68.412
3 14 -5.364 -85.314 -68.412 -4.698 -86.561 -69.000 -7.703 -89.080 -69.084
3 14 -4.042 -87.815 -68.416 -4.698 -86.561 -69.000 -0.914 -85.506 -69.000
3 14 -0.914 -85.506 -69.000 -0.931 -86.920 -68.414 -4.042 -87.815 -68.416
3 14 -3.781 -88.341 -67.003 -4.042 -87.815 -68.416 -0.931 -86.920 -68.414
3 14 -0.931 -86.920 -68.414 -0.939 -87.506 -67.000 -3.781 -88.341 -67.003
3 14 -4.068 -87.832 -65.588 -3.781 -88.341 -67.003 -0.939 -87.506 -67.000
3 14 -0.939 -87.506 -67.000 -0.931 -86.920 -65.586 -4.068 -87.832 -65.588
3 14 -4.734 -86.586 -65.000 -4.068 -87.832 -65.588 -0.931 -86.920 -65.586
3 14 -0.931 -86.920 -65.586 -0.914 -85.506 -65.000 -4.734 -86.586 -65.000
3 14 -5.389 -85.332 -65.584 -4.734 -86.586 -65.000 -0.914 -85.506 -65.000
3 14 -0.914 -85.506 -65.000 -0.897 -84.092 -65.586 -5.389 -85.332 -65.584
3 14 -5.650 -84.805 -66.997 -5.389 -85.332 -65.584 -0.897 -84.092 -65.586
3 14 -0.897 -84.092 -65.586 -0.890 -83.506 -67.000 -5.650 -84.805 -66.997
3 14 -5.364 -85.314 -68.412 -5.650 -84.805 -66.997 -0.890 -83.506 -67.000
3 14 -0.890 -83.506 -67.000 -0.897 -84.092 -68.414 -5.364 -85.314 -68.412
3 14 -4.698 -86.561 -69.000 -5.364 -85.314 -68.412 -0.897 -84.092 -68.414
3 14 -0.897 -84.092 -68.414 -0.914 -85.506 -69.000 -4.698 -86.561 -69.000
3 14 -0.931 -86.920 -68.414 -0.914 -85.506 -69.000 2.860 -86.666 -69.000
3 14 2.860 -86.666 -69.000 2.080 -87.846 -68.414 -0.931 -86.920 -68.414
3 14 -0.939 -87.506 -67.000 -0.931 -86.920 -68.414 2.080 -87.846 -68.414
3 14 2.080 -87.846 -68.414 1.756 -88.334 -67.000 -0.939 -87.506 -67.000
3 14 -0.931 -86.920 -65.586 -0.939 -87.506 -67.000 1.756 -88.334 -67.000
3 14 1.756 -88.334 -67.000 2.080 -87.846 -65.586 -0.931 -86.920 -65.586
3 14 -0.914 -85.506 -65.000 -0.931 -86.920 -65.586 2.080 -87.846 -65.586
3 14 2.080 -87.846 -65.586 2.860 -86.666 -65.000 -0.914 -85.506 -65.000
3 14 -0.897 -84.092 -65.586 -0.914 -85.506 -65.000 2.860 -86.666 -65.000
3 14 2.860 -86.666 -65.000 3.640 -85.487 -65.586 -0.897 -84.092 -65.586
3 14 -0.890 -83.506 -67.000 -0.897 -84.092 -65.586 3.640 -85.487 -65.586
3 14 3.640 -85.487 -65.586 3.964 -84.998 -67.000 -0.890 -83.506 -67.000
3 14 -0.897 -84.092 -68.414 -0.890 -83.506 -67.000 3.964 -84.998 -67.000
3 14 3.964 -84.998 -67.000 3.640 -85.487 -68.414 -0.897 -84.092 -68.414
3 14 -0.914 -85.506 -69.000 -0.897 -84.092 -68.414 3.640 -85.487 -68.414
3 14 3.640 -85.487 -68.414 2.860 -86.666 -69.000 -0.914 -85.506 -69.000
3 14 2.080 -87.846 -68.414 2.860 -86.666 -69.000 5.404 -89.686 -69.000
3 14 5.404 -89.686 -69.000 4.109 -90.255 -68.414 2.080 -87.846 -68.414
3 14 1.756 -88.334 -67.000 2.080 -87.846 -68.414 4.109 -90.255 -68.414
3 14 4.109 -90.255 -68.414 3.573 -90.491 -67.000 1.756 -88.334 -67.000
3 14 2.080 -87.846 -65.586 1.756 -88.334 -67.000 3.573 -90.491 -67.000
3 14 3.573 -90.491 -67.000 4.109 -90.255 -65.586 2.080 -87.846 -65.586
3 14 2.860 -86.666 -65.000 2.080 -87.846 -65.586 4.109 -90.255 -65.586
3 14 4.109 -90.255 -65.586 5.404 -89.686 -65.000 2.860 -86.666 -65.000
3 14 3.640 -85.487 -65.586 2.860 -86.666 -65.000 5.404 -89.686 -65.000
3 14 5.404 -89.686 -65.000 6.699 -89.117 -65.586 3.640 -85.487 -65.586
3 14 3.964 -84.998 -67.000 3.640 -85.487 -65.586 6.699 -89.117 -65.586
3 14 6.699 -89.117 -65.586 7.235 -88.882 -67.000 3.964 -84.998 -67.000
3 14 3.640 -85.487 -68.414 3.964 -84.998 -67.000 7.235 -88.882 -67.000
3 14 7.235 -88.882 -67.000 6.699 -89.117 -68.414 3.640 -85.487 -68.414
3 14 2.860 -86.666 -69.000 3.640 -85.487 -68.414 6.699 -89.117 -68.414
3 14 6.699 -89.117 -68.414 5.404 -89.686 -69.000 2.860 -86.666 -69.000
3 14 4.109 -90.255 -68.414 5.404 -89.686 -69.000 5.908 -93.602 -69.000
3 14 5.908 -93.602 -69.000 4.511 -93.380 -68.414 4.109 -90.255 -68.414
3 14 3.573 -90.491 -67.000 4.109 -90.255 -68.414 4.511 -93.380 -68.414
3 14 4.511 -93.380 -68.414 3.933 -93.287 -67.000 3.573 -90.491 -67.000
3 14 4.109 -90.255 -65.586 3.573 -90.491 -67.000 3.933 -93.287 -67.000
3 14 3.933 -93.287 -67.000 4.511 -93.380 -65.586 4.109 -90.255 -65.586
3 14 5.404 -89.686 -65.000 4.109 -90.255 -65.586 4.511 -93.380 -65.586
3 14 4.511 -93.380 -65.586 5.908 -93.602 -65.000 5.404 -89.686 -65.000
3 14 6.699 -89.117 -65.586 5.404 -89.686 -65.000 5.908 -93.602 -65.000
3 14 5.908 -93.602 -65.000 7.304 -93.825 -65.586 6.699 -89.117 -65.586
3 14 7.235 -88.882 -67.000 6.699 -89.117 -65.586 7.304 -93.825 -65.586
3 14 7.304 -93.825 -65.586 7.883 -93.918 -67.000 7.235 -88.882 -67.000
3 14 6.699 -89.117 -68.414 7.235 -88.882 -67.000 7.883 -93.918 -67.000
3 14 7.883 -93.918 -67.000 7.304 -93.825 -68.414 6.699 -89.117 -68.414
3 14 5.404 -89.686 -69.000 6.699 -89.117 -68.414 7.304 -93.825 -68.414
3 14 7.304 -93.825 -68.414 5.908 -93.602 -69.000 5.404 -89.686 -69.000
3 14 4.511 -93.380 -68.414 5.908 -93.602 -69.000 4.227 -97.148 -69.000
3 14 4.227 -97.148 -69.000 3.088 -96.310 -68.416 4.511 -93.380 -68.414
3 14 3.933 -93.287 -67.000 4.511 -93.380 -68.414 3.088 -96.310 -68.416
3 14 3.088 -96.310 -68.416 2.605 -95.974 -67.003 3.933 -93.287 -67.000
3 14 4.511 -93.380 -65.586 3.933 -93.287 -67.000 2.605 -95.974 -67.003
3 14 2.605 -95.974 -67.003 3.063 -96.337 -65.588 4.511 -93.380 -65.586
3 14 5.908 -93.602 -65.000 4.511 -93.380 -65.586 3.063 -96.337 -65.588
3 14 3.063 -96.337 -65.588 4.192 -97.187 -65.000 5.908 -93.602 -65.000
3 14 7.304 -93.825 -65.586 5.908 -93.602 -65.000 4.192 -97.187 -65.000
3 14 4.192 -97.187 -65.000 5.332 -98.025 -65.584 7.304 -93.825 -65.586
3 14 7.883 -93.918 -67.000 7.304 -93.825 -65.586 5.332 -98.025 -65.584
3 14 5.332 -98.025 -65.584 5.815 -98.361 -66.997 7.883 -93.918 -67.000
3 14 7.304 -93.825 -68.414 7.883 -93.918 -67.000 5.815 -98.361 -66.997
3 14 5.815 -98.361 -66.997 5.357 -97.998 -68.412 7.304 -93.825 -68.414
3 14 5.908 -93.602 -69.000 7.304 -93.825 -68.414 5.357 -97.998 -68.412
3 14 5.357 -97.998 -68.412 4.227 -97.148 -69.000 5.908 -93.602 -69.000
3 14 3.088 -96.310 -68.416 4.227 -97.148 -69.000 1.325 -99.783 -69.102
3 14 1.325 -99.783 -69.102 0.359 -98.750 -68.517 3.088 -96.310 -68.416
3 14 2.605 -95.974 -67.003 3.088 -96.310 -68.416 0.359 -98.750 -68.517
3 14 0.359 -98.750 -68.517 -0.087 -98.363 -67.105 2.605 -95.974 -67.003
3 14 3.063 -96.337 -65.588 2.605 -95.974 -67.003 -0.087 -98.363 -67.105
3 14 -0.087 -98.363 -67.105 0.247 -98.850 -65.693 3.063 -96.337 -65.588
3 14 4.192 -97.187 -65.000 3.063 -96.337 -65.588 0.247 -98.850 -65.693
3 14 0.247 -98.850 -65.693 1.166 -99.925 -65.108 4.192 -97.187 -65.000
3 14 5.332 -98.025 -65.584 4.192 -97.187 -65.000 1.166 -99.925 -65.108
3 14 1.166 -99.925 -65.108 2.132 -100.958 -65.693 5.332 -98.025 -65.584
3 14 5.815 -98.361 -66.997 5.332 -98.025 -65.584 2.132 -100.958 -65.693
3 14 2.132 -100.958 -65.693 2.579 -101.345 -67.105 5.815 -98.361 -66.997
3 14 5.357 -97.998 -68.412 5.815 -98.361 -66.997 2.579 -101.345 -67.105
3 14 2.579 -101.345 -67.105 2.245 -100.858 -68.517 5.357 -97.998 -68.412
3 14 4.227 -97.148 -69.000 5.357 -97.998 -68.412 2.245 -100.858 -68.517
3 14 2.245 -100.858 -68.517 1.325 -99.783 -69.102 4.227 -97.148 -69.000
3 14 0.359 -98.750 -68.517 1.325 -99.783 -69.102 -1.601 -102.366 -69.416
3 14 -1.601 -102.366 -69.416 -2.580 -101.343 -68.833 0.359 -98.750 -68.517
3 14 -0.087 -98.363 -67.105 0.359 -98.750 -68.517 -2.580 -101.343 -68.833
3 14 -2.580 -101.343 -68.833 -3.070 -100.995 -67.426 -0.087 -98.363 -67.105
3 14 0.247 -98.850 -65.693 -0.087 -98.363 -67.105 -3.070 -100.995 -67.426
3 14 -3.070 -100.995 -67.426 -2.785 -101.525 -66.018 0.247 -98.850 -65.693
3 14 1.166 -99.925 -65.108 0.247 -98.850 -65.693 -2.785 -101.525 -66.018
3 14 -2.785 -101.525 -66.018 -1.892 -102.623 -65.435 1.166 -99.925 -65.108
3 14 2.132 -100.958 -65.693 1.166 -99.925 -65.108 -1.892 -102.623 -65.435
3 14 -1.892 -102.623 -65.435 -0.914 -103.646 -66.018 2.132 -100.958 -65.693
3 14 2.579 -101.345 -67.105 2.132 -100.958 -65.693 -0.914 -103.646 -66.018
3 14 -0.914 -103.646 -66.018 -0.424 -103.994 -67.426 2.579 -101.345 -67.105
3 14 2.245 -100.858 -68.517 2.579 -101.345 -67.105 -0.424 -103.994 -67.426
3 14 -0.424 -103.994 -67.426 -0.708 -103.464 -68.833 2.245 -100.858 -68.517
3 14 1.325 -99.783 -69.102 2.245 -100.858 -68.517 -0.708 -103.464 -68.833
3 14 -0.708 -103.464 -68.833 -1.601 -102.366 -69.416 1.325 -99.783 -69.102
3 14 -2.580 -101.343 -68.833 -1.601 -102.366 -69.416 -4.537 -104.957 -69.865
3 14 -4.537 -104.957 -69.865 -5.529 -103.946 -69.284 -2.580 -101.343 -68.833
3 14 -3.070 -100.995 -67.426 -2.580 -101.343 -68.833 -5.529 -103.946 -69.284
3 14 -5.529 -103.946 -69.284 -6.053 -103.627 -67.881 -3.070 -100.995 -67.426
3 14 -2.785 -101.525 -66.018 -3.070 -100.995 -67.426 -6.053 -103.627 -67.881
3 14 -6.053 -103.627 -67.881 -5.802 -104.186 -66.479 -2.785 -101.525 -66.018
3 14 -1.892 -102.623 -65.435 -2.785 -101.525 -66.018 -5.802 -104.186 -66.479
3 14 -5.802 -104.186 -66.479 -4.922 -105.296 -65.898 -1.892 -102.623 -65.435
3 14 -0.914 -103.646 -66.018 -1.892 -102.623 -65.435 -4.922 -105.296 -65.898
3 14 -4.922 -105.296 -65.898 -3.930 -106.307 -66.479 -0.914 -103.646 -66.018
3 14 -0.424 -103.994 -67.426 -0.914 -103.646 -66.018 -3.930 -106.307 -66.479
3 14 -3.930 -106.307 -66.479 -3.407 -106.626 -67.881 -0.424 -103.994 -67.426
3 14 -0.708 -103.464 -68.833 -0.424 -103.994 -67.426 -3.407 -106.626 -67.881
3 14 -3.407 -106.626 -67.881 -3.658 -106.067 -69.284 -0.708 -103.464 -68.833
3 14 -1.601 -102.366 -69.416 -0.708 -103.464 -68.833 -3.658 -106.067 -69.284
3 14 -3.658 -106.067 -69.284 -4.537 -104.957 -69.865 -1.601 -102.366 -69.416
3 14 -5.529 -103.946 -69.284 -4.537 -104.957 -69.865 -10.438 -110.163 -71.000
3 14 -10.438 -110.163 -71.000 -11.443 -109.164 -70.422 -5.529 -103.946 -69.284
3 14 -6.053 -103.627 -67.881 -5.529 -103.946 -69.284 -11.443 -109.164 -70.422
3 14 -11.443 -109.164 -70.422 -11.996 -108.871 -69.025 -6.053 -103.627 -67.881
3 14 -5.802 -104.186 -66.479 -6.053 -103.627 -67.881 -11.996 -108.871 -69.025
3 14 -11.996 -108.871 -69.025 -11.775 -109.457 -67.628 -5.802 -104.186 -66.479
3 14 -4.922 -105.296 -65.898 -5.802 -104.186 -66.479 -11.775 -109.457 -67.628
3 14 -11.775 -109.457 -67.628 -10.908 -110.578 -67.050 -4.922 -105.296 -65.898
3 14 -3.930 -106.307 -66.479 -4.922 -105.296 -65.898 -10.908 -110.578 -67.050
3 14 -10.908 -110.578 -67.050 -9.904 -111.578 -67.628 -3.930 -106.307 -66.479
3 14 -3.407 -106.626 -67.881 -3.930 -106.307 -66.479 -9.904 -111.578 -67.628
3 14 -9.904 -111.578 -67.628 -9.350 -111.870 -69.025 -3.407 -106.626 -67.881
3 14 -3.658 -106.067 -69.284 -3.407 -106.626 -67.881 -9.350 -111.870 -69.025
3 14 -9.350 -111.870 -69.025 -9.571 -111.284 -70.422 -3.658 -106.067 -69.284
3 14 -4.537 -104.957 -69.865 -3.658 -106.067 -69.284 -9.571 -111.284 -70.422
3 14 -9.571 -111.284 -70.422 -10.438 -110.163 -71.000 -4.537 -104.957 -69.865
3 14 -11.443 -109.164 -70.422 -10.438 -110.163 -71.000 -19.278 -117.963 -73.040
3 14 -19.278 -117.963 -73.040 -20.293 -116.973 -72.464 -11.443 -109.164 -70.422
3 14 -11.996 -108.871 -69.025 -11.443 -109.164 -70.422 -20.293 -116.973 -72.464
3 14 -20.293 -116.973 -72.464 -20.872 -116.702 -71.073 -11.996 -108.871 -69.025
3 14 -11.775 -109.457 -67.628 -11.996 -108.871 -69.025 -20.872 -116.702 -71.073
3 14 -20.872 -116.702 -71.073 -20.676 -117.310 -69.682 -11.775 -109.457 -67.628
3 14 -10.908 -110.578 -67.050 -11.775 -109.457 -67.628 -20.676 -117.310 -69.682
3 14 -20.676 -117.310 -69.682 -19.819 -118.441 -69.106 -10.908 -110.578 -67.050
3 14 -9.904 -111.578 -67.628 -10.908 -110.578 -67.050 -19.819 -118.441 -69.106
3 14 -19.819 -118.441 -69.106 -18.804 -119.431 -69.682 -9.904 -111.578 -67.628
3 14 -9.350 -111.870 -69.025 -9.904 -111.578 -67.628 -18.804 -119.431 -69.682
3 14 -18.804 -119.431 -69.682 -18.226 -119.702 -71.073 -9.350 -111.870 -69.025
3 14 -9.571 -111.284 -70.422 -9.350 -111.870 -69.025 -18.226 -119.702 -71.073
3 14 -18.226 -119.702 -71.073 -18.422 -119.094 -72.464 -9.571 -111.284 -70.422
3 14 -10.438 -110.163 -71.000 -9.571 -111.284 -70.422 -18.422 -119.094 -72.464
3 14 -18.422 -119.094 -72.464 -19.278 -117.963 -73.040 -10.438 -110.163 -71.000
3 14 -20.293 -116.973 -72.464 -19.278 -117.963 -73.040 -31.047 -128.347 -76.079
3 14 -31.047 -128.347 -76.079 -32.068 -127.363 -75.504 -20.293 -116.973 -72.464
3 14 -20.872 -116.702 -71.073 -20.293 -116.973 -72.464 -32.068 -127.363 -75.504
3 14 -32.068 -127.363 -75.504 -32.663 -127.106 -74.118 -20.872 -116.702 -71.073
3 14 -20.676 -117.310 -69.682 -20.872 -116.702 -71.073 -32.663 -127.106 -74.118
3 14 -32.663 -127.106 -74.118 -32.483 -127.729 -72.731 -20.676 -117.310 -69.682
3 14 -19.819 -118.441 -69.106 -20.676 -117.310 -69.682 -32.483 -127.729 -72.731
3 14 -32.483 -127.729 -72.731 -31.633 -128.865 -72.156 -19.819 -118.441 -69.106
3 14 -18.804 -119.431 -69.682 -19.819 -118.441 -69.106 -31.633 -128.865 -72.156
3 14 -31.633 -128.865 -72.156 -30.612 -129.849 -72.731 -18.804 -119.431 -69.682
3 14 -18.226 -119.702 -71.073 -18.804 -119.431 -69.682 -30.612 -129.849 -72.731
3 14 -30.612 -129.849 -72.731 -30.017 -130.106 -74.118 -18.226 -119.702 -71.073
3 14 -18.422 -119.094 -72.464 -18.226 -119.702 -71.073 -30.017 -130.106 -74.118
3 14 -30.017 -130.106 -74.118 -30.197 -129.483 -75.504 -18.422 -119.094 -72.464
3 14 -19.278 -117.963 -73.040 -18.422 -119.094 -72.464 -30.197 -129.483 -75.504
3 14 -30.197 -129.483 -75.504 -31.047 -128.347 -76.079 -19.278 -117.963 -73.040
3 14 -32.068 -127.363 -75.504 -31.047 -128.347 -76.079 -60.458 -154.298 -84.132
3 14 -60.458 -154.298 -84.132 -61.480 -153.314 -83.558 -32.068 -127.363 -75.504
3 14 -32.663 -127.106 -74.118 -32.068 -127.363 -75.504 -61.480 -153.314 -83.558
3 14 -61.480 -153.314 -83.558 -62.075 -153.058 -82.171 -32.663 -127.106 -74.118
3 14 -32.483 -127.729 -72.731 -32.663 -127.106 -74.118 -62.075 -153.058 -82.171
3 14 -62.075 -153.058 -82.171 -61.896 -153.681 -80.784 -32.483 -127.729 -72.731
3 14 -31.633 -128.865 -72.156 -32.483 -127.729 -72.731 -61.896 -153.681 -80.784
3 14 -61.896 -153.681 -80.784 -61.046 -154.818 -80.210 -31.633 -128.865 -72.156
3 14 -30.612 -129.849 -72.731 -31.633 -128.865 -72.156 -61.046 -154.818 -80.210
3 14 -61.046 -154.818 -80.210 -60.025 -155.802 -80.784 -30.612 -129.849 -72.731
3 14 -30.017 -130.106 -74.118 -30.612 -129.849 -72.731 -60.025 -155.802 -80.784
3 14 -60.025 -155.802 -80.784 -59.429 -156.058 -82.171 -30.017 -130.106 -74.118
3 14 -30.197 -129.483 -75.504 -30.017 -130.106 -74.118 -59.429 -156.058 -82.171
3 14 -59.429 -156.058 -82.171 -59.608 -155.435 -83.558 -30.197 -129.483 -75.504
3 14 -31.047 -128.347 -76.079 -30.197 -129.483 -75.504 -59.608 -155.435 -83.558
3 14 -59.608 -155.435 -83.558 -60.458 -154.298 -84.132 -31.047 -128.347 -76.079
3 14 -61.480 -153.314 -83.558 -60.458 -154.298 -84.132 -75.217 -167.321 -87.967
3 14 -75.217 -167.321 -87.967 -76.232 -166.331 -87.391 -61.480 -153.314 -83.558
3 14 -62.075 -153.058 -82.171 -61.480 -153.314 -83.558 -76.232 -166.331 -87.391
3 14 -76.232 -166.331 -87.391 -76.811 -166.060 -86.000 -62.075 -153.058 -82.171
3 14 -61.896 -153.681 -80.784 -62.075 -153.058 -82.171 -76.811 -166.060 -86.000
3 14 -76.811 -166.060 -86.000 -76.615 -166.668 -84.609 -61.896 -153.681 -80.784
3 14 -61.046 -154.818 -80.210 -61.896 -153.681 -80.784 -76.615 -166.668 -84.609
3 14 -76.615 -166.668 -84.609 -75.758 -167.799 -84.033 -61.046 -154.818 -80.210
3 14 -60.025 -155.802 -80.784 -61.046 -154.818 -80.210 -75.758 -167.799 -84.033
3 14 -75.758 -167.799 -84.033 -74.743 -168.789 -84.609 -60.025 -155.802 -80.784
3 14 -59.429 -156.058 -82.171 -60.025 -155.802 -80.784 -74.743 -168.789 -84.609
3 14 -74.743 -168.789 -84.609 -74.164 -169.060 -86.000 -59.429 -156.058 -82.171
3 14 -59.608 -155.435 -83.558 -59.429 -156.058 -82.171 -74.164 -169.060 -86.000
3 14 -74.164 -169.060 -86.000 -74.361 -168.451 -87.391 -59.608 -155.435 -83.558
3 14 -60.458 -154.298 -84.132 -59.608 -155.435 -83.558 -74.361 -168.451 -87.391
3 14 -74.361 -168.451 -87.391 -75.217 -167.321 -87.967 -60.458 -154.298 -84.132
3 14 -76.232 -166.331 -87.391 -75.217 -167.321 -87.967 -84.131 -175.187 -90.014
3 14 -84.131 -175.187 -90.014 -85.135 -174.186 -89.435 -76.232 -166.331 -87.391
3 14 -76.811 -166.060 -86.000 -76.232 -166.331 -87.391 -85.135 -174.186 -89.435
3 14 -85.135 -174.186 -89.435 -85.688 -173.893 -88.038 -76.811 -166.060 -86.000
3 14 -76.615 -166.668 -84.609 -76.811 -166.060 -86.000 -85.688 -173.893 -88.038
3 14 -85.688 -173.893 -88.038 -85.465 -174.477 -86.641 -76.615 -166.668 -84.609
3 14 -75.758 -167.799 -84.033 -76.615 -166.668 -84.609 -85.465 -174.477 -86.641
3 14 -85.465 -174.477 -86.641 -84.598 -175.598 -86.063 -75.758 -167.799 -84.033
3 14 -74.743 -168.789 -84.609 -75.758 -167.799 -84.033 -84.598 -175.598 -86.063
3 14 -84.598 -175.598 -86.063 -83.594 -176.598 -86.641 -74.743 -168.789 -84.609
3 14 -74.164 -169.060 -86.000 -74.743 -168.789 -84.609 -83.594 -176.598 -86.641
3 14 -83.594 -176.598 -86.641 -83.041 -176.892 -88.038 -74.164 -169.060 -86.000
3 14 -74.361 -168.451 -87.391 -74.164 -169.060 -86.000 -83.041 -176.892 -88.038
3 14 -83.041 -176.892 -88.038 -83.264 -176.307 -89.435 -74.361 -168.451 -87.391
3 14 -75.217 -167.321 -87.967 -74.361 -168.451 -87.391 -83.264 -176.307 -89.435
3 14 -83.264 -176.307 -89.435 -84.131 -175.187 -90.014 -75.217 -167.321 -87.967
3 14 -85.135 -174.186 -89.435 -84.131 -175.187 -90.014 -90.120 -180.471 -91.154
3 14 -90.120 -180.471 -91.154 -91.111 -179.459 -90.573 -85.135 -174.186 -89.435
3 14 -85.688 -173.893 -88.038 -85.135 -174.186 -89.435 -91.111 -179.459 -90.573
3 14 -91.111 -179.459 -90.573 -91.632 -179.138 -89.170 -85.688 -173.893 -88.038
3 14 -85.465 -174.477 -86.641 -85.688 -173.893 -88.038 -91.632 -179.138 -89.170
3 14 -91.632 -179.138 -89.170 -91.378 -179.695 -87.767 -85.465 -174.477 -86.641
3 14 -84.598 -175.598 -86.063 -85.465 -174.477 -86.641 -91.378 -179.695 -87.767
3 14 -91.378 -179.695 -87.767 -90.498 -180.804 -87.186 -84.598 -175.598 -86.063
3 14 -83.594 -176.598 -86.641 -84.598 -175.598 -86.063 -90.498 -180.804 -87.186
3 14 -90.498 -180.804 -87.186 -89.507 -181.816 -87.767 -83.594 -176.598 -86.641
3 14 -83.041 -176.892 -88.038 -83.594 -176.598 -86.641 -89.507 -181.816 -87.767
3 14 -89.507 -181.816 -87.767 -88.986 -182.137 -89.170 -83.041 -176.892 -88.038
3 14 -83.264 -176.307 -89.435 -83.041 -176.892 -88.038 -88.986 -182.137 -89.170
3 14 -88.986 -182.137 -89.170 -89.240 -181.580 -90.573 -83.264 -176.307 -89.435
3 14 -84.131 -175.187 -90.014 -83.264 -176.307 -89.435 -89.240 -181.580 -90.573
3 14 -89.240 -181.580 -90.573 -90.120 -180.471 -91.154 -84.131 -175.187 -90.014
3 14 -91.111 -179.459 -90.573 -90.120 -180.471 -91.154 -93.153 -183.147 -91.603
3 14 -93.153 -183.147 -91.603 -94.130 -182.123 -91.020 -91.111 -179.459 -90.573
3 14 -91.632 -179.138 -89.170 -91.111 -179.459 -90.573 -94.130 -182.123 -91.020
3 14 -94.130 -182.123 -91.020 -94.617 -181.771 -89.612 -91.632 -179.138 -89.170
3 14 -91.378 -179.695 -87.767 -91.632 -179.138 -89.170 -94.617 -181.771 -89.612
3 14 -94.617 -181.771 -89.612 -94.328 -182.298 -88.204 -91.378 -179.695 -87.767
3 14 -90.498 -180.804 -87.186 -91.378 -179.695 -87.767 -94.328 -182.298 -88.204
3 14 -94.328 -182.298 -88.204 -93.433 -183.394 -87.621 -90.498 -180.804 -87.186
3 14 -89.507 -181.816 -87.767 -90.498 -180.804 -87.186 -93.433 -183.394 -87.621
3 14 -93.433 -183.394 -87.621 -92.457 -184.419 -88.204 -89.507 -181.816 -87.767
3 14 -88.986 -182.137 -89.170 -89.507 -181.816 -87.767 -92.457 -184.419 -88.204
3 14 -92.457 -184.419 -88.204 -91.970 -184.770 -89.612 -88.986 -182.137 -89.170
3 14 -89.240 -181.580 -90.573 -88.986 -182.137 -89.170 -91.970 -184.770 -89.612
3 14 -91.970 -184.770 -89.612 -92.259 -184.244 -91.020 -89.240 -181.580 -90.573
3 14 -90.120 -180.471 -91.154 -89.240 -181.580 -90.573 -92.259 -184.244 -91.020
3 14 -92.259 -184.244 -91.020 -93.153 -183.147 -91.603 -90.120 -180.471 -91.154
3 14 -94.130 -182.123 -91.020 -93.153 -183.147 -91.603 -96.214 -185.848 -91.916
3 14 -96.214 -185.848 -91.916 -97.156 -184.794 -91.330 -94.130 -182.123 -91.020
3 14 -94.617 -181.771 -89.612 -94.130 -182.123 -91.020 -97.156 -184.794 -91.330
3 14 -97.156 -184.794 -91.330 -97.589 -184.394 -89.917 -94.617 -181.771 -89.612
3 14 -94.328 -182.298 -88.204 -94.617 -181.771 -89.612 -97.589 -184.394 -89.917
3 14 -97.589 -184.394 -89.917 -97.259 -184.884 -88.505 -94.328 -182.298 -88.204
3 14 -93.433 -183.394 -87.621 -94.328 -182.298 -88.204 -97.259 -184.884 -88.505
3 14 -97.259 -184.884 -88.505 -96.360 -185.976 -87.920 -93.433 -183.394 -87.621
3 14 -92.457 -184.419 -88.204 -93.433 -183.394 -87.621 -96.360 -185.976 -87.920
3 14 -96.360 -185.976 -87.920 -95.418 -187.031 -88.506 -92.457 -184.419 -88.204
3 14 -91.970 -184.770 -89.612 -92.457 -184.419 -88.204 -95.418 -187.031 -88.506
3 14 -95.418 -187.031 -88.506 -94.985 -187.430 -89.919 -91.970 -184.770 -89.612
3 14 -92.259 -184.244 -91.020 -91.970 -184.770 -89.612 -94.985 -187.430 -89.919
3 14 -94.985 -187.430 -89.919 -95.314 -186.941 -91.331 -92.259 -184.244 -91.020
3 14 -93.153 -183.147 -91.603 -92.259 -184.244 -91.020 -95.314 -186.941 -91.331
3 14 -95.314 -186.941 -91.331 -96.214 -185.848 -91.916 -93.153 -183.147 -91.603
3 14 -97.156 -184.794 -91.330 -96.214 -185.848 -91.916 -99.341 -188.460 -92.000
3 14 -99.341 -188.460 -92.000 -100.005 -187.212 -91.412 -97.156 -184.794 -91.330
3 14 -97.589 -184.394 -89.917 -97.156 -184.794 -91.330 -100.005 -187.212 -91.412
3 14 -100.005 -187.212 -91.412 -100.290 -186.702 -89.998 -97.589 -184.394 -89.917
3 14 -97.259 -184.884 -88.505 -97.589 -184.394 -89.917 -100.290 -186.702 -89.998
3 14 -100.290 -186.702 -89.998 -100.029 -187.229 -88.584 -97.259 -184.884 -88.505
3 14 -96.360 -185.976 -87.920 -97.259 -184.884 -88.505 -100.029 -187.229 -88.584
3 14 -100.029 -187.229 -88.584 -99.375 -188.483 -88.000 -96.360 -185.976 -87.920
3 14 -95.418 -187.031 -88.506 -96.360 -185.976 -87.920 -99.375 -188.483 -88.000
3 14 -99.375 -188.483 -88.000 -98.710 -189.731 -88.588 -95.418 -187.031 -88.506
3 14 -94.985 -187.430 -89.919 -95.418 -187.031 -88.506 -98.710 -189.731 -88.588
3 14 -98.710 -189.731 -88.588 -98.425 -190.241 -90.002 -94.985 -187.430 -89.919
3 14 -95.314 -186.941 -91.331 -94.985 -187.430 -89.919 -98.425 -190.241 -90.002
3 14 -98.425 -190.241 -90.002 -98.686 -189.715 -91.416 -95.314 -186.941 -91.331
3 14 -96.214 -185.848 -91.916 -95.314 -186.941 -91.331 -98.686 -189.715 -91.416
3 14 -98.686 -189.715 -91.416 -99.341 -188.460 -92.000 -96.214 -185.848 -91.916
3 14 -100.005 -187.212 -91.412 -99.341 -188.460 -92.000 -103.000 -189.500 -92.000
3 14 -103.000 -189.500 -92.000 -103.000 -188.086 -91.414 -100.005 -187.212 -91.412
3 14 -100.290 -186.702 -89.998 -100.005 -187.212 -91.412 -103.000 -188.086 -91.414
3 14 -103.000 -188.086 -91.414 -103.000 -187.500 -90.000 -100.290 -186.702 -89.998
3 14 -100.029 -187.229 -88.584 -100.290 -186.702 -89.998 -103.000 -187.500 -90.000
3 14 -103.000 -187.500 -90.000 -103.000 -188.086 -88.586 -100.029 -187.229 -88.584
3 14 -99.375 -188.483 -88.000 -100.029 -187.229 -88.584 -103.000 -188.086 -88.586
3 14 -103.000 -188.086 -88.586 -103.000 -189.500 -88.000 -99.375 -188.483 -88.000
3 14 -98.710 -189.731 -88.588 -99.375 -188.483 -88.000 -103.000 -189.500 -88.000
3 14 -103.000 -189.500 -88.000 -103.000 -190.914 -88.586 -98.710 -189.731 -88.588
3 14 -98.425 -190.241 -90.002 -98.710 -189.731 -88.588 -103.000 -190.914 -88.586
3 14 -103.000 -190.914 -88.586 -103.000 -191.500 -90.000 -98.425 -190.241 -90.002
3 14 -98.686 -189.715 -91.416 -98.425 -190.241 -90.002 -103.000 -191.500 -90.000
3 14 -103.000 -191.500 -90.000 -103.000 -190.914 -91.414 -98.686 -189.715 -91.416
3 14 -99.341 -188.460 -92.000 -98.686 -189.715 -91.416 -103.000 -190.914 -91.414
3 14 -103.000 -190.914 -91.414 -103.000 -189.500 -92.000 -99.341 -188.460 -92.000
