0 FILE XPJ0115.DAT.dat
0 XPJ0115
0 Name:  UntitledModel
0 Author:  
0 BL_Item_No XPJ0115.DAT
0 BFC CERTIFY CCW
3 65 -28.586 0.000 1.414 -30.000 0.000 2.000 -29.672 -4.462 2.000
3 65 -29.672 -4.462 2.000 -28.272 -4.258 1.414 -28.586 0.000 1.414
3 65 -28.000 0.000 0.000 -28.586 0.000 1.414 -28.272 -4.258 1.414
3 65 -28.272 -4.258 1.414 -27.693 -4.174 0.000 -28.000 0.000 0.000
3 65 -28.586 0.000 -1.414 -28.000 0.000 0.000 -27.693 -4.174 0.000
3 65 -27.693 -4.174 0.000 -28.272 -4.258 -1.414 -28.586 0.000 -1.414
3 65 -30.000 0.000 -2.000 -28.586 0.000 -1.414 -28.272 -4.258 -1.414
3 65 -28.272 -4.258 -1.414 -29.672 -4.462 -2.000 -30.000 0.000 -2.000
3 65 -31.414 0.000 -1.414 -30.000 0.000 -2.000 -29.672 -4.462 -2.000
3 65 -29.672 -4.462 -2.000 -31.071 -4.666 -1.414 -31.414 0.000 -1.414
3 65 -32.000 0.000 0.000 -31.414 0.000 -1.414 -31.071 -4.666 -1.414
3 65 -31.071 -4.666 -1.414 -31.651 -4.750 0.000 -32.000 0.000 0.000
3 65 -31.414 0.000 1.414 -32.000 0.000 0.000 -31.651 -4.750 0.000
3 65 -31.651 -4.750 0.000 -31.071 -4.666 1.414 -31.414 0.000 1.414
3 65 -30.000 0.000 2.000 -31.414 0.000 1.414 -31.071 -4.666 1.414
3 65 -31.071 -4.666 1.414 -29.672 -4.462 2.000 -30.000 0.000 2.000
3 65 -28.272 -4.258 1.414 -29.672 -4.462 2.000 -28.822 -8.346 2.000
3 65 -28.822 -8.346 2.000 -27.463 -7.953 1.414 -28.272 -4.258 1.414
3 65 -27.693 -4.174 0.000 -28.272 -4.258 1.414 -27.463 -7.953 1.414
3 65 -27.463 -7.953 1.414 -26.901 -7.790 0.000 -27.693 -4.174 0.000
3 65 -28.272 -4.258 -1.414 -27.693 -4.174 0.000 -26.901 -7.790 0.000
3 65 -26.901 -7.790 0.000 -27.463 -7.953 -1.414 -28.272 -4.258 -1.414
3 65 -29.672 -4.462 -2.000 -28.272 -4.258 -1.414 -27.463 -7.953 -1.414
3 65 -27.463 -7.953 -1.414 -28.822 -8.346 -2.000 -29.672 -4.462 -2.000
3 65 -31.071 -4.666 -1.414 -29.672 -4.462 -2.000 -28.822 -8.346 -2.000
3 65 -28.822 -8.346 -2.000 -30.180 -8.739 -1.414 -31.071 -4.666 -1.414
3 65 -31.651 -4.750 0.000 -31.071 -4.666 -1.414 -30.180 -8.739 -1.414
3 65 -30.180 -8.739 -1.414 -30.743 -8.902 0.000 -31.651 -4.750 0.000
3 65 -31.071 -4.666 1.414 -31.651 -4.750 0.000 -30.743 -8.902 0.000
3 65 -30.743 -8.902 0.000 -30.180 -8.739 1.414 -31.071 -4.666 1.414
3 65 -29.672 -4.462 2.000 -31.071 -4.666 1.414 -30.180 -8.739 1.414
3 65 -30.180 -8.739 1.414 -28.822 -8.346 2.000 -29.672 -4.462 2.000
3 65 -27.463 -7.953 1.414 -28.822 -8.346 2.000 -27.465 -12.083 2.000
3 65 -27.465 -12.083 2.000 -26.171 -11.514 1.414 -27.463 -7.953 1.414
3 65 -26.901 -7.790 0.000 -27.463 -7.953 1.414 -26.171 -11.514 1.414
3 65 -26.171 -11.514 1.414 -25.635 -11.278 0.000 -26.901 -7.790 0.000
3 65 -27.463 -7.953 -1.414 -26.901 -7.790 0.000 -25.635 -11.278 0.000
3 65 -25.635 -11.278 0.000 -26.171 -11.514 -1.414 -27.463 -7.953 -1.414
3 65 -28.822 -8.346 -2.000 -27.463 -7.953 -1.414 -26.171 -11.514 -1.414
3 65 -26.171 -11.514 -1.414 -27.465 -12.083 -2.000 -28.822 -8.346 -2.000
3 65 -30.180 -8.739 -1.414 -28.822 -8.346 -2.000 -27.465 -12.083 -2.000
3 65 -27.465 -12.083 -2.000 -28.760 -12.652 -1.414 -30.180 -8.739 -1.414
3 65 -30.743 -8.902 0.000 -30.180 -8.739 -1.414 -28.760 -12.652 -1.414
3 65 -28.760 -12.652 -1.414 -29.296 -12.888 0.000 -30.743 -8.902 0.000
3 65 -30.180 -8.739 1.414 -30.743 -8.902 0.000 -29.296 -12.888 0.000
3 65 -29.296 -12.888 0.000 -28.760 -12.652 1.414 -30.180 -8.739 1.414
3 65 -28.822 -8.346 2.000 -30.180 -8.739 1.414 -28.760 -12.652 1.414
3 65 -28.760 -12.652 1.414 -27.465 -12.083 2.000 -28.822 -8.346 2.000
3 65 -26.171 -11.514 1.414 -27.465 -12.083 2.000 -25.629 -15.610 2.000
3 65 -25.629 -15.610 2.000 -24.421 -14.874 1.414 -26.171 -11.514 1.414
3 65 -25.635 -11.278 0.000 -26.171 -11.514 1.414 -24.421 -14.874 1.414
3 65 -24.421 -14.874 1.414 -23.921 -14.569 0.000 -25.635 -11.278 0.000
3 65 -26.171 -11.514 -1.414 -25.635 -11.278 0.000 -23.921 -14.569 0.000
3 65 -23.921 -14.569 0.000 -24.421 -14.874 -1.414 -26.171 -11.514 -1.414
3 65 -27.465 -12.083 -2.000 -26.171 -11.514 -1.414 -24.421 -14.874 -1.414
3 65 -24.421 -14.874 -1.414 -25.629 -15.610 -2.000 -27.465 -12.083 -2.000
3 65 -28.760 -12.652 -1.414 -27.465 -12.083 -2.000 -25.629 -15.610 -2.000
3 65 -25.629 -15.610 -2.000 -26.837 -16.346 -1.414 -28.760 -12.652 -1.414
3 65 -29.296 -12.888 0.000 -28.760 -12.652 -1.414 -26.837 -16.346 -1.414
3 65 -26.837 -16.346 -1.414 -27.337 -16.650 0.000 -29.296 -12.888 0.000
3 65 -28.760 -12.652 1.414 -29.296 -12.888 0.000 -27.337 -16.650 0.000
3 65 -27.337 -16.650 0.000 -26.837 -16.346 1.414 -28.760 -12.652 1.414
3 65 -27.465 -12.083 2.000 -28.760 -12.652 1.414 -26.837 -16.346 1.414
3 65 -26.837 -16.346 1.414 -25.629 -15.610 2.000 -27.465 -12.083 2.000
3 65 -24.421 -14.874 1.414 -25.629 -15.610 2.000 -23.336 -18.858 2.000
3 65 -23.336 -18.858 2.000 -22.237 -17.968 1.414 -24.421 -14.874 1.414
3 65 -23.921 -14.569 0.000 -24.421 -14.874 1.414 -22.237 -17.968 1.414
3 65 -22.237 -17.968 1.414 -21.781 -17.600 0.000 -23.921 -14.569 0.000
3 65 -24.421 -14.874 -1.414 -23.921 -14.569 0.000 -21.781 -17.600 0.000
3 65 -21.781 -17.600 0.000 -22.237 -17.968 -1.414 -24.421 -14.874 -1.414
3 65 -25.629 -15.610 -2.000 -24.421 -14.874 -1.414 -22.237 -17.968 -1.414
3 65 -22.237 -17.968 -1.414 -23.336 -18.858 -2.000 -25.629 -15.610 -2.000
3 65 -26.837 -16.346 -1.414 -25.629 -15.610 -2.000 -23.336 -18.858 -2.000
3 65 -23.336 -18.858 -2.000 -24.436 -19.747 -1.414 -26.837 -16.346 -1.414
3 65 -27.337 -16.650 0.000 -26.837 -16.346 -1.414 -24.436 -19.747 -1.414
3 65 -24.436 -19.747 -1.414 -24.891 -20.116 0.000 -27.337 -16.650 0.000
3 65 -26.837 -16.346 1.414 -27.337 -16.650 0.000 -24.891 -20.116 0.000
3 65 -24.891 -20.116 0.000 -24.436 -19.747 1.414 -26.837 -16.346 1.414
3 65 -25.629 -15.610 2.000 -26.837 -16.346 1.414 -24.436 -19.747 1.414
3 65 -24.436 -19.747 1.414 -23.336 -18.858 2.000 -25.629 -15.610 2.000
3 65 -22.237 -17.968 1.414 -23.336 -18.858 2.000 -20.639 -21.778 2.000
3 65 -20.639 -21.778 2.000 -19.666 -20.751 1.414 -22.237 -17.968 1.414
3 65 -21.781 -17.600 0.000 -22.237 -17.968 1.414 -19.666 -20.751 1.414
3 65 -19.666 -20.751 1.414 -19.263 -20.326 0.000 -21.781 -17.600 0.000
3 65 -22.237 -17.968 -1.414 -21.781 -17.600 0.000 -19.263 -20.326 0.000
3 65 -19.263 -20.326 0.000 -19.666 -20.751 -1.414 -22.237 -17.968 -1.414
3 65 -23.336 -18.858 -2.000 -22.237 -17.968 -1.414 -19.666 -20.751 -1.414
3 65 -19.666 -20.751 -1.414 -20.639 -21.778 -2.000 -23.336 -18.858 -2.000
3 65 -24.436 -19.747 -1.414 -23.336 -18.858 -2.000 -20.639 -21.778 -2.000
3 65 -20.639 -21.778 -2.000 -21.611 -22.804 -1.414 -24.436 -19.747 -1.414
3 65 -24.891 -20.116 0.000 -24.436 -19.747 -1.414 -21.611 -22.804 -1.414
3 65 -21.611 -22.804 -1.414 -22.014 -23.229 0.000 -24.891 -20.116 0.000
3 65 -24.436 -19.747 1.414 -24.891 -20.116 0.000 -22.014 -23.229 0.000
3 65 -22.014 -23.229 0.000 -21.611 -22.804 1.414 -24.436 -19.747 1.414
3 65 -23.336 -18.858 2.000 -24.436 -19.747 1.414 -21.611 -22.804 1.414
3 65 -21.611 -22.804 1.414 -20.639 -21.778 2.000 -23.336 -18.858 2.000
3 65 -19.666 -20.751 1.414 -20.639 -21.778 2.000 -17.578 -24.316 2.000
3 65 -17.578 -24.316 2.000 -16.749 -23.170 1.414 -19.666 -20.751 1.414
3 65 -19.263 -20.326 0.000 -19.666 -20.751 1.414 -16.749 -23.170 1.414
3 65 -16.749 -23.170 1.414 -16.406 -22.695 0.000 -19.263 -20.326 0.000
3 65 -19.666 -20.751 -1.414 -19.263 -20.326 0.000 -16.406 -22.695 0.000
3 65 -16.406 -22.695 0.000 -16.749 -23.170 -1.414 -19.666 -20.751 -1.414
3 65 -20.639 -21.778 -2.000 -19.666 -20.751 -1.414 -16.749 -23.170 -1.414
3 65 -16.749 -23.170 -1.414 -17.578 -24.316 -2.000 -20.639 -21.778 -2.000
3 65 -21.611 -22.804 -1.414 -20.639 -21.778 -2.000 -17.578 -24.316 -2.000
3 65 -17.578 -24.316 -2.000 -18.407 -25.461 -1.414 -21.611 -22.804 -1.414
3 65 -22.014 -23.229 0.000 -21.611 -22.804 -1.414 -18.407 -25.461 -1.414
3 65 -18.407 -25.461 -1.414 -18.751 -25.936 0.000 -22.014 -23.229 0.000
3 65 -21.611 -22.804 1.414 -22.014 -23.229 0.000 -18.751 -25.936 0.000
3 65 -18.751 -25.936 0.000 -18.407 -25.461 1.414 -21.611 -22.804 1.414
3 65 -20.639 -21.778 2.000 -21.611 -22.804 1.414 -18.407 -25.461 1.414
3 65 -18.407 -25.461 1.414 -17.578 -24.316 2.000 -20.639 -21.778 2.000
3 65 -16.749 -23.170 1.414 -17.578 -24.316 2.000 -14.210 -26.428 2.000
3 65 -14.210 -26.428 2.000 -13.541 -25.182 1.414 -16.749 -23.170 1.414
3 65 -16.406 -22.695 0.000 -16.749 -23.170 1.414 -13.541 -25.182 1.414
3 65 -13.541 -25.182 1.414 -13.264 -24.666 0.000 -16.406 -22.695 0.000
3 65 -16.749 -23.170 -1.414 -16.406 -22.695 0.000 -13.264 -24.666 0.000
3 65 -13.264 -24.666 0.000 -13.541 -25.182 -1.414 -16.749 -23.170 -1.414
3 65 -17.578 -24.316 -2.000 -16.749 -23.170 -1.414 -13.541 -25.182 -1.414
3 65 -13.541 -25.182 -1.414 -14.210 -26.428 -2.000 -17.578 -24.316 -2.000
3 65 -18.407 -25.461 -1.414 -17.578 -24.316 -2.000 -14.210 -26.428 -2.000
3 65 -14.210 -26.428 -2.000 -14.880 -27.674 -1.414 -18.407 -25.461 -1.414
3 65 -18.751 -25.936 0.000 -18.407 -25.461 -1.414 -14.880 -27.674 -1.414
3 65 -14.880 -27.674 -1.414 -15.157 -28.190 0.000 -18.751 -25.936 0.000
3 65 -18.407 -25.461 1.414 -18.751 -25.936 0.000 -15.157 -28.190 0.000
3 65 -15.157 -28.190 0.000 -14.880 -27.674 1.414 -18.407 -25.461 1.414
3 65 -17.578 -24.316 2.000 -18.407 -25.461 1.414 -14.880 -27.674 1.414
3 65 -14.880 -27.674 1.414 -14.210 -26.428 2.000 -17.578 -24.316 2.000
3 65 -13.541 -25.182 1.414 -14.210 -26.428 2.000 -10.590 -28.070 2.000
3 65 -10.590 -28.070 2.000 -10.091 -26.747 1.414 -13.541 -25.182 1.414
3 65 -13.264 -24.666 0.000 -13.541 -25.182 1.414 -10.091 -26.747 1.414
3 65 -10.091 -26.747 1.414 -9.885 -26.199 0.000 -13.264 -24.666 0.000
3 65 -13.541 -25.182 -1.414 -13.264 -24.666 0.000 -9.885 -26.199 0.000
3 65 -9.885 -26.199 0.000 -10.091 -26.747 -1.414 -13.541 -25.182 -1.414
3 65 -14.210 -26.428 -2.000 -13.541 -25.182 -1.414 -10.091 -26.747 -1.414
3 65 -10.091 -26.747 -1.414 -10.590 -28.070 -2.000 -14.210 -26.428 -2.000
3 65 -14.880 -27.674 -1.414 -14.210 -26.428 -2.000 -10.590 -28.070 -2.000
3 65 -10.590 -28.070 -2.000 -11.088 -29.394 -1.414 -14.880 -27.674 -1.414
3 65 -15.157 -28.190 0.000 -14.880 -27.674 -1.414 -11.088 -29.394 -1.414
3 65 -11.088 -29.394 -1.414 -11.295 -29.942 0.000 -15.157 -28.190 0.000
3 65 -14.880 -27.674 1.414 -15.157 -28.190 0.000 -11.295 -29.942 0.000
3 65 -11.295 -29.942 0.000 -11.088 -29.394 1.414 -14.880 -27.674 1.414
3 65 -14.210 -26.428 2.000 -14.880 -27.674 1.414 -11.088 -29.394 1.414
3 65 -11.088 -29.394 1.414 -10.590 -28.070 2.000 -14.210 -26.428 2.000
3 65 -10.091 -26.747 1.414 -10.590 -28.070 2.000 -6.786 -29.225 2.000
3 65 -6.786 -29.225 2.000 -6.466 -27.847 1.414 -10.091 -26.747 1.414
3 65 -9.885 -26.199 0.000 -10.091 -26.747 1.414 -6.466 -27.847 1.414
3 65 -6.466 -27.847 1.414 -6.333 -27.276 0.000 -9.885 -26.199 0.000
3 65 -10.091 -26.747 -1.414 -9.885 -26.199 0.000 -6.333 -27.276 0.000
3 65 -6.333 -27.276 0.000 -6.466 -27.847 -1.414 -10.091 -26.747 -1.414
3 65 -10.590 -28.070 -2.000 -10.091 -26.747 -1.414 -6.466 -27.847 -1.414
3 65 -6.466 -27.847 -1.414 -6.786 -29.225 -2.000 -10.590 -28.070 -2.000
3 65 -11.088 -29.394 -1.414 -10.590 -28.070 -2.000 -6.786 -29.225 -2.000
3 65 -6.786 -29.225 -2.000 -7.106 -30.602 -1.414 -11.088 -29.394 -1.414
3 65 -11.295 -29.942 0.000 -11.088 -29.394 -1.414 -7.106 -30.602 -1.414
3 65 -7.106 -30.602 -1.414 -7.238 -31.173 0.000 -11.295 -29.942 0.000
3 65 -11.088 -29.394 1.414 -11.295 -29.942 0.000 -7.238 -31.173 0.000
3 65 -7.238 -31.173 0.000 -7.106 -30.602 1.414 -11.088 -29.394 1.414
3 65 -10.590 -28.070 2.000 -11.088 -29.394 1.414 -7.106 -30.602 1.414
3 65 -7.106 -30.602 1.414 -6.786 -29.225 2.000 -10.590 -28.070 2.000
3 65 -6.466 -27.847 1.414 -6.786 -29.225 2.000 -2.863 -29.866 2.000
3 65 -2.863 -29.866 2.000 -2.727 -28.458 1.414 -6.466 -27.847 1.414
3 65 -6.333 -27.276 0.000 -6.466 -27.847 1.414 -2.727 -28.458 1.414
3 65 -2.727 -28.458 1.414 -2.671 -27.875 0.000 -6.333 -27.276 0.000
3 65 -6.466 -27.847 -1.414 -6.333 -27.276 0.000 -2.671 -27.875 0.000
3 65 -2.671 -27.875 0.000 -2.727 -28.458 -1.414 -6.466 -27.847 -1.414
3 65 -6.786 -29.225 -2.000 -6.466 -27.847 -1.414 -2.727 -28.458 -1.414
3 65 -2.727 -28.458 -1.414 -2.863 -29.866 -2.000 -6.786 -29.225 -2.000
3 65 -7.106 -30.602 -1.414 -6.786 -29.225 -2.000 -2.863 -29.866 -2.000
3 65 -2.863 -29.866 -2.000 -2.998 -31.273 -1.414 -7.106 -30.602 -1.414
3 65 -7.238 -31.173 0.000 -7.106 -30.602 -1.414 -2.998 -31.273 -1.414
3 65 -2.998 -31.273 -1.414 -3.054 -31.856 0.000 -7.238 -31.173 0.000
3 65 -7.106 -30.602 1.414 -7.238 -31.173 0.000 -3.054 -31.856 0.000
3 65 -3.054 -31.856 0.000 -2.998 -31.273 1.414 -7.106 -30.602 1.414
3 65 -6.786 -29.225 2.000 -7.106 -30.602 1.414 -2.998 -31.273 1.414
3 65 -2.998 -31.273 1.414 -2.863 -29.866 2.000 -6.786 -29.225 2.000
3 65 -2.727 -28.458 1.414 -2.863 -29.866 2.000 1.111 -29.983 2.000
3 65 1.111 -29.983 2.000 1.058 -28.570 1.414 -2.727 -28.458 1.414
3 65 -2.671 -27.875 0.000 -2.727 -28.458 1.414 1.058 -28.570 1.414
3 65 1.058 -28.570 1.414 1.036 -27.985 0.000 -2.671 -27.875 0.000
3 65 -2.727 -28.458 -1.414 -2.671 -27.875 0.000 1.036 -27.985 0.000
3 65 1.036 -27.985 0.000 1.058 -28.570 -1.414 -2.727 -28.458 -1.414
3 65 -2.863 -29.866 -2.000 -2.727 -28.458 -1.414 1.058 -28.570 -1.414
3 65 1.058 -28.570 -1.414 1.111 -29.983 -2.000 -2.863 -29.866 -2.000
3 65 -2.998 -31.273 -1.414 -2.863 -29.866 -2.000 1.111 -29.983 -2.000
3 65 1.111 -29.983 -2.000 1.164 -31.397 -1.414 -2.998 -31.273 -1.414
3 65 -3.054 -31.856 0.000 -2.998 -31.273 -1.414 1.164 -31.397 -1.414
3 65 1.164 -31.397 -1.414 1.186 -31.982 0.000 -3.054 -31.856 0.000
3 65 -2.998 -31.273 1.414 -3.054 -31.856 0.000 1.186 -31.982 0.000
3 65 1.186 -31.982 0.000 1.164 -31.397 1.414 -2.998 -31.273 1.414
3 65 -2.863 -29.866 2.000 -2.998 -31.273 1.414 1.164 -31.397 1.414
3 65 1.164 -31.397 1.414 1.111 -29.983 2.000 -2.863 -29.866 2.000
3 65 1.058 -28.570 1.414 1.111 -29.983 2.000 5.065 -29.569 2.000
3 65 5.065 -29.569 2.000 4.825 -28.176 1.414 1.058 -28.570 1.414
3 65 1.036 -27.985 0.000 1.058 -28.570 1.414 4.825 -28.176 1.414
3 65 4.825 -28.176 1.414 4.726 -27.598 0.000 1.036 -27.985 0.000
3 65 1.058 -28.570 -1.414 1.036 -27.985 0.000 4.726 -27.598 0.000
3 65 4.726 -27.598 0.000 4.825 -28.176 -1.414 1.058 -28.570 -1.414
3 65 1.111 -29.983 -2.000 1.058 -28.570 -1.414 4.825 -28.176 -1.414
3 65 4.825 -28.176 -1.414 5.065 -29.569 -2.000 1.111 -29.983 -2.000
3 65 1.164 -31.397 -1.414 1.111 -29.983 -2.000 5.065 -29.569 -2.000
3 65 5.065 -29.569 -2.000 5.304 -30.963 -1.414 1.164 -31.397 -1.414
3 65 1.186 -31.982 0.000 1.164 -31.397 -1.414 5.304 -30.963 -1.414
3 65 5.304 -30.963 -1.414 5.403 -31.541 0.000 1.186 -31.982 0.000
3 65 1.164 -31.397 1.414 1.186 -31.982 0.000 5.403 -31.541 0.000
3 65 5.403 -31.541 0.000 5.304 -30.963 1.414 1.164 -31.397 1.414
3 65 1.111 -29.983 2.000 1.164 -31.397 1.414 5.304 -30.963 1.414
3 65 5.304 -30.963 1.414 5.065 -29.569 2.000 1.111 -29.983 2.000
3 65 4.825 -28.176 1.414 5.065 -29.569 2.000 8.930 -28.641 2.000
3 65 8.930 -28.641 2.000 8.509 -27.291 1.414 4.825 -28.176 1.414
3 65 4.726 -27.598 0.000 4.825 -28.176 1.414 8.509 -27.291 1.414
3 65 8.509 -27.291 1.414 8.335 -26.731 0.000 4.726 -27.598 0.000
3 65 4.825 -28.176 -1.414 4.726 -27.598 0.000 8.335 -26.731 0.000
3 65 8.335 -26.731 0.000 8.509 -27.291 -1.414 4.825 -28.176 -1.414
3 65 5.065 -29.569 -2.000 4.825 -28.176 -1.414 8.509 -27.291 -1.414
3 65 8.509 -27.291 -1.414 8.930 -28.641 -2.000 5.065 -29.569 -2.000
3 65 5.304 -30.963 -1.414 5.065 -29.569 -2.000 8.930 -28.641 -2.000
3 65 8.930 -28.641 -2.000 9.351 -29.991 -1.414 5.304 -30.963 -1.414
3 65 5.403 -31.541 0.000 5.304 -30.963 -1.414 9.351 -29.991 -1.414
3 65 9.351 -29.991 -1.414 9.525 -30.550 0.000 5.403 -31.541 0.000
3 65 5.304 -30.963 1.414 5.403 -31.541 0.000 9.525 -30.550 0.000
3 65 9.525 -30.550 0.000 9.351 -29.991 1.414 5.304 -30.963 1.414
3 65 5.065 -29.569 2.000 5.304 -30.963 1.414 9.351 -29.991 1.414
3 65 9.351 -29.991 1.414 8.930 -28.641 2.000 5.065 -29.569 2.000
3 65 8.509 -27.291 1.414 8.930 -28.641 2.000 12.638 -27.209 2.000
3 65 12.638 -27.209 2.000 12.043 -25.926 1.414 8.509 -27.291 1.414
3 65 8.335 -26.731 0.000 8.509 -27.291 1.414 12.043 -25.926 1.414
3 65 12.043 -25.926 1.414 11.796 -25.395 0.000 8.335 -26.731 0.000
3 65 8.509 -27.291 -1.414 8.335 -26.731 0.000 11.796 -25.395 0.000
3 65 11.796 -25.395 0.000 12.043 -25.926 -1.414 8.509 -27.291 -1.414
3 65 8.930 -28.641 -2.000 8.509 -27.291 -1.414 12.043 -25.926 -1.414
3 65 12.043 -25.926 -1.414 12.638 -27.209 -2.000 8.930 -28.641 -2.000
3 65 9.351 -29.991 -1.414 8.930 -28.641 -2.000 12.638 -27.209 -2.000
3 65 12.638 -27.209 -2.000 13.234 -28.492 -1.414 9.351 -29.991 -1.414
3 65 9.525 -30.550 0.000 9.351 -29.991 -1.414 13.234 -28.492 -1.414
3 65 13.234 -28.492 -1.414 13.480 -29.023 0.000 9.525 -30.550 0.000
3 65 9.351 -29.991 1.414 9.525 -30.550 0.000 13.480 -29.023 0.000
3 65 13.480 -29.023 0.000 13.234 -28.492 1.414 9.351 -29.991 1.414
3 65 8.930 -28.641 2.000 9.351 -29.991 1.414 13.234 -28.492 1.414
3 65 13.234 -28.492 1.414 12.638 -27.209 2.000 8.930 -28.641 2.000
3 65 12.043 -25.926 1.414 12.638 -27.209 2.000 16.125 -25.300 2.000
3 65 16.125 -25.300 2.000 15.365 -24.108 1.414 12.043 -25.926 1.414
3 65 11.796 -25.395 0.000 12.043 -25.926 1.414 15.365 -24.108 1.414
3 65 15.365 -24.108 1.414 15.050 -23.614 0.000 11.796 -25.395 0.000
3 65 12.043 -25.926 -1.414 11.796 -25.395 0.000 15.050 -23.614 0.000
3 65 15.050 -23.614 0.000 15.365 -24.108 -1.414 12.043 -25.926 -1.414
3 65 12.638 -27.209 -2.000 12.043 -25.926 -1.414 15.365 -24.108 -1.414
3 65 15.365 -24.108 -1.414 16.125 -25.300 -2.000 12.638 -27.209 -2.000
3 65 13.234 -28.492 -1.414 12.638 -27.209 -2.000 16.125 -25.300 -2.000
3 65 16.125 -25.300 -2.000 16.886 -26.493 -1.414 13.234 -28.492 -1.414
3 65 13.480 -29.023 0.000 13.234 -28.492 -1.414 16.886 -26.493 -1.414
3 65 16.886 -26.493 -1.414 17.201 -26.987 0.000 13.480 -29.023 0.000
3 65 13.234 -28.492 1.414 13.480 -29.023 0.000 17.201 -26.987 0.000
3 65 17.201 -26.987 0.000 16.886 -26.493 1.414 13.234 -28.492 1.414
3 65 12.638 -27.209 2.000 13.234 -28.492 1.414 16.886 -26.493 1.414
3 65 16.886 -26.493 1.414 16.125 -25.300 2.000 12.638 -27.209 2.000
3 65 15.365 -24.108 1.414 16.125 -25.300 2.000 19.327 -22.944 2.000
3 65 19.327 -22.944 2.000 18.415 -21.862 1.414 15.365 -24.108 1.414
3 65 15.050 -23.614 0.000 15.365 -24.108 1.414 18.415 -21.862 1.414
3 65 18.415 -21.862 1.414 18.038 -21.415 0.000 15.050 -23.614 0.000
3 65 15.365 -24.108 -1.414 15.050 -23.614 0.000 18.038 -21.415 0.000
3 65 18.038 -21.415 0.000 18.415 -21.862 -1.414 15.365 -24.108 -1.414
3 65 16.125 -25.300 -2.000 15.365 -24.108 -1.414 18.415 -21.862 -1.414
3 65 18.415 -21.862 -1.414 19.327 -22.944 -2.000 16.125 -25.300 -2.000
3 65 16.886 -26.493 -1.414 16.125 -25.300 -2.000 19.327 -22.944 -2.000
3 65 19.327 -22.944 -2.000 20.238 -24.025 -1.414 16.886 -26.493 -1.414
3 65 17.201 -26.987 0.000 16.886 -26.493 -1.414 20.238 -24.025 -1.414
3 65 20.238 -24.025 -1.414 20.616 -24.473 0.000 17.201 -26.987 0.000
3 65 16.886 -26.493 1.414 17.201 -26.987 0.000 20.616 -24.473 0.000
3 65 20.616 -24.473 0.000 20.238 -24.025 1.414 16.886 -26.493 1.414
3 65 16.125 -25.300 2.000 16.886 -26.493 1.414 20.238 -24.025 1.414
3 65 20.238 -24.025 1.414 19.327 -22.944 2.000 16.125 -25.300 2.000
3 65 18.415 -21.862 1.414 19.327 -22.944 2.000 22.191 -20.188 2.000
3 65 22.191 -20.188 2.000 21.145 -19.236 1.414 18.415 -21.862 1.414
3 65 18.038 -21.415 0.000 18.415 -21.862 1.414 21.145 -19.236 1.414
3 65 21.145 -19.236 1.414 20.711 -18.842 0.000 18.038 -21.415 0.000
3 65 18.415 -21.862 -1.414 18.038 -21.415 0.000 20.711 -18.842 0.000
3 65 20.711 -18.842 0.000 21.145 -19.236 -1.414 18.415 -21.862 -1.414
3 65 19.327 -22.944 -2.000 18.415 -21.862 -1.414 21.145 -19.236 -1.414
3 65 21.145 -19.236 -1.414 22.191 -20.188 -2.000 19.327 -22.944 -2.000
3 65 20.238 -24.025 -1.414 19.327 -22.944 -2.000 22.191 -20.188 -2.000
3 65 22.191 -20.188 -2.000 23.237 -21.139 -1.414 20.238 -24.025 -1.414
3 65 20.616 -24.473 0.000 20.238 -24.025 -1.414 23.237 -21.139 -1.414
3 65 23.237 -21.139 -1.414 23.670 -21.534 0.000 20.616 -24.473 0.000
3 65 20.238 -24.025 1.414 20.616 -24.473 0.000 23.670 -21.534 0.000
3 65 23.670 -21.534 0.000 23.237 -21.139 1.414 20.238 -24.025 1.414
3 65 19.327 -22.944 2.000 20.238 -24.025 1.414 23.237 -21.139 1.414
3 65 23.237 -21.139 1.414 22.191 -20.188 2.000 19.327 -22.944 2.000
3 65 21.145 -19.236 1.414 22.191 -20.188 2.000 24.665 -17.077 2.000
3 65 24.665 -17.077 2.000 23.503 -16.272 1.414 21.145 -19.236 1.414
3 65 20.711 -18.842 0.000 21.145 -19.236 1.414 23.503 -16.272 1.414
3 65 23.503 -16.272 1.414 23.021 -15.938 0.000 20.711 -18.842 0.000
3 65 21.145 -19.236 -1.414 20.711 -18.842 0.000 23.021 -15.938 0.000
3 65 23.021 -15.938 0.000 23.503 -16.272 -1.414 21.145 -19.236 -1.414
3 65 22.191 -20.188 -2.000 21.145 -19.236 -1.414 23.503 -16.272 -1.414
3 65 23.503 -16.272 -1.414 24.665 -17.077 -2.000 22.191 -20.188 -2.000
3 65 23.237 -21.139 -1.414 22.191 -20.188 -2.000 24.665 -17.077 -2.000
3 65 24.665 -17.077 -2.000 25.828 -17.882 -1.414 23.237 -21.139 -1.414
3 65 23.670 -21.534 0.000 23.237 -21.139 -1.414 25.828 -17.882 -1.414
3 65 25.828 -17.882 -1.414 26.310 -18.216 0.000 23.670 -21.534 0.000
3 65 23.237 -21.139 1.414 23.670 -21.534 0.000 26.310 -18.216 0.000
3 65 26.310 -18.216 0.000 25.828 -17.882 1.414 23.237 -21.139 1.414
3 65 22.191 -20.188 2.000 23.237 -21.139 1.414 25.828 -17.882 1.414
3 65 25.828 -17.882 1.414 24.665 -17.077 2.000 22.191 -20.188 2.000
3 65 23.503 -16.272 1.414 24.665 -17.077 2.000 26.707 -13.666 2.000
3 65 26.707 -13.666 2.000 25.448 -13.022 1.414 23.503 -16.272 1.414
3 65 23.021 -15.938 0.000 23.503 -16.272 1.414 25.448 -13.022 1.414
3 65 25.448 -13.022 1.414 24.926 -12.756 0.000 23.021 -15.938 0.000
3 65 23.503 -16.272 -1.414 23.021 -15.938 0.000 24.926 -12.756 0.000
3 65 24.926 -12.756 0.000 25.448 -13.022 -1.414 23.503 -16.272 -1.414
3 65 24.665 -17.077 -2.000 23.503 -16.272 -1.414 25.448 -13.022 -1.414
3 65 25.448 -13.022 -1.414 26.707 -13.666 -2.000 24.665 -17.077 -2.000
3 65 25.828 -17.882 -1.414 24.665 -17.077 -2.000 26.707 -13.666 -2.000
3 65 26.707 -13.666 -2.000 27.966 -14.310 -1.414 25.828 -17.882 -1.414
3 65 26.310 -18.216 0.000 25.828 -17.882 -1.414 27.966 -14.310 -1.414
3 65 27.966 -14.310 -1.414 28.488 -14.577 0.000 26.310 -18.216 0.000
3 65 25.828 -17.882 1.414 26.310 -18.216 0.000 28.488 -14.577 0.000
3 65 28.488 -14.577 0.000 27.966 -14.310 1.414 25.828 -17.882 1.414
3 65 24.665 -17.077 2.000 25.828 -17.882 1.414 27.966 -14.310 1.414
3 65 27.966 -14.310 1.414 26.707 -13.666 2.000 24.665 -17.077 2.000
3 65 25.448 -13.022 1.414 26.707 -13.666 2.000 28.277 -10.014 2.000
3 65 28.277 -10.014 2.000 26.944 -9.543 1.414 25.448 -13.022 1.414
3 65 24.926 -12.756 0.000 25.448 -13.022 1.414 26.944 -9.543 1.414
3 65 26.944 -9.543 1.414 26.391 -9.347 0.000 24.926 -12.756 0.000
3 65 25.448 -13.022 -1.414 24.926 -12.756 0.000 26.391 -9.347 0.000
3 65 26.391 -9.347 0.000 26.944 -9.543 -1.414 25.448 -13.022 -1.414
3 65 26.707 -13.666 -2.000 25.448 -13.022 -1.414 26.944 -9.543 -1.414
3 65 26.944 -9.543 -1.414 28.277 -10.014 -2.000 26.707 -13.666 -2.000
3 65 27.966 -14.310 -1.414 26.707 -13.666 -2.000 28.277 -10.014 -2.000
3 65 28.277 -10.014 -2.000 29.610 -10.486 -1.414 27.966 -14.310 -1.414
3 65 28.488 -14.577 0.000 27.966 -14.310 -1.414 29.610 -10.486 -1.414
3 65 29.610 -10.486 -1.414 30.162 -10.682 0.000 28.488 -14.577 0.000
3 65 27.966 -14.310 1.414 28.488 -14.577 0.000 30.162 -10.682 0.000
3 65 30.162 -10.682 0.000 29.610 -10.486 1.414 27.966 -14.310 1.414
3 65 26.707 -13.666 2.000 27.966 -14.310 1.414 29.610 -10.486 1.414
3 65 29.610 -10.486 1.414 28.277 -10.014 2.000 26.707 -13.666 2.000
3 65 26.944 -9.543 1.414 28.277 -10.014 2.000 29.353 -6.188 2.000
3 65 29.353 -6.188 2.000 27.970 -5.896 1.414 26.944 -9.543 1.414
3 65 26.391 -9.347 0.000 26.944 -9.543 1.414 27.970 -5.896 1.414
3 65 27.970 -5.896 1.414 27.396 -5.775 0.000 26.391 -9.347 0.000
3 65 26.944 -9.543 -1.414 26.391 -9.347 0.000 27.396 -5.775 0.000
3 65 27.396 -5.775 0.000 27.970 -5.896 -1.414 26.944 -9.543 -1.414
3 65 28.277 -10.014 -2.000 26.944 -9.543 -1.414 27.970 -5.896 -1.414
3 65 27.970 -5.896 -1.414 29.353 -6.188 -2.000 28.277 -10.014 -2.000
3 65 29.610 -10.486 -1.414 28.277 -10.014 -2.000 29.353 -6.188 -2.000
3 65 29.353 -6.188 -2.000 30.737 -6.480 -1.414 29.610 -10.486 -1.414
3 65 30.162 -10.682 0.000 29.610 -10.486 -1.414 30.737 -6.480 -1.414
3 65 30.737 -6.480 -1.414 31.310 -6.601 0.000 30.162 -10.682 0.000
3 65 29.610 -10.486 1.414 30.162 -10.682 0.000 31.310 -6.601 0.000
3 65 31.310 -6.601 0.000 30.737 -6.480 1.414 29.610 -10.486 1.414
3 65 28.277 -10.014 2.000 29.610 -10.486 1.414 30.737 -6.480 1.414
3 65 30.737 -6.480 1.414 29.353 -6.188 2.000 28.277 -10.014 2.000
3 65 27.970 -5.896 1.414 29.353 -6.188 2.000 29.914 -2.253 2.000
3 65 29.914 -2.253 2.000 28.504 -2.147 1.414 27.970 -5.896 1.414
3 65 27.396 -5.775 0.000 27.970 -5.896 1.414 28.504 -2.147 1.414
3 65 28.504 -2.147 1.414 27.920 -2.103 0.000 27.396 -5.775 0.000
3 65 27.970 -5.896 -1.414 27.396 -5.775 0.000 27.920 -2.103 0.000
3 65 27.920 -2.103 0.000 28.504 -2.147 -1.414 27.970 -5.896 -1.414
3 65 29.353 -6.188 -2.000 27.970 -5.896 -1.414 28.504 -2.147 -1.414
3 65 28.504 -2.147 -1.414 29.914 -2.253 -2.000 29.353 -6.188 -2.000
3 65 30.737 -6.480 -1.414 29.353 -6.188 -2.000 29.914 -2.253 -2.000
3 65 29.914 -2.253 -2.000 31.325 -2.360 -1.414 30.737 -6.480 -1.414
3 65 31.310 -6.601 0.000 30.737 -6.480 -1.414 31.325 -2.360 -1.414
3 65 31.325 -2.360 -1.414 31.909 -2.404 0.000 31.310 -6.601 0.000
3 65 30.737 -6.480 1.414 31.310 -6.601 0.000 31.909 -2.404 0.000
3 65 31.909 -2.404 0.000 31.325 -2.360 1.414 30.737 -6.480 1.414
3 65 29.353 -6.188 2.000 30.737 -6.480 1.414 31.325 -2.360 1.414
3 65 31.325 -2.360 1.414 29.914 -2.253 2.000 29.353 -6.188 2.000
3 65 28.504 -2.147 1.414 29.914 -2.253 2.000 29.950 1.722 2.000
3 65 29.950 1.722 2.000 28.538 1.640 1.414 28.504 -2.147 1.414
3 65 27.920 -2.103 0.000 28.504 -2.147 1.414 28.538 1.640 1.414
3 65 28.538 1.640 1.414 27.953 1.606 0.000 27.920 -2.103 0.000
3 65 28.504 -2.147 -1.414 27.920 -2.103 0.000 27.953 1.606 0.000
3 65 27.953 1.606 0.000 28.538 1.640 -1.414 28.504 -2.147 -1.414
3 65 29.914 -2.253 -2.000 28.504 -2.147 -1.414 28.538 1.640 -1.414
3 65 28.538 1.640 -1.414 29.950 1.722 -2.000 29.914 -2.253 -2.000
3 65 31.325 -2.360 -1.414 29.914 -2.253 -2.000 29.950 1.722 -2.000
3 65 29.950 1.722 -2.000 31.362 1.803 -1.414 31.325 -2.360 -1.414
3 65 31.909 -2.404 0.000 31.325 -2.360 -1.414 31.362 1.803 -1.414
3 65 31.362 1.803 -1.414 31.947 1.837 0.000 31.909 -2.404 0.000
3 65 31.325 -2.360 1.414 31.909 -2.404 0.000 31.947 1.837 0.000
3 65 31.947 1.837 0.000 31.362 1.803 1.414 31.325 -2.360 1.414
3 65 29.914 -2.253 2.000 31.325 -2.360 1.414 31.362 1.803 1.414
3 65 31.362 1.803 1.414 29.950 1.722 2.000 29.914 -2.253 2.000
3 65 28.538 1.640 1.414 29.950 1.722 2.000 29.459 5.654 2.000
3 65 29.459 5.654 2.000 28.064 5.425 1.414 28.538 1.640 1.414
3 65 27.953 1.606 0.000 28.538 1.640 1.414 28.064 5.425 1.414
3 65 28.064 5.425 1.414 27.484 5.337 0.000 27.953 1.606 0.000
3 65 28.538 1.640 -1.414 27.953 1.606 0.000 27.484 5.337 0.000
3 65 27.484 5.337 0.000 28.061 5.441 -1.414 28.538 1.640 -1.414
3 65 29.950 1.722 -2.000 28.538 1.640 -1.414 28.061 5.441 -1.414
3 65 28.061 5.441 -1.414 29.455 5.677 -2.000 29.950 1.722 -2.000
3 65 31.362 1.803 -1.414 29.950 1.722 -2.000 29.455 5.677 -2.000
3 65 29.455 5.677 -2.000 30.851 5.906 -1.414 31.362 1.803 -1.414
3 65 31.947 1.837 0.000 31.362 1.803 -1.414 30.851 5.906 -1.414
3 65 30.851 5.906 -1.414 31.430 5.995 0.000 31.947 1.837 0.000
3 65 31.362 1.803 1.414 31.947 1.837 0.000 31.430 5.995 0.000
3 65 31.430 5.995 0.000 30.854 5.890 1.414 31.362 1.803 1.414
3 65 29.950 1.722 2.000 31.362 1.803 1.414 30.854 5.890 1.414
3 65 30.854 5.890 1.414 29.459 5.654 2.000 29.950 1.722 2.000
3 65 28.064 5.425 1.414 29.459 5.654 2.000 28.653 9.512 2.046
3 65 28.653 9.512 2.046 27.266 9.235 1.460 28.064 5.425 1.414
3 65 27.484 5.337 0.000 28.064 5.425 1.414 27.266 9.235 1.460
3 65 27.266 9.235 1.460 26.686 9.148 0.046 27.484 5.337 0.000
3 65 28.061 5.441 -1.414 27.484 5.337 0.000 26.686 9.148 0.046
3 65 26.686 9.148 0.046 27.252 9.301 -1.367 28.061 5.441 -1.414
3 65 29.455 5.677 -2.000 28.061 5.441 -1.414 27.252 9.301 -1.367
3 65 27.252 9.301 -1.367 28.634 9.606 -1.953 29.455 5.677 -2.000
3 65 30.851 5.906 -1.414 29.455 5.677 -2.000 28.634 9.606 -1.953
3 65 28.634 9.606 -1.953 30.020 9.883 -1.367 30.851 5.906 -1.414
3 65 31.430 5.995 0.000 30.851 5.906 -1.414 30.020 9.883 -1.367
3 65 30.020 9.883 -1.367 30.601 9.970 0.046 31.430 5.995 0.000
3 65 30.854 5.890 1.414 31.430 5.995 0.000 30.601 9.970 0.046
3 65 30.601 9.970 0.046 30.034 9.816 1.460 30.854 5.890 1.414
3 65 29.459 5.654 2.000 30.854 5.890 1.414 30.034 9.816 1.460
3 65 30.034 9.816 1.460 28.653 9.512 2.046 29.459 5.654 2.000
3 65 27.266 9.235 1.460 28.653 9.512 2.046 27.842 13.352 2.189
3 65 27.842 13.352 2.189 26.453 13.087 1.604 27.266 9.235 1.460
3 65 26.686 9.148 0.046 27.266 9.235 1.460 26.453 13.087 1.604
3 65 26.453 13.087 1.604 25.865 13.034 0.191 26.686 9.148 0.046
3 65 27.252 9.301 -1.367 26.686 9.148 0.046 25.865 13.034 0.191
3 65 25.865 13.034 0.191 26.424 13.224 -1.221 27.252 9.301 -1.367
3 65 28.634 9.606 -1.953 27.252 9.301 -1.367 26.424 13.224 -1.221
3 65 26.424 13.224 -1.221 27.801 13.544 -1.806 28.634 9.606 -1.953
3 65 30.020 9.883 -1.367 28.634 9.606 -1.953 27.801 13.544 -1.806
3 65 27.801 13.544 -1.806 29.191 13.809 -1.221 30.020 9.883 -1.367
3 65 30.601 9.970 0.046 30.020 9.883 -1.367 29.191 13.809 -1.221
3 65 29.191 13.809 -1.221 29.779 13.862 0.192 30.601 9.970 0.046
3 65 30.034 9.816 1.460 30.601 9.970 0.046 29.779 13.862 0.192
3 65 29.779 13.862 0.192 29.220 13.672 1.604 30.034 9.816 1.460
3 65 28.653 9.512 2.046 30.034 9.816 1.460 29.220 13.672 1.604
3 65 29.220 13.672 1.604 27.842 13.352 2.189 28.653 9.512 2.046
3 65 26.453 13.087 1.604 27.842 13.352 2.189 26.210 21.070 2.679
3 65 26.210 21.070 2.679 24.817 20.820 2.094 26.453 13.087 1.604
3 65 25.865 13.034 0.191 26.453 13.087 1.604 24.817 20.820 2.094
3 65 24.817 20.820 2.094 24.222 20.802 0.684 25.865 13.034 0.191
3 65 26.424 13.224 -1.221 25.865 13.034 0.191 24.222 20.802 0.684
3 65 24.222 20.802 0.684 24.774 21.027 -0.726 26.424 13.224 -1.221
3 65 27.801 13.544 -1.806 26.424 13.224 -1.221 24.774 21.027 -0.726
3 65 24.774 21.027 -0.726 26.148 21.362 -1.310 27.801 13.544 -1.806
3 65 29.191 13.809 -1.221 27.801 13.544 -1.806 26.148 21.362 -1.310
3 65 26.148 21.362 -1.310 27.541 21.612 -0.726 29.191 13.809 -1.221
3 65 29.779 13.862 0.192 29.191 13.809 -1.221 27.541 21.612 -0.726
3 65 27.541 21.612 -0.726 28.136 21.630 0.684 29.779 13.862 0.192
3 65 29.220 13.672 1.604 29.779 13.862 0.192 28.136 21.630 0.684
3 65 28.136 21.630 0.684 27.584 21.405 2.094 29.220 13.672 1.604
3 65 27.842 13.352 2.189 29.220 13.672 1.604 27.584 21.405 2.094
3 65 27.584 21.405 2.094 26.210 21.070 2.679 27.842 13.352 2.189
3 65 24.817 20.820 2.094 26.210 21.070 2.679 23.757 32.654 3.721
3 65 23.757 32.654 3.721 22.362 32.417 3.138 24.817 20.820 2.094
3 65 24.222 20.802 0.684 24.817 20.820 2.094 22.362 32.417 3.138
3 65 22.362 32.417 3.138 21.760 32.431 1.730 24.222 20.802 0.684
3 65 24.774 21.027 -0.726 24.222 20.802 0.684 21.760 32.431 1.730
3 65 21.760 32.431 1.730 22.305 32.687 0.323 24.774 21.027 -0.726
3 65 26.148 21.362 -1.310 24.774 21.027 -0.726 22.305 32.687 0.323
3 65 22.305 32.687 0.323 23.677 33.036 -0.260 26.148 21.362 -1.310
3 65 27.541 21.612 -0.726 26.148 21.362 -1.310 23.677 33.036 -0.260
3 65 23.677 33.036 -0.260 25.072 33.273 0.323 27.541 21.612 -0.726
3 65 28.136 21.630 0.684 27.541 21.612 -0.726 25.072 33.273 0.323
3 65 25.072 33.273 0.323 25.674 33.260 1.730 28.136 21.630 0.684
3 65 27.584 21.405 2.094 28.136 21.630 0.684 25.674 33.260 1.730
3 65 25.674 33.260 1.730 25.129 33.003 3.138 27.584 21.405 2.094
3 65 26.210 21.070 2.679 27.584 21.405 2.094 25.129 33.003 3.138
3 65 25.129 33.003 3.138 23.757 32.654 3.721 26.210 21.070 2.679
3 65 22.362 32.417 3.138 23.757 32.654 3.721 18.022 59.722 6.709
3 65 18.022 59.722 6.709 16.626 59.489 6.126 22.362 32.417 3.138
3 65 21.760 32.431 1.730 22.362 32.417 3.138 16.626 59.489 6.126
3 65 16.626 59.489 6.126 16.022 59.512 4.720 21.760 32.431 1.730
3 65 22.305 32.687 0.323 21.760 32.431 1.730 16.022 59.512 4.720
3 65 16.022 59.512 4.720 16.565 59.779 3.314 22.305 32.687 0.323
3 65 23.677 33.036 -0.260 22.305 32.687 0.323 16.565 59.779 3.314
3 65 16.565 59.779 3.314 17.936 60.132 2.731 23.677 33.036 -0.260
3 65 25.072 33.273 0.323 23.677 33.036 -0.260 17.936 60.132 2.731
3 65 17.936 60.132 2.731 19.332 60.365 3.314 25.072 33.273 0.323
3 65 25.674 33.260 1.730 25.072 33.273 0.323 19.332 60.365 3.314
3 65 19.332 60.365 3.314 19.936 60.341 4.720 25.674 33.260 1.730
3 65 25.129 33.003 3.138 25.674 33.260 1.730 19.936 60.341 4.720
3 65 19.936 60.341 4.720 19.393 60.075 6.127 25.129 33.003 3.138
3 65 23.757 32.654 3.721 25.129 33.003 3.138 19.393 60.075 6.127
3 65 19.393 60.075 6.127 18.022 59.722 6.709 23.757 32.654 3.721
3 65 16.626 59.489 6.126 18.022 59.722 6.709 13.917 79.103 8.742
3 65 13.917 79.103 8.742 12.522 78.862 8.159 16.626 59.489 6.126
3 65 16.022 59.512 4.720 16.626 59.489 6.126 12.522 78.862 8.159
3 65 12.522 78.862 8.159 11.922 78.867 6.751 16.022 59.512 4.720
3 65 16.565 59.779 3.314 16.022 59.512 4.720 11.922 78.867 6.751
3 65 11.922 78.867 6.751 12.469 79.115 5.342 16.565 59.779 3.314
3 65 17.936 60.132 2.731 16.565 59.779 3.314 12.469 79.115 5.342
3 65 12.469 79.115 5.342 13.841 79.461 4.759 17.936 60.132 2.731
3 65 19.332 60.365 3.314 17.936 60.132 2.731 13.841 79.461 4.759
3 65 13.841 79.461 4.759 15.236 79.701 5.343 19.332 60.365 3.314
3 65 19.936 60.341 4.720 19.332 60.365 3.314 15.236 79.701 5.343
3 65 15.236 79.701 5.343 15.836 79.696 6.751 19.936 60.341 4.720
3 65 19.393 60.075 6.127 19.936 60.341 4.720 15.836 79.696 6.751
3 65 15.836 79.696 6.751 15.289 79.448 8.159 19.393 60.075 6.127
3 65 18.022 59.722 6.709 19.393 60.075 6.127 15.289 79.448 8.159
3 65 15.289 79.448 8.159 13.917 79.103 8.742 18.022 59.722 6.709
3 65 12.522 78.862 8.159 13.917 79.103 8.742 12.162 87.393 9.430
3 65 12.162 87.393 9.430 10.770 87.139 8.845 12.522 78.862 8.159
3 65 11.922 78.867 6.751 12.522 78.862 8.159 10.770 87.139 8.845
3 65 10.770 87.139 8.845 10.177 87.113 7.435 11.922 78.867 6.751
3 65 12.469 79.115 5.342 11.922 78.867 6.751 10.177 87.113 7.435
3 65 10.177 87.113 7.435 10.730 87.328 6.024 12.469 79.115 5.342
3 65 13.841 79.461 4.759 12.469 79.115 5.342 10.730 87.328 6.024
3 65 10.730 87.328 6.024 12.106 87.660 5.439 13.841 79.461 4.759
3 65 15.236 79.701 5.343 13.841 79.461 4.759 12.106 87.660 5.439
3 65 12.106 87.660 5.439 13.498 87.914 6.024 15.236 79.701 5.343
3 65 15.836 79.696 6.751 15.236 79.701 5.343 13.498 87.914 6.024
3 65 13.498 87.914 6.024 14.091 87.941 7.435 15.836 79.696 6.751
3 65 15.289 79.448 8.159 15.836 79.696 6.751 14.091 87.941 7.435
3 65 14.091 87.941 7.435 13.538 87.725 8.846 15.289 79.448 8.159
3 65 13.917 79.103 8.742 15.289 79.448 8.159 13.538 87.725 8.846
3 65 13.538 87.725 8.846 12.162 87.393 9.430 13.917 79.103 8.742
3 65 10.770 87.139 8.845 12.162 87.393 9.430 10.508 95.217 9.877
3 65 10.508 95.217 9.877 9.120 94.948 9.291 10.770 87.139 8.845
3 65 10.177 87.113 7.435 10.770 87.139 8.845 9.120 94.948 9.291
3 65 9.120 94.948 9.291 8.534 94.884 7.878 10.177 87.113 7.435
3 65 10.730 87.328 6.024 10.177 87.113 7.435 8.534 94.884 7.878
3 65 8.534 94.884 7.878 9.095 95.062 6.465 10.730 87.328 6.024
3 65 12.106 87.660 5.439 10.730 87.328 6.024 9.095 95.062 6.465
3 65 9.095 95.062 6.465 10.474 95.379 5.880 12.106 87.660 5.439
3 65 13.498 87.914 6.024 12.106 87.660 5.439 10.474 95.379 5.880
3 65 10.474 95.379 5.880 11.863 95.647 6.465 13.498 87.914 6.024
3 65 14.091 87.941 7.435 13.498 87.914 6.024 11.863 95.647 6.465
3 65 11.863 95.647 6.465 12.448 95.711 7.878 14.091 87.941 7.435
3 65 13.538 87.725 8.846 14.091 87.941 7.435 12.448 95.711 7.878
3 65 12.448 95.711 7.878 11.887 95.533 9.291 13.538 87.725 8.846
3 65 12.162 87.393 9.430 13.538 87.725 8.846 11.887 95.533 9.291
3 65 11.887 95.533 9.291 10.508 95.217 9.877 12.162 87.393 9.430
3 65 9.120 94.948 9.291 10.508 95.217 9.877 9.676 99.158 9.985
3 65 9.676 99.158 9.985 8.300 98.835 9.399 9.120 94.948 9.291
3 65 8.534 94.884 7.878 9.120 94.948 9.291 8.300 98.835 9.399
3 65 8.300 98.835 9.399 7.725 98.718 7.985 8.534 94.884 7.878
3 65 9.095 95.062 6.465 8.534 94.884 7.878 7.725 98.718 7.985
3 65 7.725 98.718 7.985 8.290 98.877 6.571 9.095 95.062 6.465
3 65 10.474 95.379 5.880 9.095 95.062 6.465 8.290 98.877 6.571
3 65 8.290 98.877 6.571 9.663 99.218 5.986 10.474 95.379 5.880
3 65 11.863 95.647 6.465 10.474 95.379 5.880 9.663 99.218 5.986
3 65 9.663 99.218 5.986 11.039 99.541 6.572 11.863 95.647 6.465
3 65 12.448 95.711 7.878 11.863 95.647 6.465 11.039 99.541 6.572
3 65 11.039 99.541 6.572 11.614 99.657 7.986 12.448 95.711 7.878
3 65 11.887 95.533 9.291 12.448 95.711 7.878 11.614 99.657 7.986
3 65 11.614 99.657 7.986 11.049 99.499 9.400 11.887 95.533 9.291
3 65 10.508 95.217 9.877 11.887 95.533 9.291 11.049 99.499 9.400
3 65 11.049 99.499 9.400 9.676 99.158 9.985 10.508 95.217 9.877
3 65 8.300 98.835 9.399 9.676 99.158 9.985 8.628 103.014 10.000
3 65 8.628 103.014 10.000 7.358 102.393 9.414 8.300 98.835 9.399
3 65 7.725 98.718 7.985 8.300 98.835 9.399 7.358 102.393 9.414
3 65 7.358 102.393 9.414 6.831 102.138 8.000 7.725 98.718 7.985
3 65 8.290 98.877 6.571 7.725 98.718 7.985 6.831 102.138 8.000
3 65 6.831 102.138 8.000 7.356 102.398 6.585 8.290 98.877 6.571
3 65 9.663 99.218 5.986 8.290 98.877 6.571 7.356 102.398 6.585
3 65 7.356 102.398 6.585 8.626 103.021 6.000 9.663 99.218 5.986
3 65 11.039 99.541 6.572 9.663 99.218 5.986 8.626 103.021 6.000
3 65 8.626 103.021 6.000 9.896 103.642 6.586 11.039 99.541 6.572
3 65 11.614 99.657 7.986 11.039 99.541 6.572 9.896 103.642 6.586
3 65 9.896 103.642 6.586 10.423 103.898 8.000 11.614 99.657 7.986
3 65 11.049 99.499 9.400 11.614 99.657 7.986 10.423 103.898 8.000
3 65 10.423 103.898 8.000 9.898 103.638 9.415 11.049 99.499 9.400
3 65 9.676 99.158 9.985 11.049 99.499 9.400 9.898 103.638 9.415
3 65 9.898 103.638 9.415 8.628 103.014 10.000 9.676 99.158 9.985
3 65 7.358 102.393 9.414 8.628 103.014 10.000 6.247 106.178 10.000
3 65 6.247 106.178 10.000 5.319 105.111 9.414 7.358 102.393 9.414
3 65 6.831 102.138 8.000 7.358 102.393 9.414 5.319 105.111 9.414
3 65 5.319 105.111 9.414 4.934 104.669 8.000 6.831 102.138 8.000
3 65 7.356 102.398 6.585 6.831 102.138 8.000 4.934 104.669 8.000
3 65 4.934 104.669 8.000 5.319 105.111 6.586 7.356 102.398 6.585
3 65 8.626 103.021 6.000 7.356 102.398 6.585 5.319 105.111 6.586
3 65 5.319 105.111 6.586 6.247 106.178 6.000 8.626 103.021 6.000
3 65 9.896 103.642 6.586 8.626 103.021 6.000 6.247 106.178 6.000
3 65 6.247 106.178 6.000 7.175 107.245 6.586 9.896 103.642 6.586
3 65 10.423 103.898 8.000 9.896 103.642 6.586 7.175 107.245 6.586
3 65 7.175 107.245 6.586 7.560 107.687 8.000 10.423 103.898 8.000
3 65 9.898 103.638 9.415 10.423 103.898 8.000 7.560 107.687 8.000
3 65 7.560 107.687 8.000 7.175 107.245 9.414 9.898 103.638 9.415
3 65 8.628 103.014 10.000 9.898 103.638 9.415 7.175 107.245 9.414
3 65 7.175 107.245 9.414 6.247 106.178 10.000 8.628 103.014 10.000
3 65 5.319 105.111 9.414 6.247 106.178 10.000 2.788 108.097 10.000
3 65 2.788 108.097 10.000 2.374 106.745 9.414 5.319 105.111 9.414
3 65 4.934 104.669 8.000 5.319 105.111 9.414 2.374 106.745 9.414
3 65 2.374 106.745 9.414 2.203 106.185 8.000 4.934 104.669 8.000
3 65 5.319 105.111 6.586 4.934 104.669 8.000 2.203 106.185 8.000
3 65 2.203 106.185 8.000 2.374 106.745 6.586 5.319 105.111 6.586
3 65 6.247 106.178 6.000 5.319 105.111 6.586 2.374 106.745 6.586
3 65 2.374 106.745 6.586 2.788 108.097 6.000 6.247 106.178 6.000
3 65 7.175 107.245 6.586 6.247 106.178 6.000 2.788 108.097 6.000
3 65 2.788 108.097 6.000 3.202 109.450 6.586 7.175 107.245 6.586
3 65 7.560 107.687 8.000 7.175 107.245 6.586 3.202 109.450 6.586
3 65 3.202 109.450 6.586 3.373 110.010 8.000 7.560 107.687 8.000
3 65 7.175 107.245 9.414 7.560 107.687 8.000 3.373 110.010 8.000
3 65 3.373 110.010 8.000 3.202 109.450 9.414 7.175 107.245 9.414
3 65 6.247 106.178 10.000 7.175 107.245 9.414 3.202 109.450 9.414
3 65 3.202 109.450 9.414 2.788 108.097 10.000 6.247 106.178 10.000
3 65 2.374 106.745 9.414 2.788 108.097 10.000 -1.152 108.441 10.000
3 65 -1.152 108.441 10.000 -0.980 107.038 9.414 2.374 106.745 9.414
3 65 2.203 106.185 8.000 2.374 106.745 9.414 -0.980 107.038 9.414
3 65 -0.980 107.038 9.414 -0.909 106.456 8.000 2.203 106.185 8.000
3 65 2.374 106.745 6.586 2.203 106.185 8.000 -0.909 106.456 8.000
3 65 -0.909 106.456 8.000 -0.980 107.038 6.586 2.374 106.745 6.586
3 65 2.788 108.097 6.000 2.374 106.745 6.586 -0.980 107.038 6.586
3 65 -0.980 107.038 6.586 -1.152 108.441 6.000 2.788 108.097 6.000
3 65 3.202 109.450 6.586 2.788 108.097 6.000 -1.152 108.441 6.000
3 65 -1.152 108.441 6.000 -1.324 109.845 6.586 3.202 109.450 6.586
3 65 3.373 110.010 8.000 3.202 109.450 6.586 -1.324 109.845 6.586
3 65 -1.324 109.845 6.586 -1.396 110.427 8.000 3.373 110.010 8.000
3 65 3.202 109.450 9.414 3.373 110.010 8.000 -1.396 110.427 8.000
3 65 -1.396 110.427 8.000 -1.324 109.845 9.414 3.202 109.450 9.414
3 65 2.788 108.097 10.000 3.202 109.450 9.414 -1.324 109.845 9.414
3 65 -1.324 109.845 9.414 -1.152 108.441 10.000 2.788 108.097 10.000
3 65 -0.980 107.038 9.414 -1.152 108.441 10.000 -4.892 107.156 10.000
3 65 -4.892 107.156 10.000 -4.164 105.943 9.414 -0.980 107.038 9.414
3 65 -0.909 106.456 8.000 -0.980 107.038 9.414 -4.164 105.943 9.414
3 65 -4.164 105.943 9.414 -3.863 105.441 8.000 -0.909 106.456 8.000
3 65 -0.980 107.038 6.586 -0.909 106.456 8.000 -3.863 105.441 8.000
3 65 -3.863 105.441 8.000 -4.164 105.943 6.586 -0.980 107.038 6.586
3 65 -1.152 108.441 6.000 -0.980 107.038 6.586 -4.164 105.943 6.586
3 65 -4.164 105.943 6.586 -4.892 107.156 6.000 -1.152 108.441 6.000
3 65 -1.324 109.845 6.586 -1.152 108.441 6.000 -4.892 107.156 6.000
3 65 -4.892 107.156 6.000 -5.620 108.369 6.586 -1.324 109.845 6.586
3 65 -1.396 110.427 8.000 -1.324 109.845 6.586 -5.620 108.369 6.586
3 65 -5.620 108.369 6.586 -5.921 108.871 8.000 -1.396 110.427 8.000
3 65 -1.324 109.845 9.414 -1.396 110.427 8.000 -5.921 108.871 8.000
3 65 -5.921 108.871 8.000 -5.620 108.369 9.414 -1.324 109.845 9.414
3 65 -1.152 108.441 10.000 -1.324 109.845 9.414 -5.620 108.369 9.414
3 65 -5.620 108.369 9.414 -4.892 107.156 10.000 -1.152 108.441 10.000
3 65 -4.164 105.943 9.414 -4.892 107.156 10.000 -7.786 104.461 10.000
3 65 -7.786 104.461 10.000 -6.628 103.649 9.414 -4.164 105.943 9.414
3 65 -3.863 105.441 8.000 -4.164 105.943 9.414 -6.628 103.649 9.414
3 65 -6.628 103.649 9.414 -6.148 103.313 8.000 -3.863 105.441 8.000
3 65 -4.164 105.943 6.586 -3.863 105.441 8.000 -6.148 103.313 8.000
3 65 -6.148 103.313 8.000 -6.628 103.649 6.586 -4.164 105.943 6.586
3 65 -4.892 107.156 6.000 -4.164 105.943 6.586 -6.628 103.649 6.586
3 65 -6.628 103.649 6.586 -7.786 104.461 6.000 -4.892 107.156 6.000
3 65 -5.620 108.369 6.586 -4.892 107.156 6.000 -7.786 104.461 6.000
3 65 -7.786 104.461 6.000 -8.944 105.273 6.586 -5.620 108.369 6.586
3 65 -5.921 108.871 8.000 -5.620 108.369 6.586 -8.944 105.273 6.586
3 65 -8.944 105.273 6.586 -9.423 105.609 8.000 -5.921 108.871 8.000
3 65 -5.620 108.369 9.414 -5.921 108.871 8.000 -9.423 105.609 8.000
3 65 -9.423 105.609 8.000 -8.944 105.273 9.414 -5.620 108.369 9.414
3 65 -4.892 107.156 10.000 -5.620 108.369 9.414 -8.944 105.273 9.414
3 65 -8.944 105.273 9.414 -7.786 104.461 10.000 -4.892 107.156 10.000
3 65 -6.628 103.649 9.414 -7.786 104.461 10.000 -9.337 100.807 10.000
3 65 -9.337 100.807 10.000 -7.986 100.389 9.414 -6.628 103.649 9.414
3 65 -6.148 103.313 8.000 -6.628 103.649 9.414 -7.986 100.389 9.414
3 65 -7.986 100.389 9.414 -7.425 100.224 7.999 -6.148 103.313 8.000
3 65 -6.628 103.649 6.586 -6.148 103.313 8.000 -7.425 100.224 7.999
3 65 -7.425 100.224 7.999 -7.981 100.410 6.585 -6.628 103.649 6.586
3 65 -7.786 104.461 6.000 -6.628 103.649 6.586 -7.981 100.410 6.585
3 65 -7.981 100.410 6.585 -9.329 100.838 6.000 -7.786 104.461 6.000
3 65 -8.944 105.273 6.586 -7.786 104.461 6.000 -9.329 100.838 6.000
3 65 -9.329 100.838 6.000 -10.679 101.257 6.586 -8.944 105.273 6.586
3 65 -9.423 105.609 8.000 -8.944 105.273 6.586 -10.679 101.257 6.586
3 65 -10.679 101.257 6.586 -11.241 101.422 8.001 -9.423 105.609 8.000
3 65 -8.944 105.273 9.414 -9.423 105.609 8.000 -11.241 101.422 8.001
3 65 -11.241 101.422 8.001 -10.685 101.235 9.415 -8.944 105.273 9.414
3 65 -7.786 104.461 10.000 -8.944 105.273 9.414 -10.685 101.235 9.415
3 65 -10.685 101.235 9.415 -9.337 100.807 10.000 -7.786 104.461 10.000
3 65 -7.986 100.389 9.414 -9.337 100.807 10.000 -10.158 96.875 9.936
3 65 -10.158 96.875 9.936 -8.771 96.600 9.351 -7.986 100.389 9.414
3 65 -7.425 100.224 7.999 -7.986 100.389 9.414 -8.771 96.600 9.351
3 65 -8.771 96.600 9.351 -8.189 96.518 7.937 -7.425 100.224 7.999
3 65 -7.981 100.410 6.585 -7.425 100.224 7.999 -8.189 96.518 7.937
3 65 -8.189 96.518 7.937 -8.754 96.678 6.523 -7.981 100.410 6.585
3 65 -9.329 100.838 6.000 -7.981 100.410 6.585 -8.754 96.678 6.523
3 65 -8.754 96.678 6.523 -10.135 96.984 5.938 -9.329 100.838 6.000
3 65 -10.679 101.257 6.586 -9.329 100.838 6.000 -10.135 96.984 5.938
3 65 -10.135 96.984 5.938 -11.522 97.259 6.523 -10.679 101.257 6.586
3 65 -11.241 101.422 8.001 -10.679 101.257 6.586 -11.522 97.259 6.523
3 65 -11.522 97.259 6.523 -12.104 97.341 7.937 -11.241 101.422 8.001
3 65 -10.685 101.235 9.415 -11.241 101.422 8.001 -12.104 97.341 7.937
3 65 -12.104 97.341 7.937 -11.539 97.182 9.351 -10.685 101.235 9.415
3 65 -9.337 100.807 10.000 -10.685 101.235 9.415 -11.539 97.182 9.351
3 65 -11.539 97.182 9.351 -10.158 96.875 9.936 -9.337 100.807 10.000
3 65 -8.771 96.600 9.351 -10.158 96.875 9.936 -10.990 92.939 9.774
3 65 -10.990 92.939 9.774 -9.600 92.676 9.189 -8.771 96.600 9.351
3 65 -8.189 96.518 7.937 -8.771 96.600 9.351 -9.600 92.676 9.189
3 65 -9.600 92.676 9.189 -9.011 92.627 7.777 -8.189 96.518 7.937
3 65 -8.754 96.678 6.523 -8.189 96.518 7.937 -9.011 92.627 7.777
3 65 -9.011 92.627 7.777 -9.569 92.821 6.365 -8.754 96.678 6.523
3 65 -10.135 96.984 5.938 -8.754 96.678 6.523 -9.569 92.821 6.365
3 65 -9.569 92.821 6.365 -10.946 93.143 5.780 -10.135 96.984 5.938
3 65 -11.522 97.259 6.523 -10.135 96.984 5.938 -10.946 93.143 5.780
3 65 -10.946 93.143 5.780 -12.336 93.406 6.365 -11.522 97.259 6.523
3 65 -12.104 97.341 7.937 -11.522 97.259 6.523 -12.336 93.406 6.365
3 65 -12.336 93.406 6.365 -12.925 93.455 7.777 -12.104 97.341 7.937
3 65 -11.539 97.182 9.351 -12.104 97.341 7.937 -12.925 93.455 7.777
3 65 -12.925 93.455 7.777 -12.367 93.261 9.189 -11.539 97.182 9.351
3 65 -10.158 96.875 9.936 -11.539 97.182 9.351 -12.367 93.261 9.189
3 65 -12.367 93.261 9.189 -10.990 92.939 9.774 -10.158 96.875 9.936
3 65 -9.600 92.676 9.189 -10.990 92.939 9.774 -12.642 85.124 9.259
3 65 -12.642 85.124 9.259 -11.249 84.875 8.675 -9.600 92.676 9.189
3 65 -9.011 92.627 7.777 -9.600 92.676 9.189 -11.249 84.875 8.675
3 65 -11.249 84.875 8.675 -10.654 84.860 7.265 -9.011 92.627 7.777
3 65 -9.569 92.821 6.365 -9.011 92.627 7.777 -10.654 84.860 7.265
3 65 -10.654 84.860 7.265 -11.205 85.087 5.855 -9.569 92.821 6.365
3 65 -10.946 93.143 5.780 -9.569 92.821 6.365 -11.205 85.087 5.855
3 65 -11.205 85.087 5.855 -12.579 85.424 5.271 -10.946 93.143 5.780
3 65 -12.336 93.406 6.365 -10.946 93.143 5.780 -12.579 85.424 5.271
3 65 -12.579 85.424 5.271 -13.972 85.673 5.855 -12.336 93.406 6.365
3 65 -12.925 93.455 7.777 -12.336 93.406 6.365 -13.972 85.673 5.855
3 65 -13.972 85.673 5.855 -14.567 85.688 7.265 -12.925 93.455 7.777
3 65 -12.367 93.261 9.189 -12.925 93.455 7.777 -14.567 85.688 7.265
3 65 -14.567 85.688 7.265 -14.017 85.461 8.675 -12.367 93.261 9.189
3 65 -10.990 92.939 9.774 -12.367 93.261 9.189 -14.017 85.461 8.675
3 65 -14.017 85.461 8.675 -12.642 85.124 9.259 -10.990 92.939 9.774
3 65 -11.249 84.875 8.675 -12.642 85.124 9.259 -15.113 73.454 8.193
3 65 -15.113 73.454 8.193 -13.718 73.218 7.610 -11.249 84.875 8.675
3 65 -10.654 84.860 7.265 -11.249 84.875 8.675 -13.718 73.218 7.610
3 65 -13.718 73.218 7.610 -13.116 73.232 6.203 -10.654 84.860 7.265
3 65 -11.205 85.087 5.855 -10.654 84.860 7.265 -13.116 73.232 6.203
3 65 -13.116 73.232 6.203 -13.660 73.489 4.796 -11.205 85.087 5.855
3 65 -12.579 85.424 5.271 -11.205 85.087 5.855 -13.660 73.489 4.796
3 65 -13.660 73.489 4.796 -15.032 73.838 4.213 -12.579 85.424 5.271
3 65 -13.972 85.673 5.855 -12.579 85.424 5.271 -15.032 73.838 4.213
3 65 -15.032 73.838 4.213 -16.427 74.075 4.796 -13.972 85.673 5.855
3 65 -14.567 85.688 7.265 -13.972 85.673 5.855 -16.427 74.075 4.796
3 65 -16.427 74.075 4.796 -17.029 74.061 6.203 -14.567 85.688 7.265
3 65 -14.017 85.461 8.675 -14.567 85.688 7.265 -17.029 74.061 6.203
3 65 -17.029 74.061 6.203 -16.485 73.804 7.610 -14.017 85.461 8.675
3 65 -12.642 85.124 9.259 -14.017 85.461 8.675 -16.485 73.804 7.610
3 65 -16.485 73.804 7.610 -15.113 73.454 8.193 -12.642 85.124 9.259
3 65 -13.718 73.218 7.610 -15.113 73.454 8.193 -23.311 34.762 3.936
3 65 -23.311 34.762 3.936 -21.915 34.526 3.353 -13.718 73.218 7.610
3 65 -13.116 73.232 6.203 -13.718 73.218 7.610 -21.915 34.526 3.353
3 65 -21.915 34.526 3.353 -21.313 34.542 1.946 -13.116 73.232 6.203
3 65 -13.660 73.489 4.796 -13.116 73.232 6.203 -21.313 34.542 1.946
3 65 -21.313 34.542 1.946 -21.857 34.801 0.538 -13.660 73.489 4.796
3 65 -15.032 73.838 4.213 -13.660 73.489 4.796 -21.857 34.801 0.538
3 65 -21.857 34.801 0.538 -23.229 35.151 -0.045 -15.032 73.838 4.213
3 65 -16.427 74.075 4.796 -15.032 73.838 4.213 -23.229 35.151 -0.045
3 65 -23.229 35.151 -0.045 -24.624 35.387 0.538 -16.427 74.075 4.796
3 65 -17.029 74.061 6.203 -16.427 74.075 4.796 -24.624 35.387 0.538
3 65 -24.624 35.387 0.538 -25.226 35.371 1.946 -17.029 74.061 6.203
3 65 -16.485 73.804 7.610 -17.029 74.061 6.203 -25.226 35.371 1.946
3 65 -25.226 35.371 1.946 -24.682 35.112 3.353 -16.485 73.804 7.610
3 65 -15.113 73.454 8.193 -16.485 73.804 7.610 -24.682 35.112 3.353
3 65 -24.682 35.112 3.353 -23.311 34.762 3.936 -15.113 73.454 8.193
3 65 -21.915 34.526 3.353 -23.311 34.762 3.936 -25.765 23.175 2.845
3 65 -25.765 23.175 2.845 -24.371 22.928 2.261 -21.915 34.526 3.353
3 65 -21.313 34.542 1.946 -21.915 34.526 3.353 -24.371 22.928 2.261
3 65 -24.371 22.928 2.261 -23.775 22.918 0.852 -21.313 34.542 1.946
3 65 -21.857 34.801 0.538 -21.313 34.542 1.946 -23.775 22.918 0.852
3 65 -23.775 22.918 0.852 -24.324 23.150 -0.558 -21.857 34.801 0.538
3 65 -23.229 35.151 -0.045 -21.857 34.801 0.538 -24.324 23.150 -0.558
3 65 -24.324 23.150 -0.558 -25.698 23.489 -1.142 -23.229 35.151 -0.045
3 65 -24.624 35.387 0.538 -23.229 35.151 -0.045 -25.698 23.489 -1.142
3 65 -25.698 23.489 -1.142 -27.091 23.736 -0.558 -24.624 35.387 0.538
3 65 -25.226 35.371 1.946 -24.624 35.387 0.538 -27.091 23.736 -0.558
3 65 -27.091 23.736 -0.558 -27.688 23.746 0.852 -25.226 35.371 1.946
3 65 -24.682 35.112 3.353 -25.226 35.371 1.946 -27.688 23.746 0.852
3 65 -27.688 23.746 0.852 -27.138 23.513 2.262 -24.682 35.112 3.353
3 65 -23.311 34.762 3.936 -24.682 35.112 3.353 -27.138 23.513 2.262
3 65 -27.138 23.513 2.262 -25.765 23.175 2.845 -23.311 34.762 3.936
3 65 -24.371 22.928 2.261 -25.765 23.175 2.845 -27.398 15.454 2.300
3 65 -27.398 15.454 2.300 -26.007 15.194 1.715 -24.371 22.928 2.261
3 65 -23.775 22.918 0.852 -24.371 22.928 2.261 -26.007 15.194 1.715
3 65 -26.007 15.194 1.715 -25.417 15.154 0.303 -23.775 22.918 0.852
3 65 -24.324 23.150 -0.558 -23.775 22.918 0.852 -25.417 15.154 0.303
3 65 -25.417 15.154 0.303 -25.973 15.355 -1.109 -24.324 23.150 -0.558
3 65 -25.698 23.489 -1.142 -24.324 23.150 -0.558 -25.973 15.355 -1.109
3 65 -25.973 15.355 -1.109 -27.350 15.681 -1.694 -25.698 23.489 -1.142
3 65 -27.091 23.736 -0.558 -25.698 23.489 -1.142 -27.350 15.681 -1.694
3 65 -27.350 15.681 -1.694 -28.740 15.940 -1.109 -27.091 23.736 -0.558
3 65 -27.688 23.746 0.852 -27.091 23.736 -0.558 -28.740 15.940 -1.109
3 65 -28.740 15.940 -1.109 -29.331 15.981 0.303 -27.688 23.746 0.852
3 65 -27.138 23.513 2.262 -27.688 23.746 0.852 -29.331 15.981 0.303
3 65 -29.331 15.981 0.303 -28.774 15.780 1.715 -27.138 23.513 2.262
3 65 -25.765 23.175 2.845 -27.138 23.513 2.262 -28.774 15.780 1.715
3 65 -28.774 15.780 1.715 -27.398 15.454 2.300 -25.765 23.175 2.845
3 65 -26.007 15.194 1.715 -27.398 15.454 2.300 -28.211 11.608 2.114
3 65 -28.211 11.608 2.114 -26.822 11.337 1.529 -26.007 15.194 1.715
3 65 -25.417 15.154 0.303 -26.007 15.194 1.715 -26.822 11.337 1.529
3 65 -26.822 11.337 1.529 -26.239 11.267 0.115 -25.417 15.154 0.303
3 65 -25.973 15.355 -1.109 -25.417 15.154 0.303 -26.239 11.267 0.115
3 65 -26.239 11.267 0.115 -26.801 11.438 -1.298 -25.973 15.355 -1.109
3 65 -27.350 15.681 -1.694 -25.973 15.355 -1.109 -26.801 11.438 -1.298
3 65 -26.801 11.438 -1.298 -28.180 11.752 -1.883 -27.350 15.681 -1.694
3 65 -28.740 15.940 -1.109 -27.350 15.681 -1.694 -28.180 11.752 -1.883
3 65 -28.180 11.752 -1.883 -29.568 12.023 -1.298 -28.740 15.940 -1.109
3 65 -29.331 15.981 0.303 -28.740 15.940 -1.109 -29.568 12.023 -1.298
3 65 -29.568 12.023 -1.298 -30.152 12.093 0.115 -29.331 15.981 0.303
3 65 -28.774 15.780 1.715 -29.331 15.981 0.303 -30.152 12.093 0.115
3 65 -30.152 12.093 0.115 -29.590 11.922 1.529 -28.774 15.780 1.715
3 65 -27.398 15.454 2.300 -28.774 15.780 1.715 -29.590 11.922 1.529
3 65 -29.590 11.922 1.529 -28.211 11.608 2.114 -27.398 15.454 2.300
3 65 -26.822 11.337 1.529 -28.211 11.608 2.114 -29.023 7.761 2.012
3 65 -29.023 7.761 2.012 -27.634 7.494 1.426 -26.822 11.337 1.529
3 65 -26.239 11.267 0.115 -26.822 11.337 1.529 -27.634 7.494 1.426
3 65 -27.634 7.494 1.426 -27.055 7.399 0.012 -26.239 11.267 0.115
3 65 -26.801 11.438 -1.298 -26.239 11.267 0.115 -27.055 7.399 0.012
3 65 -27.055 7.399 0.012 -27.626 7.534 -1.402 -26.801 11.438 -1.298
3 65 -28.180 11.752 -1.883 -26.801 11.438 -1.298 -27.626 7.534 -1.402
3 65 -27.626 7.534 -1.402 -29.011 7.818 -1.988 -28.180 11.752 -1.883
3 65 -29.568 12.023 -1.298 -28.180 11.752 -1.883 -29.011 7.818 -1.988
3 65 -29.011 7.818 -1.988 -30.400 8.086 -1.402 -29.568 12.023 -1.298
3 65 -30.152 12.093 0.115 -29.568 12.023 -1.298 -30.400 8.086 -1.402
3 65 -30.400 8.086 -1.402 -30.979 8.180 0.012 -30.152 12.093 0.115
3 65 -29.590 11.922 1.529 -30.152 12.093 0.115 -30.979 8.180 0.012
3 65 -30.979 8.180 0.012 -30.408 8.045 1.426 -29.590 11.922 1.529
3 65 -28.211 11.608 2.114 -29.590 11.922 1.529 -30.408 8.045 1.426
3 65 -30.408 8.045 1.426 -29.023 7.761 2.012 -28.211 11.608 2.114
3 65 -27.634 7.494 1.426 -29.023 7.761 2.012 -29.747 3.878 2.000
3 65 -29.747 3.878 2.000 -28.344 3.702 1.414 -27.634 7.494 1.426
3 65 -27.055 7.399 0.012 -27.634 7.494 1.426 -28.344 3.702 1.414
3 65 -28.344 3.702 1.414 -27.762 3.632 0.000 -27.055 7.399 0.012
3 65 -27.626 7.534 -1.402 -27.055 7.399 0.012 -27.762 3.632 0.000
3 65 -27.762 3.632 0.000 -28.343 3.707 -1.414 -27.626 7.534 -1.402
3 65 -29.011 7.818 -1.988 -27.626 7.534 -1.402 -28.343 3.707 -1.414
3 65 -28.343 3.707 -1.414 -29.746 3.884 -2.000 -29.011 7.818 -1.988
3 65 -30.400 8.086 -1.402 -29.011 7.818 -1.988 -29.746 3.884 -2.000
3 65 -29.746 3.884 -2.000 -31.149 4.059 -1.414 -30.400 8.086 -1.402
3 65 -30.979 8.180 0.012 -30.400 8.086 -1.402 -31.149 4.059 -1.414
3 65 -31.149 4.059 -1.414 -31.731 4.130 0.000 -30.979 8.180 0.012
3 65 -30.408 8.045 1.426 -30.979 8.180 0.012 -31.731 4.130 0.000
3 65 -31.731 4.130 0.000 -31.150 4.055 1.414 -30.408 8.045 1.426
3 65 -29.023 7.761 2.012 -30.408 8.045 1.426 -31.150 4.055 1.414
3 65 -31.150 4.055 1.414 -29.747 3.878 2.000 -29.023 7.761 2.012
3 65 -28.344 3.702 1.414 -29.747 3.878 2.000 -30.000 0.000 2.000
3 65 -30.000 0.000 2.000 -28.586 0.000 1.414 -28.344 3.702 1.414
3 65 -27.762 3.632 0.000 -28.344 3.702 1.414 -28.586 0.000 1.414
3 65 -28.586 0.000 1.414 -28.000 0.000 0.000 -27.762 3.632 0.000
3 65 -28.343 3.707 -1.414 -27.762 3.632 0.000 -28.000 0.000 0.000
3 65 -28.000 0.000 0.000 -28.586 0.000 -1.414 -28.343 3.707 -1.414
3 65 -29.746 3.884 -2.000 -28.343 3.707 -1.414 -28.586 0.000 -1.414
3 65 -28.586 0.000 -1.414 -30.000 0.000 -2.000 -29.746 3.884 -2.000
3 65 -31.149 4.059 -1.414 -29.746 3.884 -2.000 -30.000 0.000 -2.000
3 65 -30.000 0.000 -2.000 -31.414 0.000 -1.414 -31.149 4.059 -1.414
3 65 -31.731 4.130 0.000 -31.149 4.059 -1.414 -31.414 0.000 -1.414
3 65 -31.414 0.000 -1.414 -32.000 0.000 0.000 -31.731 4.130 0.000
3 65 -31.150 4.055 1.414 -31.731 4.130 0.000 -32.000 0.000 0.000
3 65 -32.000 0.000 0.000 -31.414 0.000 1.414 -31.150 4.055 1.414
3 65 -29.747 3.878 2.000 -31.150 4.055 1.414 -31.414 0.000 1.414
3 65 -31.414 0.000 1.414 -30.000 0.000 2.000 -29.747 3.878 2.000
