0 FILE xpj0101.dat
0 xpj0101
0 Name:  齿轮橡皮联动_Copy
0 Author:  
0 BL_Item_No xpj0101.dat
0 BFC CERTIFY CCW
3 65 -93.381 -12.067 -9.593 -93.967 -12.078 -11.008 -93.967 -52.609 -10.691
3 65 -93.967 -52.609 -10.691 -93.381 -52.597 -9.277 -93.381 -12.067 -9.593
3 65 -91.967 -12.063 -9.008 -93.381 -12.067 -9.593 -93.381 -52.597 -9.277
3 65 -93.381 -52.597 -9.277 -91.967 -52.592 -8.691 -91.967 -12.063 -9.008
3 65 -90.553 -12.067 -9.593 -91.967 -12.063 -9.008 -91.967 -52.592 -8.691
3 65 -91.967 -52.592 -8.691 -90.553 -52.597 -9.277 -90.553 -12.067 -9.593
3 65 -89.967 -12.078 -11.008 -90.553 -12.067 -9.593 -90.553 -52.597 -9.277
3 65 -90.553 -52.597 -9.277 -89.967 -52.609 -10.691 -89.967 -12.078 -11.008
3 65 -90.553 -12.089 -12.422 -89.967 -12.078 -11.008 -89.967 -52.609 -10.691
3 65 -89.967 -52.609 -10.691 -90.553 -52.621 -12.105 -90.553 -12.089 -12.422
3 65 -91.967 -12.094 -13.008 -90.553 -12.089 -12.422 -90.553 -52.621 -12.105
3 65 -90.553 -52.621 -12.105 -91.967 -52.626 -12.691 -91.967 -12.094 -13.008
3 65 -93.381 -12.089 -12.422 -91.967 -12.094 -13.008 -91.967 -52.626 -12.691
3 65 -91.967 -52.626 -12.691 -93.381 -52.621 -12.105 -93.381 -12.089 -12.422
3 65 -93.967 -12.078 -11.008 -93.381 -12.089 -12.422 -93.381 -52.621 -12.105
3 65 -93.381 -52.621 -12.105 -93.967 -52.609 -10.691 -93.967 -12.078 -11.008
3 65 -93.381 -52.597 -9.277 -93.967 -52.609 -10.691 -93.967 -76.927 -10.475
3 65 -93.967 -76.927 -10.475 -93.381 -76.703 -9.079 -93.381 -52.597 -9.277
3 65 -91.967 -52.592 -8.691 -93.381 -52.597 -9.277 -93.381 -76.703 -9.079
3 65 -93.381 -76.703 -9.079 -91.967 -76.610 -8.500 -91.967 -52.592 -8.691
3 65 -90.553 -52.597 -9.277 -91.967 -52.592 -8.691 -91.967 -76.610 -8.500
3 65 -91.967 -76.610 -8.500 -90.553 -76.703 -9.079 -90.553 -52.597 -9.277
3 65 -89.967 -52.609 -10.691 -90.553 -52.597 -9.277 -90.553 -76.703 -9.079
3 65 -90.553 -76.703 -9.079 -89.967 -76.927 -10.475 -89.967 -52.609 -10.691
3 65 -90.553 -52.621 -12.105 -89.967 -52.609 -10.691 -89.967 -76.927 -10.475
3 65 -89.967 -76.927 -10.475 -90.553 -77.151 -11.871 -90.553 -52.621 -12.105
3 65 -91.967 -52.626 -12.691 -90.553 -52.621 -12.105 -90.553 -77.151 -11.871
3 65 -90.553 -77.151 -11.871 -91.967 -77.244 -12.450 -91.967 -52.626 -12.691
3 65 -93.381 -52.621 -12.105 -91.967 -52.626 -12.691 -91.967 -77.244 -12.450
3 65 -91.967 -77.244 -12.450 -93.381 -77.151 -11.871 -93.381 -52.621 -12.105
3 65 -93.967 -52.609 -10.691 -93.381 -52.621 -12.105 -93.381 -77.151 -11.871
3 65 -93.381 -77.151 -11.871 -93.967 -76.927 -10.475 -93.967 -52.609 -10.691
3 65 -93.381 -76.703 -9.079 -93.967 -76.927 -10.475 -93.967 -80.765 -9.247
3 65 -93.967 -80.765 -9.247 -93.381 -80.059 -8.022 -93.381 -76.703 -9.079
3 65 -91.967 -76.610 -8.500 -93.381 -76.703 -9.079 -93.381 -80.059 -8.022
3 65 -93.381 -80.059 -8.022 -91.967 -79.766 -7.514 -91.967 -76.610 -8.500
3 65 -90.553 -76.703 -9.079 -91.967 -76.610 -8.500 -91.967 -79.766 -7.514
3 65 -91.967 -79.766 -7.514 -90.553 -80.059 -8.022 -90.553 -76.703 -9.079
3 65 -89.967 -76.927 -10.475 -90.553 -76.703 -9.079 -90.553 -80.059 -8.022
3 65 -90.553 -80.059 -8.022 -89.967 -80.765 -9.247 -89.967 -76.927 -10.475
3 65 -90.553 -77.151 -11.871 -89.967 -76.927 -10.475 -89.967 -80.765 -9.247
3 65 -89.967 -80.765 -9.247 -90.553 -81.472 -10.472 -90.553 -77.151 -11.871
3 65 -91.967 -77.244 -12.450 -90.553 -77.151 -11.871 -90.553 -81.472 -10.472
3 65 -90.553 -81.472 -10.472 -91.967 -81.765 -10.979 -91.967 -77.244 -12.450
3 65 -93.381 -77.151 -11.871 -91.967 -77.244 -12.450 -91.967 -81.765 -10.979
3 65 -91.967 -81.765 -10.979 -93.381 -81.472 -10.472 -93.381 -77.151 -11.871
3 65 -93.967 -76.927 -10.475 -93.381 -77.151 -11.871 -93.381 -81.472 -10.472
3 65 -93.381 -81.472 -10.472 -93.967 -80.765 -9.247 -93.967 -76.927 -10.475
3 65 -93.381 -80.059 -8.022 -93.967 -80.765 -9.247 -93.967 -83.752 -6.538
3 65 -93.967 -83.752 -6.538 -93.381 -82.609 -5.705 -93.381 -80.059 -8.022
3 65 -91.967 -79.766 -7.514 -93.381 -80.059 -8.022 -93.381 -82.609 -5.705
3 65 -93.381 -82.609 -5.705 -91.967 -82.136 -5.359 -91.967 -79.766 -7.514
3 65 -90.553 -80.059 -8.022 -91.967 -79.766 -7.514 -91.967 -82.136 -5.359
3 65 -91.967 -82.136 -5.359 -90.553 -82.609 -5.705 -90.553 -80.059 -8.022
3 65 -89.967 -80.765 -9.247 -90.553 -80.059 -8.022 -90.553 -82.609 -5.705
3 65 -90.553 -82.609 -5.705 -89.967 -83.752 -6.538 -89.967 -80.765 -9.247
3 65 -90.553 -81.472 -10.472 -89.967 -80.765 -9.247 -89.967 -83.752 -6.538
3 65 -89.967 -83.752 -6.538 -90.553 -84.894 -7.371 -90.553 -81.472 -10.472
3 65 -91.967 -81.765 -10.979 -90.553 -81.472 -10.472 -90.553 -84.894 -7.371
3 65 -90.553 -84.894 -7.371 -91.967 -85.367 -7.717 -91.967 -81.765 -10.979
3 65 -93.381 -81.472 -10.472 -91.967 -81.765 -10.979 -91.967 -85.367 -7.717
3 65 -91.967 -85.367 -7.717 -93.381 -84.894 -7.371 -93.381 -81.472 -10.472
3 65 -93.967 -80.765 -9.247 -93.381 -81.472 -10.472 -93.381 -84.894 -7.371
3 65 -93.381 -84.894 -7.371 -93.967 -83.752 -6.538 -93.967 -80.765 -9.247
3 65 -93.381 -82.609 -5.705 -93.967 -83.752 -6.538 -93.967 -85.214 -3.316
3 65 -93.967 -85.214 -3.316 -93.381 -83.837 -2.995 -93.381 -82.609 -5.705
3 65 -91.967 -82.136 -5.359 -93.381 -82.609 -5.705 -93.381 -83.837 -2.995
3 65 -93.381 -83.837 -2.995 -91.967 -83.267 -2.862 -91.967 -82.136 -5.359
3 65 -90.553 -82.609 -5.705 -91.967 -82.136 -5.359 -91.967 -83.267 -2.862
3 65 -91.967 -83.267 -2.862 -90.553 -83.837 -2.995 -90.553 -82.609 -5.705
3 65 -89.967 -83.752 -6.538 -90.553 -82.609 -5.705 -90.553 -83.837 -2.995
3 65 -90.553 -83.837 -2.995 -89.967 -85.214 -3.316 -89.967 -83.752 -6.538
3 65 -90.553 -84.894 -7.371 -89.967 -83.752 -6.538 -89.967 -85.214 -3.316
3 65 -89.967 -85.214 -3.316 -90.553 -86.592 -3.637 -90.553 -84.894 -7.371
3 65 -91.967 -85.367 -7.717 -90.553 -84.894 -7.371 -90.553 -86.592 -3.637
3 65 -90.553 -86.592 -3.637 -91.967 -87.162 -3.770 -91.967 -85.367 -7.717
3 65 -93.381 -84.894 -7.371 -91.967 -85.367 -7.717 -91.967 -87.162 -3.770
3 65 -91.967 -87.162 -3.770 -93.381 -86.592 -3.637 -93.381 -84.894 -7.371
3 65 -93.967 -83.752 -6.538 -93.381 -84.894 -7.371 -93.381 -86.592 -3.637
3 65 -93.381 -86.592 -3.637 -93.967 -85.214 -3.316 -93.967 -83.752 -6.538
3 65 -93.381 -83.837 -2.995 -93.967 -85.214 -3.316 -93.967 -85.343 0.704
3 65 -93.967 -85.343 0.704 -93.381 -83.952 0.449 -93.381 -83.837 -2.995
3 65 -91.967 -83.267 -2.862 -93.381 -83.837 -2.995 -93.381 -83.952 0.449
3 65 -93.381 -83.952 0.449 -91.967 -83.376 0.343 -91.967 -83.267 -2.862
3 65 -90.553 -83.837 -2.995 -91.967 -83.267 -2.862 -91.967 -83.376 0.343
3 65 -91.967 -83.376 0.343 -90.553 -83.952 0.449 -90.553 -83.837 -2.995
3 65 -89.967 -85.214 -3.316 -90.553 -83.837 -2.995 -90.553 -83.952 0.449
3 65 -90.553 -83.952 0.449 -89.967 -85.343 0.704 -89.967 -85.214 -3.316
3 65 -90.553 -86.592 -3.637 -89.967 -85.214 -3.316 -89.967 -85.343 0.704
3 65 -89.967 -85.343 0.704 -90.553 -86.734 0.960 -90.553 -86.592 -3.637
3 65 -91.967 -87.162 -3.770 -90.553 -86.592 -3.637 -90.553 -86.734 0.960
3 65 -90.553 -86.734 0.960 -91.967 -87.310 1.066 -91.967 -87.162 -3.770
3 65 -93.381 -86.592 -3.637 -91.967 -87.162 -3.770 -91.967 -87.310 1.066
3 65 -91.967 -87.310 1.066 -93.381 -86.734 0.960 -93.381 -86.592 -3.637
3 65 -93.967 -85.214 -3.316 -93.381 -86.592 -3.637 -93.381 -86.734 0.960
3 65 -93.381 -86.734 0.960 -93.967 -85.343 0.704 -93.967 -85.214 -3.316
3 65 -93.381 -83.952 0.449 -93.967 -85.343 0.704 -93.967 -83.794 4.417
3 65 -93.967 -83.794 4.417 -93.381 -82.633 3.608 -93.381 -83.952 0.449
3 65 -91.967 -83.376 0.343 -93.381 -83.952 0.449 -93.381 -82.633 3.608
3 65 -93.381 -82.633 3.608 -91.967 -82.153 3.274 -91.967 -83.376 0.343
3 65 -90.553 -83.952 0.449 -91.967 -83.376 0.343 -91.967 -82.153 3.274
3 65 -91.967 -82.153 3.274 -90.553 -82.633 3.608 -90.553 -83.952 0.449
3 65 -89.967 -85.343 0.704 -90.553 -83.952 0.449 -90.553 -82.633 3.608
3 65 -90.553 -82.633 3.608 -89.967 -83.794 4.417 -89.967 -85.343 0.704
3 65 -90.553 -86.734 0.960 -89.967 -85.343 0.704 -89.967 -83.794 4.417
3 65 -89.967 -83.794 4.417 -90.553 -84.954 5.225 -90.553 -86.734 0.960
3 65 -91.967 -87.310 1.066 -90.553 -86.734 0.960 -90.553 -84.954 5.225
3 65 -90.553 -84.954 5.225 -91.967 -85.435 5.560 -91.967 -87.310 1.066
3 65 -93.381 -86.734 0.960 -91.967 -87.310 1.066 -91.967 -85.435 5.560
3 65 -91.967 -85.435 5.560 -93.381 -84.954 5.225 -93.381 -86.734 0.960
3 65 -93.967 -85.343 0.704 -93.381 -86.734 0.960 -93.381 -84.954 5.225
3 65 -93.381 -84.954 5.225 -93.967 -83.794 4.417 -93.967 -85.343 0.704
3 65 -93.381 -82.633 3.608 -93.967 -83.794 4.417 -93.967 -80.849 7.156
3 65 -93.967 -80.849 7.156 -93.381 -80.127 5.940 -93.381 -82.633 3.608
3 65 -91.967 -82.153 3.274 -93.381 -82.633 3.608 -93.381 -80.127 5.940
3 65 -93.381 -80.127 5.940 -91.967 -79.828 5.437 -91.967 -82.153 3.274
3 65 -90.553 -82.633 3.608 -91.967 -82.153 3.274 -91.967 -79.828 5.437
3 65 -91.967 -79.828 5.437 -90.553 -80.127 5.940 -90.553 -82.633 3.608
3 65 -89.967 -83.794 4.417 -90.553 -82.633 3.608 -90.553 -80.127 5.940
3 65 -90.553 -80.127 5.940 -89.967 -80.849 7.156 -89.967 -83.794 4.417
3 65 -90.553 -84.954 5.225 -89.967 -83.794 4.417 -89.967 -80.849 7.156
3 65 -89.967 -80.849 7.156 -90.553 -81.572 8.372 -90.553 -84.954 5.225
3 65 -91.967 -85.435 5.560 -90.553 -84.954 5.225 -90.553 -81.572 8.372
3 65 -90.553 -81.572 8.372 -91.967 -81.871 8.876 -91.967 -85.435 5.560
3 65 -93.381 -84.954 5.225 -91.967 -85.435 5.560 -91.967 -81.871 8.876
3 65 -91.967 -81.871 8.876 -93.381 -81.572 8.372 -93.381 -84.954 5.225
3 65 -93.967 -83.794 4.417 -93.381 -84.954 5.225 -93.381 -81.572 8.372
3 65 -93.381 -81.572 8.372 -93.967 -80.849 7.156 -93.967 -83.794 4.417
3 65 -93.381 -80.127 5.940 -93.967 -80.849 7.156 -93.967 -77.035 8.432
3 65 -93.967 -77.035 8.432 -93.381 -76.801 7.037 -93.381 -80.127 5.940
3 65 -91.967 -79.828 5.437 -93.381 -80.127 5.940 -93.381 -76.801 7.037
3 65 -93.381 -76.801 7.037 -91.967 -76.704 6.459 -91.967 -79.828 5.437
3 65 -90.553 -80.127 5.940 -91.967 -79.828 5.437 -91.967 -76.704 6.459
3 65 -91.967 -76.704 6.459 -90.553 -76.801 7.037 -90.553 -80.127 5.940
3 65 -89.967 -80.849 7.156 -90.553 -80.127 5.940 -90.553 -76.801 7.037
3 65 -90.553 -76.801 7.037 -89.967 -77.035 8.432 -89.967 -80.849 7.156
3 65 -90.553 -81.572 8.372 -89.967 -80.849 7.156 -89.967 -77.035 8.432
3 65 -89.967 -77.035 8.432 -90.553 -77.270 9.826 -90.553 -81.572 8.372
3 65 -91.967 -81.871 8.876 -90.553 -81.572 8.372 -90.553 -77.270 9.826
3 65 -90.553 -77.270 9.826 -91.967 -77.367 10.404 -91.967 -81.871 8.876
3 65 -93.381 -81.572 8.372 -91.967 -81.871 8.876 -91.967 -77.367 10.404
3 65 -91.967 -77.367 10.404 -93.381 -77.270 9.826 -93.381 -81.572 8.372
3 65 -93.967 -80.849 7.156 -93.381 -81.572 8.372 -93.381 -77.270 9.826
3 65 -93.381 -77.270 9.826 -93.967 -77.035 8.432 -93.967 -80.849 7.156
3 65 -93.381 -76.801 7.037 -93.967 -77.035 8.432 -93.967 -56.772 8.643
3 65 -93.967 -56.772 8.643 -93.381 -56.759 7.228 -93.381 -76.801 7.037
3 65 -91.967 -76.704 6.459 -93.381 -76.801 7.037 -93.381 -56.759 7.228
3 65 -93.381 -56.759 7.228 -91.967 -56.754 6.643 -91.967 -76.704 6.459
3 65 -90.553 -76.801 7.037 -91.967 -76.704 6.459 -91.967 -56.754 6.643
3 65 -91.967 -56.754 6.643 -90.553 -56.759 7.228 -90.553 -76.801 7.037
3 65 -89.967 -77.035 8.432 -90.553 -76.801 7.037 -90.553 -56.759 7.228
3 65 -90.553 -56.759 7.228 -89.967 -56.772 8.643 -89.967 -77.035 8.432
3 65 -90.553 -77.270 9.826 -89.967 -77.035 8.432 -89.967 -56.772 8.643
3 65 -89.967 -56.772 8.643 -90.553 -56.785 10.057 -90.553 -77.270 9.826
3 65 -91.967 -77.367 10.404 -90.553 -77.270 9.826 -90.553 -56.785 10.057
3 65 -90.553 -56.785 10.057 -91.967 -56.790 10.643 -91.967 -77.367 10.404
3 65 -93.381 -77.270 9.826 -91.967 -77.367 10.404 -91.967 -56.790 10.643
3 65 -91.967 -56.790 10.643 -93.381 -56.785 10.057 -93.381 -77.270 9.826
3 65 -93.967 -77.035 8.432 -93.381 -77.270 9.826 -93.381 -56.785 10.057
3 65 -93.381 -56.785 10.057 -93.967 -56.772 8.643 -93.967 -77.035 8.432
3 65 -93.381 -56.759 7.228 -93.967 -56.772 8.643 -93.967 -16.741 8.955
3 65 -93.967 -16.741 8.955 -93.381 -16.730 7.541 -93.381 -56.759 7.228
3 65 -91.967 -56.754 6.643 -93.381 -56.759 7.228 -93.381 -16.730 7.541
3 65 -93.381 -16.730 7.541 -91.967 -16.725 6.955 -91.967 -56.754 6.643
3 65 -90.553 -56.759 7.228 -91.967 -56.754 6.643 -91.967 -16.725 6.955
3 65 -91.967 -16.725 6.955 -90.553 -16.730 7.541 -90.553 -56.759 7.228
3 65 -89.967 -56.772 8.643 -90.553 -56.759 7.228 -90.553 -16.730 7.541
3 65 -90.553 -16.730 7.541 -89.967 -16.741 8.955 -89.967 -56.772 8.643
3 65 -90.553 -56.785 10.057 -89.967 -56.772 8.643 -89.967 -16.741 8.955
3 65 -89.967 -16.741 8.955 -90.553 -16.752 10.370 -90.553 -56.785 10.057
3 65 -91.967 -56.790 10.643 -90.553 -56.785 10.057 -90.553 -16.752 10.370
3 65 -90.553 -16.752 10.370 -91.967 -16.757 10.955 -91.967 -56.790 10.643
3 65 -93.381 -56.785 10.057 -91.967 -56.790 10.643 -91.967 -16.757 10.955
3 65 -91.967 -16.757 10.955 -93.381 -16.752 10.370 -93.381 -56.785 10.057
3 65 -93.967 -56.772 8.643 -93.381 -56.785 10.057 -93.381 -16.752 10.370
3 65 -93.381 -16.752 10.370 -93.967 -16.741 8.955 -93.967 -56.772 8.643
3 65 -93.381 -16.730 7.541 -93.967 -16.741 8.955 -93.967 -12.688 8.987
3 65 -93.967 -12.688 8.987 -93.381 -12.781 7.576 -93.381 -16.730 7.541
3 65 -91.967 -16.725 6.955 -93.381 -16.730 7.541 -93.381 -12.781 7.576
3 65 -93.381 -12.781 7.576 -91.967 -12.819 6.991 -91.967 -16.725 6.955
3 65 -90.553 -16.730 7.541 -91.967 -16.725 6.955 -91.967 -12.819 6.991
3 65 -91.967 -12.819 6.991 -90.553 -12.781 7.576 -90.553 -16.730 7.541
3 65 -89.967 -16.741 8.955 -90.553 -16.730 7.541 -90.553 -12.781 7.576
3 65 -90.553 -12.781 7.576 -89.967 -12.688 8.987 -89.967 -16.741 8.955
3 65 -90.553 -16.752 10.370 -89.967 -16.741 8.955 -89.967 -12.688 8.987
3 65 -89.967 -12.688 8.987 -90.553 -12.595 10.398 -90.553 -16.752 10.370
3 65 -91.967 -16.757 10.955 -90.553 -16.752 10.370 -90.553 -12.595 10.398
3 65 -90.553 -12.595 10.398 -91.967 -12.557 10.983 -91.967 -16.757 10.955
3 65 -93.381 -16.752 10.370 -91.967 -16.757 10.955 -91.967 -12.557 10.983
3 65 -91.967 -12.557 10.983 -93.381 -12.595 10.398 -93.381 -16.752 10.370
3 65 -93.967 -16.741 8.955 -93.381 -16.752 10.370 -93.381 -12.595 10.398
3 65 -93.381 -12.595 10.398 -93.967 -12.688 8.987 -93.967 -16.741 8.955
3 65 -93.381 -12.781 7.576 -93.967 -12.688 8.987 -93.967 -8.698 8.428
3 65 -93.967 -8.698 8.428 -93.381 -9.169 7.095 -93.381 -12.781 7.576
3 65 -91.967 -12.819 6.991 -93.381 -12.781 7.576 -93.381 -9.169 7.095
3 65 -93.381 -9.169 7.095 -91.967 -9.364 6.542 -91.967 -12.819 6.991
3 65 -90.553 -12.781 7.576 -91.967 -12.819 6.991 -91.967 -9.364 6.542
3 65 -91.967 -9.364 6.542 -90.553 -9.169 7.095 -90.553 -12.781 7.576
3 65 -89.967 -12.688 8.987 -90.553 -12.781 7.576 -90.553 -9.169 7.095
3 65 -90.553 -9.169 7.095 -89.967 -8.698 8.428 -89.967 -12.688 8.987
3 65 -90.553 -12.595 10.398 -89.967 -12.688 8.987 -89.967 -8.698 8.428
3 65 -89.967 -8.698 8.428 -90.553 -8.227 9.762 -90.553 -12.595 10.398
3 65 -91.967 -12.557 10.983 -90.553 -12.595 10.398 -90.553 -8.227 9.762
3 65 -90.553 -8.227 9.762 -91.967 -8.032 10.314 -91.967 -12.557 10.983
3 65 -93.381 -12.595 10.398 -91.967 -12.557 10.983 -91.967 -8.032 10.314
3 65 -91.967 -8.032 10.314 -93.381 -8.227 9.762 -93.381 -12.595 10.398
3 65 -93.967 -12.688 8.987 -93.381 -12.595 10.398 -93.381 -8.227 9.762
3 65 -93.381 -8.227 9.762 -93.967 -8.698 8.428 -93.967 -12.688 8.987
3 65 -93.381 -9.169 7.095 -93.967 -8.698 8.428 -93.967 -5.245 6.360
3 65 -93.967 -5.245 6.360 -93.381 -6.201 5.318 -93.381 -9.169 7.095
3 65 -91.967 -9.364 6.542 -93.381 -9.169 7.095 -93.381 -6.201 5.318
3 65 -93.381 -6.201 5.318 -91.967 -6.597 4.886 -91.967 -9.364 6.542
3 65 -90.553 -9.169 7.095 -91.967 -9.364 6.542 -91.967 -6.597 4.886
3 65 -91.967 -6.597 4.886 -90.553 -6.201 5.318 -90.553 -9.169 7.095
3 65 -89.967 -8.698 8.428 -90.553 -9.169 7.095 -90.553 -6.201 5.318
3 65 -90.553 -6.201 5.318 -89.967 -5.245 6.360 -89.967 -8.698 8.428
3 65 -90.553 -8.227 9.762 -89.967 -8.698 8.428 -89.967 -5.245 6.360
3 65 -89.967 -5.245 6.360 -90.553 -4.289 7.402 -90.553 -8.227 9.762
3 65 -91.967 -8.032 10.314 -90.553 -8.227 9.762 -90.553 -4.289 7.402
3 65 -90.553 -4.289 7.402 -91.967 -3.893 7.834 -91.967 -8.032 10.314
3 65 -93.381 -8.227 9.762 -91.967 -8.032 10.314 -91.967 -3.893 7.834
3 65 -91.967 -3.893 7.834 -93.381 -4.289 7.402 -93.381 -8.227 9.762
3 65 -93.967 -8.698 8.428 -93.381 -8.227 9.762 -93.381 -4.289 7.402
3 65 -93.381 -4.289 7.402 -93.967 -5.245 6.360 -93.967 -8.698 8.428
3 65 -93.381 -6.201 5.318 -93.967 -5.245 6.360 -93.967 -2.887 3.098
3 65 -93.967 -2.887 3.098 -93.381 -4.177 2.517 -93.381 -6.201 5.318
3 65 -91.967 -6.597 4.886 -93.381 -6.201 5.318 -93.381 -4.177 2.517
3 65 -93.381 -4.177 2.517 -91.967 -4.711 2.277 -91.967 -6.597 4.886
3 65 -90.553 -6.201 5.318 -91.967 -6.597 4.886 -91.967 -4.711 2.277
3 65 -91.967 -4.711 2.277 -90.553 -4.177 2.517 -90.553 -6.201 5.318
3 65 -89.967 -5.245 6.360 -90.553 -6.201 5.318 -90.553 -4.177 2.517
3 65 -90.553 -4.177 2.517 -89.967 -2.887 3.098 -89.967 -5.245 6.360
3 65 -90.553 -4.289 7.402 -89.967 -5.245 6.360 -89.967 -2.887 3.098
3 65 -89.967 -2.887 3.098 -90.553 -1.598 3.679 -90.553 -4.289 7.402
3 65 -91.967 -3.893 7.834 -90.553 -4.289 7.402 -90.553 -1.598 3.679
3 65 -90.553 -1.598 3.679 -91.967 -1.064 3.920 -91.967 -3.893 7.834
3 65 -93.381 -4.289 7.402 -91.967 -3.893 7.834 -91.967 -1.064 3.920
3 65 -91.967 -1.064 3.920 -93.381 -1.598 3.679 -93.381 -4.289 7.402
3 65 -93.967 -5.245 6.360 -93.381 -4.289 7.402 -93.381 -1.598 3.679
3 65 -93.381 -1.598 3.679 -93.967 -2.887 3.098 -93.967 -5.245 6.360
3 65 -93.381 -4.177 2.517 -93.967 -2.887 3.098 -93.967 -2.006 -0.828
3 65 -93.967 -2.006 -0.828 -93.381 -3.420 -0.854 -93.381 -4.177 2.517
3 65 -91.967 -4.711 2.277 -93.381 -4.177 2.517 -93.381 -3.420 -0.854
3 65 -93.381 -3.420 -0.854 -91.967 -4.005 -0.865 -91.967 -4.711 2.277
3 65 -90.553 -4.177 2.517 -91.967 -4.711 2.277 -91.967 -4.005 -0.865
3 65 -91.967 -4.005 -0.865 -90.553 -3.420 -0.854 -90.553 -4.177 2.517
3 65 -89.967 -2.887 3.098 -90.553 -4.177 2.517 -90.553 -3.420 -0.854
3 65 -90.553 -3.420 -0.854 -89.967 -2.006 -0.828 -89.967 -2.887 3.098
3 65 -90.553 -1.598 3.679 -89.967 -2.887 3.098 -89.967 -2.006 -0.828
3 65 -89.967 -2.006 -0.828 -90.553 -0.592 -0.803 -90.553 -1.598 3.679
3 65 -91.967 -1.064 3.920 -90.553 -1.598 3.679 -90.553 -0.592 -0.803
3 65 -90.553 -0.592 -0.803 -91.967 -0.006 -0.792 -91.967 -1.064 3.920
3 65 -93.381 -1.598 3.679 -91.967 -1.064 3.920 -91.967 -0.006 -0.792
3 65 -91.967 -0.006 -0.792 -93.381 -0.592 -0.803 -93.381 -1.598 3.679
3 65 -93.967 -2.887 3.098 -93.381 -1.598 3.679 -93.381 -0.592 -0.803
3 65 -93.381 -0.592 -0.803 -93.967 -2.006 -0.828 -93.967 -2.887 3.098
3 65 -93.381 -3.420 -0.854 -93.967 -2.006 -0.828 -93.967 -2.744 -4.785
3 65 -93.967 -2.744 -4.785 -93.381 -4.054 -4.251 -93.381 -3.420 -0.854
3 65 -91.967 -4.005 -0.865 -93.381 -3.420 -0.854 -93.381 -4.054 -4.251
3 65 -93.381 -4.054 -4.251 -91.967 -4.596 -4.029 -91.967 -4.005 -0.865
3 65 -90.553 -3.420 -0.854 -91.967 -4.005 -0.865 -91.967 -4.596 -4.029
3 65 -91.967 -4.596 -4.029 -90.553 -4.054 -4.251 -90.553 -3.420 -0.854
3 65 -89.967 -2.006 -0.828 -90.553 -3.420 -0.854 -90.553 -4.054 -4.251
3 65 -90.553 -4.054 -4.251 -89.967 -2.744 -4.785 -89.967 -2.006 -0.828
3 65 -90.553 -0.592 -0.803 -89.967 -2.006 -0.828 -89.967 -2.744 -4.785
3 65 -89.967 -2.744 -4.785 -90.553 -1.435 -5.319 -90.553 -0.592 -0.803
3 65 -91.967 -0.006 -0.792 -90.553 -0.592 -0.803 -90.553 -1.435 -5.319
3 65 -90.553 -1.435 -5.319 -91.967 -0.893 -5.540 -91.967 -0.006 -0.792
3 65 -93.381 -0.592 -0.803 -91.967 -0.006 -0.792 -91.967 -0.893 -5.540
3 65 -91.967 -0.893 -5.540 -93.381 -1.435 -5.319 -93.381 -0.592 -0.803
3 65 -93.967 -2.006 -0.828 -93.381 -0.592 -0.803 -93.381 -1.435 -5.319
3 65 -93.381 -1.435 -5.319 -93.967 -2.744 -4.785 -93.967 -2.006 -0.828
3 65 -93.381 -4.054 -4.251 -93.967 -2.744 -4.785 -93.967 -4.984 -8.129
3 65 -93.967 -4.984 -8.129 -93.381 -5.977 -7.122 -93.381 -4.054 -4.251
3 65 -91.967 -4.596 -4.029 -93.381 -4.054 -4.251 -93.381 -5.977 -7.122
3 65 -93.381 -5.977 -7.122 -91.967 -6.388 -6.704 -91.967 -4.596 -4.029
3 65 -90.553 -4.054 -4.251 -91.967 -4.596 -4.029 -91.967 -6.388 -6.704
3 65 -91.967 -6.388 -6.704 -90.553 -5.977 -7.122 -90.553 -4.054 -4.251
3 65 -89.967 -2.744 -4.785 -90.553 -4.054 -4.251 -90.553 -5.977 -7.122
3 65 -90.553 -5.977 -7.122 -89.967 -4.984 -8.129 -89.967 -2.744 -4.785
3 65 -90.553 -1.435 -5.319 -89.967 -2.744 -4.785 -89.967 -4.984 -8.129
3 65 -89.967 -4.984 -8.129 -90.553 -3.992 -9.137 -90.553 -1.435 -5.319
3 65 -91.967 -0.893 -5.540 -90.553 -1.435 -5.319 -90.553 -3.992 -9.137
3 65 -90.553 -3.992 -9.137 -91.967 -3.581 -9.554 -91.967 -0.893 -5.540
3 65 -93.381 -1.435 -5.319 -91.967 -0.893 -5.540 -91.967 -3.581 -9.554
3 65 -91.967 -3.581 -9.554 -93.381 -3.992 -9.137 -93.381 -1.435 -5.319
3 65 -93.967 -2.744 -4.785 -93.381 -1.435 -5.319 -93.381 -3.992 -9.137
3 65 -93.381 -3.992 -9.137 -93.967 -4.984 -8.129 -93.967 -2.744 -4.785
3 65 -93.381 -5.977 -7.122 -93.967 -4.984 -8.129 -93.967 -8.362 -10.319
3 65 -93.967 -8.362 -10.319 -93.381 -8.885 -9.005 -93.381 -5.977 -7.122
3 65 -91.967 -6.388 -6.704 -93.381 -5.977 -7.122 -93.381 -8.885 -9.005
3 65 -93.381 -8.885 -9.005 -91.967 -9.102 -8.461 -91.967 -6.388 -6.704
3 65 -90.553 -5.977 -7.122 -91.967 -6.388 -6.704 -91.967 -9.102 -8.461
3 65 -91.967 -9.102 -8.461 -90.553 -8.885 -9.005 -90.553 -5.977 -7.122
3 65 -89.967 -4.984 -8.129 -90.553 -5.977 -7.122 -90.553 -8.885 -9.005
3 65 -90.553 -8.885 -9.005 -89.967 -8.362 -10.319 -89.967 -4.984 -8.129
3 65 -90.553 -3.992 -9.137 -89.967 -4.984 -8.129 -89.967 -8.362 -10.319
3 65 -89.967 -8.362 -10.319 -90.553 -7.838 -11.633 -90.553 -3.992 -9.137
3 65 -91.967 -3.581 -9.554 -90.553 -3.992 -9.137 -90.553 -7.838 -11.633
3 65 -90.553 -7.838 -11.633 -91.967 -7.621 -12.177 -91.967 -3.581 -9.554
3 65 -93.381 -3.992 -9.137 -91.967 -3.581 -9.554 -91.967 -7.621 -12.177
3 65 -91.967 -7.621 -12.177 -93.381 -7.838 -11.633 -93.381 -3.992 -9.137
3 65 -93.967 -4.984 -8.129 -93.381 -3.992 -9.137 -93.381 -7.838 -11.633
3 65 -93.381 -7.838 -11.633 -93.967 -8.362 -10.319 -93.967 -4.984 -8.129
3 65 -93.381 -8.885 -9.005 -93.967 -8.362 -10.319 -93.967 -12.078 -11.008
3 65 -93.967 -12.078 -11.008 -93.381 -12.067 -9.593 -93.381 -8.885 -9.005
3 65 -91.967 -9.102 -8.461 -93.381 -8.885 -9.005 -93.381 -12.067 -9.593
3 65 -93.381 -12.067 -9.593 -91.967 -12.063 -9.008 -91.967 -9.102 -8.461
3 65 -90.553 -8.885 -9.005 -91.967 -9.102 -8.461 -91.967 -12.063 -9.008
3 65 -91.967 -12.063 -9.008 -90.553 -12.067 -9.593 -90.553 -8.885 -9.005
3 65 -89.967 -8.362 -10.319 -90.553 -8.885 -9.005 -90.553 -12.067 -9.593
3 65 -90.553 -12.067 -9.593 -89.967 -12.078 -11.008 -89.967 -8.362 -10.319
3 65 -90.553 -7.838 -11.633 -89.967 -8.362 -10.319 -89.967 -12.078 -11.008
3 65 -89.967 -12.078 -11.008 -90.553 -12.089 -12.422 -90.553 -7.838 -11.633
3 65 -91.967 -7.621 -12.177 -90.553 -7.838 -11.633 -90.553 -12.089 -12.422
3 65 -90.553 -12.089 -12.422 -91.967 -12.094 -13.008 -91.967 -7.621 -12.177
3 65 -93.381 -7.838 -11.633 -91.967 -7.621 -12.177 -91.967 -12.094 -13.008
3 65 -91.967 -12.094 -13.008 -93.381 -12.089 -12.422 -93.381 -7.838 -11.633
3 65 -93.967 -8.362 -10.319 -93.381 -7.838 -11.633 -93.381 -12.089 -12.422
3 65 -93.381 -12.089 -12.422 -93.967 -12.078 -11.008 -93.967 -8.362 -10.319
3 65 84.395 -86.414 7.246 84.785 -87.000 8.606 46.154 -87.000 19.662
3 65 46.154 -87.000 19.662 45.765 -86.414 18.302 84.395 -86.414 7.246
3 65 84.234 -85.000 6.683 84.395 -86.414 7.246 45.765 -86.414 18.302
3 65 45.765 -86.414 18.302 45.604 -85.000 17.739 84.234 -85.000 6.683
3 65 84.395 -83.586 7.246 84.234 -85.000 6.683 45.604 -85.000 17.739
3 65 45.604 -85.000 17.739 45.765 -83.586 18.302 84.395 -83.586 7.246
3 65 84.785 -83.000 8.606 84.395 -83.586 7.246 45.765 -83.586 18.302
3 65 45.765 -83.586 18.302 46.154 -83.000 19.662 84.785 -83.000 8.606
3 65 85.174 -83.586 9.966 84.785 -83.000 8.606 46.154 -83.000 19.662
3 65 46.154 -83.000 19.662 46.542 -83.586 21.022 85.174 -83.586 9.966
3 65 85.335 -85.000 10.529 85.174 -83.586 9.966 46.542 -83.586 21.022
3 65 46.542 -83.586 21.022 46.703 -85.000 21.585 85.335 -85.000 10.529
3 65 85.174 -86.414 9.966 85.335 -85.000 10.529 46.703 -85.000 21.585
3 65 46.703 -85.000 21.585 46.542 -86.414 21.022 85.174 -86.414 9.966
3 65 84.785 -87.000 8.606 85.174 -86.414 9.966 46.542 -86.414 21.022
3 65 46.542 -86.414 21.022 46.154 -87.000 19.662 84.785 -87.000 8.606
3 65 45.765 -86.414 18.302 46.154 -87.000 19.662 11.380 -87.000 29.592
3 65 11.380 -87.000 29.592 11.061 -86.414 28.215 45.765 -86.414 18.302
3 65 45.604 -85.000 17.739 45.765 -86.414 18.302 11.061 -86.414 28.215
3 65 11.061 -86.414 28.215 10.929 -85.000 27.644 45.604 -85.000 17.739
3 65 45.765 -83.586 18.302 45.604 -85.000 17.739 10.929 -85.000 27.644
3 65 10.929 -85.000 27.644 11.061 -83.586 28.215 45.765 -83.586 18.302
3 65 46.154 -83.000 19.662 45.765 -83.586 18.302 11.061 -83.586 28.215
3 65 11.061 -83.586 28.215 11.380 -83.000 29.592 46.154 -83.000 19.662
3 65 46.542 -83.586 21.022 46.154 -83.000 19.662 11.380 -83.000 29.592
3 65 11.380 -83.000 29.592 11.700 -83.586 30.970 46.542 -83.586 21.022
3 65 46.703 -85.000 21.585 46.542 -83.586 21.022 11.700 -83.586 30.970
3 65 11.700 -83.586 30.970 11.832 -85.000 31.541 46.703 -85.000 21.585
3 65 46.542 -86.414 21.022 46.703 -85.000 21.585 11.832 -85.000 31.541
3 65 11.832 -85.000 31.541 11.700 -86.414 30.970 46.542 -86.414 21.022
3 65 46.154 -87.000 19.662 46.542 -86.414 21.022 11.700 -86.414 30.970
3 65 11.700 -86.414 30.970 11.380 -87.000 29.592 46.154 -87.000 19.662
3 65 11.061 -86.414 28.215 11.380 -87.000 29.592 7.428 -87.000 30.301
3 65 7.428 -87.000 30.301 7.271 -86.414 28.895 11.061 -86.414 28.215
3 65 10.929 -85.000 27.644 11.061 -86.414 28.215 7.271 -86.414 28.895
3 65 7.271 -86.414 28.895 7.205 -85.000 28.313 10.929 -85.000 27.644
3 65 11.061 -83.586 28.215 10.929 -85.000 27.644 7.205 -85.000 28.313
3 65 7.205 -85.000 28.313 7.271 -83.586 28.895 11.061 -83.586 28.215
3 65 11.380 -83.000 29.592 11.061 -83.586 28.215 7.271 -83.586 28.895
3 65 7.271 -83.586 28.895 7.428 -83.000 30.301 11.380 -83.000 29.592
3 65 11.700 -83.586 30.970 11.380 -83.000 29.592 7.428 -83.000 30.301
3 65 7.428 -83.000 30.301 7.586 -83.586 31.706 11.700 -83.586 30.970
3 65 11.832 -85.000 31.541 11.700 -83.586 30.970 7.586 -83.586 31.706
3 65 7.586 -83.586 31.706 7.651 -85.000 32.288 11.832 -85.000 31.541
3 65 11.700 -86.414 30.970 11.832 -85.000 31.541 7.651 -85.000 32.288
3 65 7.651 -85.000 32.288 7.586 -86.414 31.706 11.700 -86.414 30.970
3 65 11.380 -87.000 29.592 11.700 -86.414 30.970 7.586 -86.414 31.706
3 65 7.586 -86.414 31.706 7.428 -87.000 30.301 11.380 -87.000 29.592
3 65 7.271 -86.414 28.895 7.428 -87.000 30.301 3.417 -87.000 30.484
3 65 3.417 -87.000 30.484 3.446 -86.414 29.070 7.271 -86.414 28.895
3 65 7.205 -85.000 28.313 7.271 -86.414 28.895 3.446 -86.414 29.070
3 65 3.446 -86.414 29.070 3.457 -85.000 28.485 7.205 -85.000 28.313
3 65 7.271 -83.586 28.895 7.205 -85.000 28.313 3.457 -85.000 28.485
3 65 3.457 -85.000 28.485 3.446 -83.586 29.070 7.271 -83.586 28.895
3 65 7.428 -83.000 30.301 7.271 -83.586 28.895 3.446 -83.586 29.070
3 65 3.446 -83.586 29.070 3.417 -83.000 30.484 7.428 -83.000 30.301
3 65 7.586 -83.586 31.706 7.428 -83.000 30.301 3.417 -83.000 30.484
3 65 3.417 -83.000 30.484 3.389 -83.586 31.898 7.586 -83.586 31.706
3 65 7.651 -85.000 32.288 7.586 -83.586 31.706 3.389 -83.586 31.898
3 65 3.389 -83.586 31.898 3.377 -85.000 32.484 7.651 -85.000 32.288
3 65 7.586 -86.414 31.706 7.651 -85.000 32.288 3.377 -85.000 32.484
3 65 3.377 -85.000 32.484 3.389 -86.414 31.898 7.586 -86.414 31.706
3 65 7.428 -87.000 30.301 7.586 -86.414 31.706 3.389 -86.414 31.898
3 65 3.389 -86.414 31.898 3.417 -87.000 30.484 7.428 -87.000 30.301
3 65 3.446 -86.414 29.070 3.417 -87.000 30.484 -0.583 -87.000 30.139
3 65 -0.583 -87.000 30.139 -0.369 -86.414 28.741 3.446 -86.414 29.070
3 65 3.457 -85.000 28.485 3.446 -86.414 29.070 -0.369 -86.414 28.741
3 65 -0.369 -86.414 28.741 -0.281 -85.000 28.162 3.457 -85.000 28.485
3 65 3.446 -83.586 29.070 3.457 -85.000 28.485 -0.281 -85.000 28.162
3 65 -0.281 -85.000 28.162 -0.369 -83.586 28.741 3.446 -83.586 29.070
3 65 3.417 -83.000 30.484 3.446 -83.586 29.070 -0.369 -83.586 28.741
3 65 -0.369 -83.586 28.741 -0.583 -83.000 30.139 3.417 -83.000 30.484
3 65 3.389 -83.586 31.898 3.417 -83.000 30.484 -0.583 -83.000 30.139
3 65 -0.583 -83.000 30.139 -0.797 -83.586 31.537 3.389 -83.586 31.898
3 65 3.377 -85.000 32.484 3.389 -83.586 31.898 -0.797 -83.586 31.537
3 65 -0.797 -83.586 31.537 -0.886 -85.000 32.116 3.377 -85.000 32.484
3 65 3.389 -86.414 31.898 3.377 -85.000 32.484 -0.886 -85.000 32.116
3 65 -0.886 -85.000 32.116 -0.797 -86.414 31.537 3.389 -86.414 31.898
3 65 3.417 -87.000 30.484 3.389 -86.414 31.898 -0.797 -86.414 31.537
3 65 -0.797 -86.414 31.537 -0.583 -87.000 30.139 3.417 -87.000 30.484
3 65 -0.369 -86.414 28.741 -0.583 -87.000 30.139 -4.504 -87.000 29.271
3 65 -4.504 -87.000 29.271 -4.108 -86.414 27.914 -0.369 -86.414 28.741
3 65 -0.281 -85.000 28.162 -0.369 -86.414 28.741 -4.108 -86.414 27.914
3 65 -4.108 -86.414 27.914 -3.944 -85.000 27.351 -0.281 -85.000 28.162
3 65 -0.369 -83.586 28.741 -0.281 -85.000 28.162 -3.944 -85.000 27.351
3 65 -3.944 -85.000 27.351 -4.108 -83.586 27.914 -0.369 -83.586 28.741
3 65 -0.583 -83.000 30.139 -0.369 -83.586 28.741 -4.108 -83.586 27.914
3 65 -4.108 -83.586 27.914 -4.504 -83.000 29.271 -0.583 -83.000 30.139
3 65 -0.797 -83.586 31.537 -0.583 -83.000 30.139 -4.504 -83.000 29.271
3 65 -4.504 -83.000 29.271 -4.900 -83.586 30.629 -0.797 -83.586 31.537
3 65 -0.886 -85.000 32.116 -0.797 -83.586 31.537 -4.900 -83.586 30.629
3 65 -4.900 -83.586 30.629 -5.064 -85.000 31.192 -0.886 -85.000 32.116
3 65 -0.797 -86.414 31.537 -0.886 -85.000 32.116 -5.064 -85.000 31.192
3 65 -5.064 -85.000 31.192 -4.900 -86.414 30.629 -0.797 -86.414 31.537
3 65 -0.583 -87.000 30.139 -0.797 -86.414 31.537 -4.900 -86.414 30.629
3 65 -4.900 -86.414 30.629 -4.504 -87.000 29.271 -0.583 -87.000 30.139
3 65 -4.108 -86.414 27.914 -4.504 -87.000 29.271 -8.276 -87.000 27.896
3 65 -8.276 -87.000 27.896 -7.705 -86.414 26.602 -4.108 -86.414 27.914
3 65 -3.944 -85.000 27.351 -4.108 -86.414 27.914 -7.705 -86.414 26.602
3 65 -7.705 -86.414 26.602 -7.469 -85.000 26.066 -3.944 -85.000 27.351
3 65 -4.108 -83.586 27.914 -3.944 -85.000 27.351 -7.469 -85.000 26.066
3 65 -7.469 -85.000 26.066 -7.705 -83.586 26.602 -4.108 -83.586 27.914
3 65 -4.504 -83.000 29.271 -4.108 -83.586 27.914 -7.705 -83.586 26.602
3 65 -7.705 -83.586 26.602 -8.276 -83.000 27.896 -4.504 -83.000 29.271
3 65 -4.900 -83.586 30.629 -4.504 -83.000 29.271 -8.276 -83.000 27.896
3 65 -8.276 -83.000 27.896 -8.847 -83.586 29.190 -4.900 -83.586 30.629
3 65 -5.064 -85.000 31.192 -4.900 -83.586 30.629 -8.847 -83.586 29.190
3 65 -8.847 -83.586 29.190 -9.083 -85.000 29.726 -5.064 -85.000 31.192
3 65 -4.900 -86.414 30.629 -5.064 -85.000 31.192 -9.083 -85.000 29.726
3 65 -9.083 -85.000 29.726 -8.847 -86.414 29.190 -4.900 -86.414 30.629
3 65 -4.504 -87.000 29.271 -4.900 -86.414 30.629 -8.847 -86.414 29.190
3 65 -8.847 -86.414 29.190 -8.276 -87.000 27.896 -4.504 -87.000 29.271
3 65 -7.705 -86.414 26.602 -8.276 -87.000 27.896 -11.835 -87.000 26.038
3 65 -11.835 -87.000 26.038 -11.100 -86.414 24.830 -7.705 -86.414 26.602
3 65 -7.469 -85.000 26.066 -7.705 -86.414 26.602 -11.100 -86.414 24.830
3 65 -11.100 -86.414 24.830 -10.795 -85.000 24.330 -7.469 -85.000 26.066
3 65 -7.705 -83.586 26.602 -7.469 -85.000 26.066 -10.795 -85.000 24.330
3 65 -10.795 -85.000 24.330 -11.100 -83.586 24.830 -7.705 -83.586 26.602
3 65 -8.276 -83.000 27.896 -7.705 -83.586 26.602 -11.100 -83.586 24.830
3 65 -11.100 -83.586 24.830 -11.835 -83.000 26.038 -8.276 -83.000 27.896
3 65 -8.847 -83.586 29.190 -8.276 -83.000 27.896 -11.835 -83.000 26.038
3 65 -11.835 -83.000 26.038 -12.571 -83.586 27.245 -8.847 -83.586 29.190
3 65 -9.083 -85.000 29.726 -8.847 -83.586 29.190 -12.571 -83.586 27.245
3 65 -12.571 -83.586 27.245 -12.876 -85.000 27.746 -9.083 -85.000 29.726
3 65 -8.847 -86.414 29.190 -9.083 -85.000 29.726 -12.876 -85.000 27.746
3 65 -12.876 -85.000 27.746 -12.571 -86.414 27.245 -8.847 -86.414 29.190
3 65 -8.276 -87.000 27.896 -8.847 -86.414 29.190 -12.571 -86.414 27.245
3 65 -12.571 -86.414 27.245 -11.835 -87.000 26.038 -8.276 -87.000 27.896
3 65 -11.100 -86.414 24.830 -11.835 -87.000 26.038 -15.119 -87.000 23.727
3 65 -15.119 -87.000 23.727 -14.231 -86.414 22.627 -11.100 -86.414 24.830
3 65 -10.795 -85.000 24.330 -11.100 -86.414 24.830 -14.231 -86.414 22.627
3 65 -14.231 -86.414 22.627 -13.864 -85.000 22.171 -10.795 -85.000 24.330
3 65 -11.100 -83.586 24.830 -10.795 -85.000 24.330 -13.864 -85.000 22.171
3 65 -13.864 -85.000 22.171 -14.231 -83.586 22.627 -11.100 -83.586 24.830
3 65 -11.835 -83.000 26.038 -11.100 -83.586 24.830 -14.231 -83.586 22.627
3 65 -14.231 -83.586 22.627 -15.119 -83.000 23.727 -11.835 -83.000 26.038
3 65 -12.571 -83.586 27.245 -11.835 -83.000 26.038 -15.119 -83.000 23.727
3 65 -15.119 -83.000 23.727 -16.008 -83.586 24.828 -12.571 -83.586 27.245
3 65 -12.876 -85.000 27.746 -12.571 -83.586 27.245 -16.008 -83.586 24.828
3 65 -16.008 -83.586 24.828 -16.375 -85.000 25.284 -12.876 -85.000 27.746
3 65 -12.571 -86.414 27.245 -12.876 -85.000 27.746 -16.375 -85.000 25.284
3 65 -16.375 -85.000 25.284 -16.008 -86.414 24.828 -12.571 -86.414 27.245
3 65 -11.835 -87.000 26.038 -12.571 -86.414 27.245 -16.008 -86.414 24.828
3 65 -16.008 -86.414 24.828 -15.119 -87.000 23.727 -11.835 -87.000 26.038
3 65 -14.231 -86.414 22.627 -15.119 -87.000 23.727 -18.072 -87.000 21.006
3 65 -18.072 -87.000 21.006 -17.047 -86.414 20.031 -14.231 -86.414 22.627
3 65 -13.864 -85.000 22.171 -14.231 -86.414 22.627 -17.047 -86.414 20.031
3 65 -17.047 -86.414 20.031 -16.622 -85.000 19.628 -13.864 -85.000 22.171
3 65 -14.231 -83.586 22.627 -13.864 -85.000 22.171 -16.622 -85.000 19.628
3 65 -16.622 -85.000 19.628 -17.047 -83.586 20.031 -14.231 -83.586 22.627
3 65 -15.119 -83.000 23.727 -14.231 -83.586 22.627 -17.047 -83.586 20.031
3 65 -17.047 -83.586 20.031 -18.072 -83.000 21.006 -15.119 -83.000 23.727
3 65 -16.008 -83.586 24.828 -15.119 -83.000 23.727 -18.072 -83.000 21.006
3 65 -18.072 -83.000 21.006 -19.097 -83.586 21.980 -16.008 -83.586 24.828
3 65 -16.375 -85.000 25.284 -16.008 -83.586 24.828 -19.097 -83.586 21.980
3 65 -19.097 -83.586 21.980 -19.521 -85.000 22.384 -16.375 -85.000 25.284
3 65 -16.008 -86.414 24.828 -16.375 -85.000 25.284 -19.521 -85.000 22.384
3 65 -19.521 -85.000 22.384 -19.097 -86.414 21.980 -16.008 -86.414 24.828
3 65 -15.119 -87.000 23.727 -16.008 -86.414 24.828 -19.097 -86.414 21.980
3 65 -19.097 -86.414 21.980 -18.072 -87.000 21.006 -15.119 -87.000 23.727
3 65 -17.047 -86.414 20.031 -18.072 -87.000 21.006 -20.641 -87.000 17.920
3 65 -20.641 -87.000 17.920 -19.497 -86.414 17.088 -17.047 -86.414 20.031
3 65 -16.622 -85.000 19.628 -17.047 -86.414 20.031 -19.497 -86.414 17.088
3 65 -19.497 -86.414 17.088 -19.023 -85.000 16.744 -16.622 -85.000 19.628
3 65 -17.047 -83.586 20.031 -16.622 -85.000 19.628 -19.023 -85.000 16.744
3 65 -19.023 -85.000 16.744 -19.497 -83.586 17.088 -17.047 -83.586 20.031
3 65 -18.072 -83.000 21.006 -17.047 -83.586 20.031 -19.497 -83.586 17.088
3 65 -19.497 -83.586 17.088 -20.641 -83.000 17.920 -18.072 -83.000 21.006
3 65 -19.097 -83.586 21.980 -18.072 -83.000 21.006 -20.641 -83.000 17.920
3 65 -20.641 -83.000 17.920 -21.785 -83.586 18.751 -19.097 -83.586 21.980
3 65 -19.521 -85.000 22.384 -19.097 -83.586 21.980 -21.785 -83.586 18.751
3 65 -21.785 -83.586 18.751 -22.259 -85.000 19.095 -19.521 -85.000 22.384
3 65 -19.097 -86.414 21.980 -19.521 -85.000 22.384 -22.259 -85.000 19.095
3 65 -22.259 -85.000 19.095 -21.785 -86.414 18.751 -19.097 -86.414 21.980
3 65 -18.072 -87.000 21.006 -19.097 -86.414 21.980 -21.785 -86.414 18.751
3 65 -21.785 -86.414 18.751 -20.641 -87.000 17.920 -18.072 -87.000 21.006
3 65 -19.497 -86.414 17.088 -20.641 -87.000 17.920 -22.782 -87.000 14.523
3 65 -22.782 -87.000 14.523 -21.539 -86.414 13.849 -19.497 -86.414 17.088
3 65 -19.023 -85.000 16.744 -19.497 -86.414 17.088 -21.539 -86.414 13.849
3 65 -21.539 -86.414 13.849 -21.024 -85.000 13.570 -19.023 -85.000 16.744
3 65 -19.497 -83.586 17.088 -19.023 -85.000 16.744 -21.024 -85.000 13.570
3 65 -21.024 -85.000 13.570 -21.539 -83.586 13.849 -19.497 -83.586 17.088
3 65 -20.641 -83.000 17.920 -19.497 -83.586 17.088 -21.539 -83.586 13.849
3 65 -21.539 -83.586 13.849 -22.782 -83.000 14.523 -20.641 -83.000 17.920
3 65 -21.785 -83.586 18.751 -20.641 -83.000 17.920 -22.782 -83.000 14.523
3 65 -22.782 -83.000 14.523 -24.025 -83.586 15.197 -21.785 -83.586 18.751
3 65 -22.259 -85.000 19.095 -21.785 -83.586 18.751 -24.025 -83.586 15.197
3 65 -24.025 -83.586 15.197 -24.541 -85.000 15.476 -22.259 -85.000 19.095
3 65 -21.785 -86.414 18.751 -22.259 -85.000 19.095 -24.541 -85.000 15.476
3 65 -24.541 -85.000 15.476 -24.025 -86.414 15.197 -21.785 -86.414 18.751
3 65 -20.641 -87.000 17.920 -21.785 -86.414 18.751 -24.025 -86.414 15.197
3 65 -24.025 -86.414 15.197 -22.782 -87.000 14.523 -20.641 -87.000 17.920
3 65 -21.539 -86.414 13.849 -22.782 -87.000 14.523 -24.459 -87.000 10.874
3 65 -24.459 -87.000 10.874 -23.138 -86.414 10.370 -21.539 -86.414 13.849
3 65 -21.024 -85.000 13.570 -21.539 -86.414 13.849 -23.138 -86.414 10.370
3 65 -23.138 -86.414 10.370 -22.590 -85.000 10.161 -21.024 -85.000 13.570
3 65 -21.539 -83.586 13.849 -21.024 -85.000 13.570 -22.590 -85.000 10.161
3 65 -22.590 -85.000 10.161 -23.138 -83.586 10.370 -21.539 -83.586 13.849
3 65 -22.782 -83.000 14.523 -21.539 -83.586 13.849 -23.138 -83.586 10.370
3 65 -23.138 -83.586 10.370 -24.459 -83.000 10.874 -22.782 -83.000 14.523
3 65 -24.025 -83.586 15.197 -22.782 -83.000 14.523 -24.459 -83.000 10.874
3 65 -24.459 -83.000 10.874 -25.780 -83.586 11.379 -24.025 -83.586 15.197
3 65 -24.541 -85.000 15.476 -24.025 -83.586 15.197 -25.780 -83.586 11.379
3 65 -25.780 -83.586 11.379 -26.327 -85.000 11.588 -24.541 -85.000 15.476
3 65 -24.025 -86.414 15.197 -24.541 -85.000 15.476 -26.327 -85.000 11.588
3 65 -26.327 -85.000 11.588 -25.780 -86.414 11.379 -24.025 -86.414 15.197
3 65 -22.782 -87.000 14.523 -24.025 -86.414 15.197 -25.780 -86.414 11.379
3 65 -25.780 -86.414 11.379 -24.459 -87.000 10.874 -22.782 -87.000 14.523
3 65 -23.138 -86.414 10.370 -24.459 -87.000 10.874 -25.642 -87.000 7.037
3 65 -25.642 -87.000 7.037 -24.266 -86.414 6.710 -23.138 -86.414 10.370
3 65 -22.590 -85.000 10.161 -23.138 -86.414 10.370 -24.266 -86.414 6.710
3 65 -24.266 -86.414 6.710 -23.696 -85.000 6.575 -22.590 -85.000 10.161
3 65 -23.138 -83.586 10.370 -22.590 -85.000 10.161 -23.696 -85.000 6.575
3 65 -23.696 -85.000 6.575 -24.266 -83.586 6.710 -23.138 -83.586 10.370
3 65 -24.459 -83.000 10.874 -23.138 -83.586 10.370 -24.266 -83.586 6.710
3 65 -24.266 -83.586 6.710 -25.642 -83.000 7.037 -24.459 -83.000 10.874
3 65 -25.780 -83.586 11.379 -24.459 -83.000 10.874 -25.642 -83.000 7.037
3 65 -25.642 -83.000 7.037 -27.018 -83.586 7.364 -25.780 -83.586 11.379
3 65 -26.327 -85.000 11.588 -25.780 -83.586 11.379 -27.018 -83.586 7.364
3 65 -27.018 -83.586 7.364 -27.587 -85.000 7.499 -26.327 -85.000 11.588
3 65 -25.780 -86.414 11.379 -26.327 -85.000 11.588 -27.587 -85.000 7.499
3 65 -27.587 -85.000 7.499 -27.018 -86.414 7.364 -25.780 -86.414 11.379
3 65 -24.459 -87.000 10.874 -25.780 -86.414 11.379 -27.018 -86.414 7.364
3 65 -27.018 -86.414 7.364 -25.642 -87.000 7.037 -24.459 -87.000 10.874
3 65 -24.266 -86.414 6.710 -25.642 -87.000 7.037 -26.310 -87.000 3.078
3 65 -26.310 -87.000 3.078 -24.903 -86.414 2.935 -24.266 -86.414 6.710
3 65 -23.696 -85.000 6.575 -24.266 -86.414 6.710 -24.903 -86.414 2.935
3 65 -24.903 -86.414 2.935 -24.320 -85.000 2.875 -23.696 -85.000 6.575
3 65 -24.266 -83.586 6.710 -23.696 -85.000 6.575 -24.320 -85.000 2.875
3 65 -24.320 -85.000 2.875 -24.903 -83.586 2.935 -24.266 -83.586 6.710
3 65 -25.642 -83.000 7.037 -24.266 -83.586 6.710 -24.903 -83.586 2.935
3 65 -24.903 -83.586 2.935 -26.310 -83.000 3.078 -25.642 -83.000 7.037
3 65 -27.018 -83.586 7.364 -25.642 -83.000 7.037 -26.310 -83.000 3.078
3 65 -26.310 -83.000 3.078 -27.717 -83.586 3.221 -27.018 -83.586 7.364
3 65 -27.587 -85.000 7.499 -27.018 -83.586 7.364 -27.717 -83.586 3.221
3 65 -27.717 -83.586 3.221 -28.300 -85.000 3.280 -27.587 -85.000 7.499
3 65 -27.018 -86.414 7.364 -27.587 -85.000 7.499 -28.300 -85.000 3.280
3 65 -28.300 -85.000 3.280 -27.717 -86.414 3.221 -27.018 -86.414 7.364
3 65 -25.642 -87.000 7.037 -27.018 -86.414 7.364 -27.717 -86.414 3.221
3 65 -27.717 -86.414 3.221 -26.310 -87.000 3.078 -25.642 -87.000 7.037
3 65 -24.903 -86.414 2.935 -26.310 -87.000 3.078 -26.453 -87.000 -0.935
3 65 -26.453 -87.000 -0.935 -25.039 -86.414 -0.892 -24.903 -86.414 2.935
3 65 -24.320 -85.000 2.875 -24.903 -86.414 2.935 -25.039 -86.414 -0.892
3 65 -25.039 -86.414 -0.892 -24.454 -85.000 -0.874 -24.320 -85.000 2.875
3 65 -24.903 -83.586 2.935 -24.320 -85.000 2.875 -24.454 -85.000 -0.874
3 65 -24.454 -85.000 -0.874 -25.039 -83.586 -0.892 -24.903 -83.586 2.935
3 65 -26.310 -83.000 3.078 -24.903 -83.586 2.935 -25.039 -83.586 -0.892
3 65 -25.039 -83.586 -0.892 -26.453 -83.000 -0.935 -26.310 -83.000 3.078
3 65 -27.717 -83.586 3.221 -26.310 -83.000 3.078 -26.453 -83.000 -0.935
3 65 -26.453 -83.000 -0.935 -27.866 -83.586 -0.978 -27.717 -83.586 3.221
3 65 -28.300 -85.000 3.280 -27.717 -83.586 3.221 -27.866 -83.586 -0.978
3 65 -27.866 -83.586 -0.978 -28.452 -85.000 -0.996 -28.300 -85.000 3.280
3 65 -27.717 -86.414 3.221 -28.300 -85.000 3.280 -28.452 -85.000 -0.996
3 65 -28.452 -85.000 -0.996 -27.866 -86.414 -0.978 -27.717 -86.414 3.221
3 65 -26.310 -87.000 3.078 -27.717 -86.414 3.221 -27.866 -86.414 -0.978
3 65 -27.866 -86.414 -0.978 -26.453 -87.000 -0.935 -26.310 -87.000 3.078
3 65 -25.039 -86.414 -0.892 -26.453 -87.000 -0.935 -26.067 -87.000 -4.932
3 65 -26.067 -87.000 -4.932 -24.671 -86.414 -4.704 -25.039 -86.414 -0.892
3 65 -24.454 -85.000 -0.874 -25.039 -86.414 -0.892 -24.671 -86.414 -4.704
3 65 -24.671 -86.414 -4.704 -24.093 -85.000 -4.609 -24.454 -85.000 -0.874
3 65 -25.039 -83.586 -0.892 -24.454 -85.000 -0.874 -24.093 -85.000 -4.609
3 65 -24.093 -85.000 -4.609 -24.671 -83.586 -4.704 -25.039 -83.586 -0.892
3 65 -26.453 -83.000 -0.935 -25.039 -83.586 -0.892 -24.671 -83.586 -4.704
3 65 -24.671 -83.586 -4.704 -26.067 -83.000 -4.932 -26.453 -83.000 -0.935
3 65 -27.866 -83.586 -0.978 -26.453 -83.000 -0.935 -26.067 -83.000 -4.932
3 65 -26.067 -83.000 -4.932 -27.462 -83.586 -5.160 -27.866 -83.586 -0.978
3 65 -28.452 -85.000 -0.996 -27.866 -83.586 -0.978 -27.462 -83.586 -5.160
3 65 -27.462 -83.586 -5.160 -28.041 -85.000 -5.255 -28.452 -85.000 -0.996
3 65 -27.866 -86.414 -0.978 -28.452 -85.000 -0.996 -28.041 -85.000 -5.255
3 65 -28.041 -85.000 -5.255 -27.462 -86.414 -5.160 -27.866 -86.414 -0.978
3 65 -26.453 -87.000 -0.935 -27.866 -86.414 -0.978 -27.462 -86.414 -5.160
3 65 -27.462 -86.414 -5.160 -26.067 -87.000 -4.932 -26.453 -87.000 -0.935
3 65 -24.671 -86.414 -4.704 -26.067 -87.000 -4.932 -25.159 -87.000 -8.844
3 65 -25.159 -87.000 -8.844 -23.806 -86.414 -8.434 -24.671 -86.414 -4.704
3 65 -24.093 -85.000 -4.609 -24.671 -86.414 -4.704 -23.806 -86.414 -8.434
3 65 -23.806 -86.414 -8.434 -23.245 -85.000 -8.264 -24.093 -85.000 -4.609
3 65 -24.671 -83.586 -4.704 -24.093 -85.000 -4.609 -23.245 -85.000 -8.264
3 65 -23.245 -85.000 -8.264 -23.806 -83.586 -8.434 -24.671 -83.586 -4.704
3 65 -26.067 -83.000 -4.932 -24.671 -83.586 -4.704 -23.806 -83.586 -8.434
3 65 -23.806 -83.586 -8.434 -25.159 -83.000 -8.844 -26.067 -83.000 -4.932
3 65 -27.462 -83.586 -5.160 -26.067 -83.000 -4.932 -25.159 -83.000 -8.844
3 65 -25.159 -83.000 -8.844 -26.513 -83.586 -9.253 -27.462 -83.586 -5.160
3 65 -28.041 -85.000 -5.255 -27.462 -83.586 -5.160 -26.513 -83.586 -9.253
3 65 -26.513 -83.586 -9.253 -27.074 -85.000 -9.423 -28.041 -85.000 -5.255
3 65 -27.462 -86.414 -5.160 -28.041 -85.000 -5.255 -27.074 -85.000 -9.423
3 65 -27.074 -85.000 -9.423 -26.513 -86.414 -9.253 -27.462 -86.414 -5.160
3 65 -26.067 -87.000 -4.932 -27.462 -86.414 -5.160 -26.513 -86.414 -9.253
3 65 -26.513 -86.414 -9.253 -25.159 -87.000 -8.844 -26.067 -87.000 -4.932
3 65 -23.806 -86.414 -8.434 -25.159 -87.000 -8.844 -23.746 -87.000 -12.602
3 65 -23.746 -87.000 -12.602 -22.458 -86.414 -12.018 -23.806 -86.414 -8.434
3 65 -23.245 -85.000 -8.264 -23.806 -86.414 -8.434 -22.458 -86.414 -12.018
3 65 -22.458 -86.414 -12.018 -21.924 -85.000 -11.776 -23.245 -85.000 -8.264
3 65 -23.806 -83.586 -8.434 -23.245 -85.000 -8.264 -21.924 -85.000 -11.776
3 65 -21.924 -85.000 -11.776 -22.458 -83.586 -12.018 -23.806 -83.586 -8.434
3 65 -25.159 -83.000 -8.844 -23.806 -83.586 -8.434 -22.458 -83.586 -12.018
3 65 -22.458 -83.586 -12.018 -23.746 -83.000 -12.602 -25.159 -83.000 -8.844
3 65 -26.513 -83.586 -9.253 -25.159 -83.000 -8.844 -23.746 -83.000 -12.602
3 65 -23.746 -83.000 -12.602 -25.034 -83.586 -13.186 -26.513 -83.586 -9.253
3 65 -27.074 -85.000 -9.423 -26.513 -83.586 -9.253 -25.034 -83.586 -13.186
3 65 -25.034 -83.586 -13.186 -25.567 -85.000 -13.428 -27.074 -85.000 -9.423
3 65 -26.513 -86.414 -9.253 -27.074 -85.000 -9.423 -25.567 -85.000 -13.428
3 65 -25.567 -85.000 -13.428 -25.034 -86.414 -13.186 -26.513 -86.414 -9.253
3 65 -25.159 -87.000 -8.844 -26.513 -86.414 -9.253 -25.034 -86.414 -13.186
3 65 -25.034 -86.414 -13.186 -23.746 -87.000 -12.602 -25.159 -87.000 -8.844
3 65 -22.458 -86.414 -12.018 -23.746 -87.000 -12.602 -21.851 -87.000 -16.142
3 65 -21.851 -87.000 -16.142 -20.650 -86.414 -15.394 -22.458 -86.414 -12.018
3 65 -21.924 -85.000 -11.776 -22.458 -86.414 -12.018 -20.650 -86.414 -15.394
3 65 -20.650 -86.414 -15.394 -20.153 -85.000 -15.085 -21.924 -85.000 -11.776
3 65 -22.458 -83.586 -12.018 -21.924 -85.000 -11.776 -20.153 -85.000 -15.085
3 65 -20.153 -85.000 -15.085 -20.650 -83.586 -15.394 -22.458 -83.586 -12.018
3 65 -23.746 -83.000 -12.602 -22.458 -83.586 -12.018 -20.650 -83.586 -15.394
3 65 -20.650 -83.586 -15.394 -21.851 -83.000 -16.142 -23.746 -83.000 -12.602
3 65 -25.034 -83.586 -13.186 -23.746 -83.000 -12.602 -21.851 -83.000 -16.142
3 65 -21.851 -83.000 -16.142 -23.051 -83.586 -16.891 -25.034 -83.586 -13.186
3 65 -25.567 -85.000 -13.428 -25.034 -83.586 -13.186 -23.051 -83.586 -16.891
3 65 -23.051 -83.586 -16.891 -23.548 -85.000 -17.200 -25.567 -85.000 -13.428
3 65 -25.034 -86.414 -13.186 -25.567 -85.000 -13.428 -23.548 -85.000 -17.200
3 65 -23.548 -85.000 -17.200 -23.051 -86.414 -16.891 -25.034 -86.414 -13.186
3 65 -23.746 -87.000 -12.602 -25.034 -86.414 -13.186 -23.051 -86.414 -16.891
3 65 -23.051 -86.414 -16.891 -21.851 -87.000 -16.142 -23.746 -87.000 -12.602
3 65 -20.650 -86.414 -15.394 -21.851 -87.000 -16.142 -19.507 -87.000 -19.403
3 65 -19.507 -87.000 -19.403 -18.415 -86.414 -18.504 -20.650 -86.414 -15.394
3 65 -20.153 -85.000 -15.085 -20.650 -86.414 -15.394 -18.415 -86.414 -18.504
3 65 -18.415 -86.414 -18.504 -17.963 -85.000 -18.131 -20.153 -85.000 -15.085
3 65 -20.650 -83.586 -15.394 -20.153 -85.000 -15.085 -17.963 -85.000 -18.131
3 65 -17.963 -85.000 -18.131 -18.415 -83.586 -18.504 -20.650 -83.586 -15.394
3 65 -21.851 -83.000 -16.142 -20.650 -83.586 -15.394 -18.415 -83.586 -18.504
3 65 -18.415 -83.586 -18.504 -19.507 -83.000 -19.403 -21.851 -83.000 -16.142
3 65 -23.051 -83.586 -16.891 -21.851 -83.000 -16.142 -19.507 -83.000 -19.403
3 65 -19.507 -83.000 -19.403 -20.598 -83.586 -20.302 -23.051 -83.586 -16.891
3 65 -23.548 -85.000 -17.200 -23.051 -83.586 -16.891 -20.598 -83.586 -20.302
3 65 -20.598 -83.586 -20.302 -21.050 -85.000 -20.675 -23.548 -85.000 -17.200
3 65 -23.051 -86.414 -16.891 -23.548 -85.000 -17.200 -21.050 -85.000 -20.675
3 65 -21.050 -85.000 -20.675 -20.598 -86.414 -20.302 -23.051 -86.414 -16.891
3 65 -21.851 -87.000 -16.142 -23.051 -86.414 -16.891 -20.598 -86.414 -20.302
3 65 -20.598 -86.414 -20.302 -19.507 -87.000 -19.403 -21.851 -87.000 -16.142
3 65 -18.415 -86.414 -18.504 -19.507 -87.000 -19.403 -16.755 -87.000 -22.328
3 65 -16.755 -87.000 -22.328 -15.791 -86.414 -21.293 -18.415 -86.414 -18.504
3 65 -17.963 -85.000 -18.131 -18.415 -86.414 -18.504 -15.791 -86.414 -21.293
3 65 -15.791 -86.414 -21.293 -15.392 -85.000 -20.864 -17.963 -85.000 -18.131
3 65 -18.415 -83.586 -18.504 -17.963 -85.000 -18.131 -15.392 -85.000 -20.864
3 65 -15.392 -85.000 -20.864 -15.791 -83.586 -21.293 -18.415 -83.586 -18.504
3 65 -19.507 -83.000 -19.403 -18.415 -83.586 -18.504 -15.791 -83.586 -21.293
3 65 -15.791 -83.586 -21.293 -16.755 -83.000 -22.328 -19.507 -83.000 -19.403
3 65 -20.598 -83.586 -20.302 -19.507 -83.000 -19.403 -16.755 -83.000 -22.328
3 65 -16.755 -83.000 -22.328 -17.719 -83.586 -23.363 -20.598 -83.586 -20.302
3 65 -21.050 -85.000 -20.675 -20.598 -83.586 -20.302 -17.719 -83.586 -23.363
3 65 -17.719 -83.586 -23.363 -18.118 -85.000 -23.791 -21.050 -85.000 -20.675
3 65 -20.598 -86.414 -20.302 -21.050 -85.000 -20.675 -18.118 -85.000 -23.791
3 65 -18.118 -85.000 -23.791 -17.719 -86.414 -23.363 -20.598 -86.414 -20.302
3 65 -19.507 -87.000 -19.403 -20.598 -86.414 -20.302 -17.719 -86.414 -23.363
3 65 -17.719 -86.414 -23.363 -16.755 -87.000 -22.328 -19.507 -87.000 -19.403
3 65 -15.791 -86.414 -21.293 -16.755 -87.000 -22.328 -13.643 -87.000 -24.865
3 65 -13.643 -87.000 -24.865 -12.823 -86.414 -23.713 -15.791 -86.414 -21.293
3 65 -15.392 -85.000 -20.864 -15.791 -86.414 -21.293 -12.823 -86.414 -23.713
3 65 -12.823 -86.414 -23.713 -12.484 -85.000 -23.236 -15.392 -85.000 -20.864
3 65 -15.791 -83.586 -21.293 -15.392 -85.000 -20.864 -12.484 -85.000 -23.236
3 65 -12.484 -85.000 -23.236 -12.823 -83.586 -23.713 -15.791 -83.586 -21.293
3 65 -16.755 -83.000 -22.328 -15.791 -83.586 -21.293 -12.823 -83.586 -23.713
3 65 -12.823 -83.586 -23.713 -13.643 -83.000 -24.865 -16.755 -83.000 -22.328
3 65 -17.719 -83.586 -23.363 -16.755 -83.000 -22.328 -13.643 -83.000 -24.865
3 65 -13.643 -83.000 -24.865 -14.463 -83.586 -26.018 -17.719 -83.586 -23.363
3 65 -18.118 -85.000 -23.791 -17.719 -83.586 -23.363 -14.463 -83.586 -26.018
3 65 -14.463 -83.586 -26.018 -14.802 -85.000 -26.495 -18.118 -85.000 -23.791
3 65 -17.719 -86.414 -23.363 -18.118 -85.000 -23.791 -14.802 -85.000 -26.495
3 65 -14.802 -85.000 -26.495 -14.463 -86.414 -26.018 -17.719 -86.414 -23.363
3 65 -16.755 -87.000 -22.328 -17.719 -86.414 -23.363 -14.463 -86.414 -26.018
3 65 -14.463 -86.414 -26.018 -13.643 -87.000 -24.865 -16.755 -87.000 -22.328
3 65 -12.823 -86.414 -23.713 -13.643 -87.000 -24.865 -10.224 -87.000 -26.972
3 65 -10.224 -87.000 -26.972 -9.563 -86.414 -25.722 -12.823 -86.414 -23.713
3 65 -12.484 -85.000 -23.236 -12.823 -86.414 -23.713 -9.563 -86.414 -25.722
3 65 -9.563 -86.414 -25.722 -9.289 -85.000 -25.204 -12.484 -85.000 -23.236
3 65 -12.823 -83.586 -23.713 -12.484 -85.000 -23.236 -9.289 -85.000 -25.204
3 65 -9.289 -85.000 -25.204 -9.563 -83.586 -25.722 -12.823 -83.586 -23.713
3 65 -13.643 -83.000 -24.865 -12.823 -83.586 -23.713 -9.563 -83.586 -25.722
3 65 -9.563 -83.586 -25.722 -10.224 -83.000 -26.972 -13.643 -83.000 -24.865
3 65 -14.463 -83.586 -26.018 -13.643 -83.000 -24.865 -10.224 -83.000 -26.972
3 65 -10.224 -83.000 -26.972 -10.885 -83.586 -28.222 -14.463 -83.586 -26.018
3 65 -14.802 -85.000 -26.495 -14.463 -83.586 -26.018 -10.885 -83.586 -28.222
3 65 -10.885 -83.586 -28.222 -11.159 -85.000 -28.740 -14.802 -85.000 -26.495
3 65 -14.463 -86.414 -26.018 -14.802 -85.000 -26.495 -11.159 -85.000 -28.740
3 65 -11.159 -85.000 -28.740 -10.885 -86.414 -28.222 -14.463 -86.414 -26.018
3 65 -13.643 -87.000 -24.865 -14.463 -86.414 -26.018 -10.885 -86.414 -28.222
3 65 -10.885 -86.414 -28.222 -10.224 -87.000 -26.972 -13.643 -87.000 -24.865
3 65 -9.563 -86.414 -25.722 -10.224 -87.000 -26.972 -6.558 -87.000 -28.612
3 65 -6.558 -87.000 -28.612 -6.067 -86.414 -27.286 -9.563 -86.414 -25.722
3 65 -9.289 -85.000 -25.204 -9.563 -86.414 -25.722 -6.067 -86.414 -27.286
3 65 -6.067 -86.414 -27.286 -5.864 -85.000 -26.736 -9.289 -85.000 -25.204
3 65 -9.563 -83.586 -25.722 -9.289 -85.000 -25.204 -5.864 -85.000 -26.736
3 65 -5.864 -85.000 -26.736 -6.067 -83.586 -27.286 -9.563 -83.586 -25.722
3 65 -10.224 -83.000 -26.972 -9.563 -83.586 -25.722 -6.067 -83.586 -27.286
3 65 -6.067 -83.586 -27.286 -6.558 -83.000 -28.612 -10.224 -83.000 -26.972
3 65 -10.885 -83.586 -28.222 -10.224 -83.000 -26.972 -6.558 -83.000 -28.612
3 65 -6.558 -83.000 -28.612 -7.050 -83.586 -29.938 -10.885 -83.586 -28.222
3 65 -11.159 -85.000 -28.740 -10.885 -83.586 -28.222 -7.050 -83.586 -29.938
3 65 -7.050 -83.586 -29.938 -7.253 -85.000 -30.487 -11.159 -85.000 -28.740
3 65 -10.885 -86.414 -28.222 -11.159 -85.000 -28.740 -7.253 -85.000 -30.487
3 65 -7.253 -85.000 -30.487 -7.050 -86.414 -29.938 -10.885 -86.414 -28.222
3 65 -10.224 -87.000 -26.972 -10.885 -86.414 -28.222 -7.050 -86.414 -29.938
3 65 -7.050 -86.414 -29.938 -6.558 -87.000 -28.612 -10.224 -87.000 -26.972
3 65 -6.067 -86.414 -27.286 -6.558 -87.000 -28.612 -2.709 -87.000 -29.756
3 65 -2.709 -87.000 -29.756 -2.396 -86.414 -28.376 -6.067 -86.414 -27.286
3 65 -5.864 -85.000 -26.736 -6.067 -86.414 -27.286 -2.396 -86.414 -28.376
3 65 -2.396 -86.414 -28.376 -2.267 -85.000 -27.805 -5.864 -85.000 -26.736
3 65 -6.067 -83.586 -27.286 -5.864 -85.000 -26.736 -2.267 -85.000 -27.805
3 65 -2.267 -85.000 -27.805 -2.396 -83.586 -28.376 -6.067 -83.586 -27.286
3 65 -6.558 -83.000 -28.612 -6.067 -83.586 -27.286 -2.396 -83.586 -28.376
3 65 -2.396 -83.586 -28.376 -2.709 -83.000 -29.756 -6.558 -83.000 -28.612
3 65 -7.050 -83.586 -29.938 -6.558 -83.000 -28.612 -2.709 -83.000 -29.756
3 65 -2.709 -83.000 -29.756 -3.022 -83.586 -31.135 -7.050 -83.586 -29.938
3 65 -7.253 -85.000 -30.487 -7.050 -83.586 -29.938 -3.022 -83.586 -31.135
3 65 -3.022 -83.586 -31.135 -3.151 -85.000 -31.706 -7.253 -85.000 -30.487
3 65 -7.050 -86.414 -29.938 -7.253 -85.000 -30.487 -3.151 -85.000 -31.706
3 65 -3.151 -85.000 -31.706 -3.022 -86.414 -31.135 -7.050 -86.414 -29.938
3 65 -6.558 -87.000 -28.612 -7.050 -86.414 -29.938 -3.022 -86.414 -31.135
3 65 -3.022 -86.414 -31.135 -2.709 -87.000 -29.756 -6.558 -87.000 -28.612
3 65 -2.396 -86.414 -28.376 -2.709 -87.000 -29.756 1.257 -87.000 -30.384
3 65 1.257 -87.000 -30.384 1.386 -86.414 -28.975 -2.396 -86.414 -28.376
3 65 -2.267 -85.000 -27.805 -2.396 -86.414 -28.376 1.386 -86.414 -28.975
3 65 1.386 -86.414 -28.975 1.439 -85.000 -28.392 -2.267 -85.000 -27.805
3 65 -2.396 -83.586 -28.376 -2.267 -85.000 -27.805 1.439 -85.000 -28.392
3 65 1.439 -85.000 -28.392 1.386 -83.586 -28.975 -2.396 -83.586 -28.376
3 65 -2.709 -83.000 -29.756 -2.396 -83.586 -28.376 1.386 -83.586 -28.975
3 65 1.386 -83.586 -28.975 1.257 -83.000 -30.384 -2.709 -83.000 -29.756
3 65 -3.022 -83.586 -31.135 -2.709 -83.000 -29.756 1.257 -83.000 -30.384
3 65 1.257 -83.000 -30.384 1.129 -83.586 -31.792 -3.022 -83.586 -31.135
3 65 -3.151 -85.000 -31.706 -3.022 -83.586 -31.135 1.129 -83.586 -31.792
3 65 1.129 -83.586 -31.792 1.075 -85.000 -32.376 -3.151 -85.000 -31.706
3 65 -3.022 -86.414 -31.135 -3.151 -85.000 -31.706 1.075 -85.000 -32.376
3 65 1.075 -85.000 -32.376 1.129 -86.414 -31.792 -3.022 -86.414 -31.135
3 65 -2.709 -87.000 -29.756 -3.022 -86.414 -31.135 1.129 -86.414 -31.792
3 65 1.129 -86.414 -31.792 1.257 -87.000 -30.384 -2.709 -87.000 -29.756
3 65 1.386 -86.414 -28.975 1.257 -87.000 -30.384 5.272 -87.000 -30.486
3 65 5.272 -87.000 -30.486 5.215 -86.414 -29.072 1.386 -86.414 -28.975
3 65 1.439 -85.000 -28.392 1.386 -86.414 -28.975 5.215 -86.414 -29.072
3 65 5.215 -86.414 -29.072 5.191 -85.000 -28.487 1.439 -85.000 -28.392
3 65 1.386 -83.586 -28.975 1.439 -85.000 -28.392 5.191 -85.000 -28.487
3 65 5.191 -85.000 -28.487 5.215 -83.586 -29.072 1.386 -83.586 -28.975
3 65 1.257 -83.000 -30.384 1.386 -83.586 -28.975 5.215 -83.586 -29.072
3 65 5.215 -83.586 -29.072 5.272 -83.000 -30.486 1.257 -83.000 -30.384
3 65 1.129 -83.586 -31.792 1.257 -83.000 -30.384 5.272 -83.000 -30.486
3 65 5.272 -83.000 -30.486 5.329 -83.586 -31.899 1.129 -83.586 -31.792
3 65 1.075 -85.000 -32.376 1.129 -83.586 -31.792 5.329 -83.586 -31.899
3 65 5.329 -83.586 -31.899 5.353 -85.000 -32.484 1.075 -85.000 -32.376
3 65 1.129 -86.414 -31.792 1.075 -85.000 -32.376 5.353 -85.000 -32.484
3 65 5.353 -85.000 -32.484 5.329 -86.414 -31.899 1.129 -86.414 -31.792
3 65 1.257 -87.000 -30.384 1.129 -86.414 -31.792 5.329 -86.414 -31.899
3 65 5.329 -86.414 -31.899 5.272 -87.000 -30.486 1.257 -87.000 -30.384
3 65 5.215 -86.414 -29.072 5.272 -87.000 -30.486 9.265 -87.000 -30.059
3 65 9.265 -87.000 -30.059 9.029 -86.414 -28.665 5.215 -86.414 -29.072
3 65 5.191 -85.000 -28.487 5.215 -86.414 -29.072 9.029 -86.414 -28.665
3 65 9.029 -86.414 -28.665 8.931 -85.000 -28.087 5.191 -85.000 -28.487
3 65 5.215 -83.586 -29.072 5.191 -85.000 -28.487 8.931 -85.000 -28.087
3 65 8.931 -85.000 -28.087 9.029 -83.586 -28.665 5.215 -83.586 -29.072
3 65 5.272 -83.000 -30.486 5.215 -83.586 -29.072 9.029 -83.586 -28.665
3 65 9.029 -83.586 -28.665 9.265 -83.000 -30.059 5.272 -83.000 -30.486
3 65 5.329 -83.586 -31.899 5.272 -83.000 -30.486 9.265 -83.000 -30.059
3 65 9.265 -83.000 -30.059 9.501 -83.586 -31.453 5.329 -83.586 -31.899
3 65 5.353 -85.000 -32.484 5.329 -83.586 -31.899 9.501 -83.586 -31.453
3 65 9.501 -83.586 -31.453 9.599 -85.000 -32.031 5.353 -85.000 -32.484
3 65 5.329 -86.414 -31.899 5.353 -85.000 -32.484 9.599 -85.000 -32.031
3 65 9.599 -85.000 -32.031 9.501 -86.414 -31.453 5.329 -86.414 -31.899
3 65 5.272 -87.000 -30.486 5.329 -86.414 -31.899 9.501 -86.414 -31.453
3 65 9.501 -86.414 -31.453 9.265 -87.000 -30.059 5.272 -87.000 -30.486
3 65 9.029 -86.414 -28.665 9.265 -87.000 -30.059 13.177 -87.000 -29.146
3 65 13.177 -87.000 -29.146 12.840 -86.414 -27.773 9.029 -86.414 -28.665
3 65 8.931 -85.000 -28.087 9.029 -86.414 -28.665 12.840 -86.414 -27.773
3 65 12.840 -86.414 -27.773 12.700 -85.000 -27.204 8.931 -85.000 -28.087
3 65 9.029 -83.586 -28.665 8.931 -85.000 -28.087 12.700 -85.000 -27.204
3 65 12.700 -85.000 -27.204 12.840 -83.586 -27.773 9.029 -83.586 -28.665
3 65 9.265 -83.000 -30.059 9.029 -83.586 -28.665 12.840 -83.586 -27.773
3 65 12.840 -83.586 -27.773 13.177 -83.000 -29.146 9.265 -83.000 -30.059
3 65 9.501 -83.586 -31.453 9.265 -83.000 -30.059 13.177 -83.000 -29.146
3 65 13.177 -83.000 -29.146 13.515 -83.586 -30.520 9.501 -83.586 -31.453
3 65 9.599 -85.000 -32.031 9.501 -83.586 -31.453 13.515 -83.586 -30.520
3 65 13.515 -83.586 -30.520 13.655 -85.000 -31.089 9.599 -85.000 -32.031
3 65 9.501 -86.414 -31.453 9.599 -85.000 -32.031 13.655 -85.000 -31.089
3 65 13.655 -85.000 -31.089 13.515 -86.414 -30.520 9.501 -86.414 -31.453
3 65 9.265 -87.000 -30.059 9.501 -86.414 -31.453 13.515 -86.414 -30.520
3 65 13.515 -86.414 -30.520 13.177 -87.000 -29.146 9.265 -87.000 -30.059
3 65 12.840 -86.414 -27.773 13.177 -87.000 -29.146 20.958 -87.000 -27.134
3 65 20.958 -87.000 -27.134 20.603 -86.414 -25.765 12.840 -86.414 -27.773
3 65 12.700 -85.000 -27.204 12.840 -86.414 -27.773 20.603 -86.414 -25.765
3 65 20.603 -86.414 -25.765 20.457 -85.000 -25.198 12.700 -85.000 -27.204
3 65 12.840 -83.586 -27.773 12.700 -85.000 -27.204 20.457 -85.000 -25.198
3 65 20.457 -85.000 -25.198 20.603 -83.586 -25.765 12.840 -83.586 -27.773
3 65 13.177 -83.000 -29.146 12.840 -83.586 -27.773 20.603 -83.586 -25.765
3 65 20.603 -83.586 -25.765 20.958 -83.000 -27.134 13.177 -83.000 -29.146
3 65 13.515 -83.586 -30.520 13.177 -83.000 -29.146 20.958 -83.000 -27.134
3 65 20.958 -83.000 -27.134 21.312 -83.586 -28.503 13.515 -83.586 -30.520
3 65 13.655 -85.000 -31.089 13.515 -83.586 -30.520 21.312 -83.586 -28.503
3 65 21.312 -83.586 -28.503 21.458 -85.000 -29.070 13.655 -85.000 -31.089
3 65 13.515 -86.414 -30.520 13.655 -85.000 -31.089 21.458 -85.000 -29.070
3 65 21.458 -85.000 -29.070 21.312 -86.414 -28.503 13.515 -86.414 -30.520
3 65 13.177 -87.000 -29.146 13.515 -86.414 -30.520 21.312 -86.414 -28.503
3 65 21.312 -86.414 -28.503 20.958 -87.000 -27.134 13.177 -87.000 -29.146
3 65 20.603 -86.414 -25.765 20.958 -87.000 -27.134 59.375 -87.000 -17.197
3 65 59.375 -87.000 -17.197 59.021 -86.414 -15.828 20.603 -86.414 -25.765
3 65 20.457 -85.000 -25.198 20.603 -86.414 -25.765 59.021 -86.414 -15.828
3 65 59.021 -86.414 -15.828 58.874 -85.000 -15.261 20.457 -85.000 -25.198
3 65 20.603 -83.586 -25.765 20.457 -85.000 -25.198 58.874 -85.000 -15.261
3 65 58.874 -85.000 -15.261 59.021 -83.586 -15.828 20.603 -83.586 -25.765
3 65 20.958 -83.000 -27.134 20.603 -83.586 -25.765 59.021 -83.586 -15.828
3 65 59.021 -83.586 -15.828 59.375 -83.000 -17.197 20.958 -83.000 -27.134
3 65 21.312 -83.586 -28.503 20.958 -83.000 -27.134 59.375 -83.000 -17.197
3 65 59.375 -83.000 -17.197 59.729 -83.586 -18.567 21.312 -83.586 -28.503
3 65 21.458 -85.000 -29.070 21.312 -83.586 -28.503 59.729 -83.586 -18.567
3 65 59.729 -83.586 -18.567 59.876 -85.000 -19.134 21.458 -85.000 -29.070
3 65 21.312 -86.414 -28.503 21.458 -85.000 -29.070 59.876 -85.000 -19.134
3 65 59.876 -85.000 -19.134 59.729 -86.414 -18.567 21.312 -86.414 -28.503
3 65 20.958 -87.000 -27.134 21.312 -86.414 -28.503 59.729 -86.414 -18.567
3 65 59.729 -86.414 -18.567 59.375 -87.000 -17.197 20.958 -87.000 -27.134
3 65 59.021 -86.414 -15.828 59.375 -87.000 -17.197 82.716 -87.000 -11.160
3 65 82.716 -87.000 -11.160 82.323 -86.414 -9.802 59.021 -86.414 -15.828
3 65 58.874 -85.000 -15.261 59.021 -86.414 -15.828 82.323 -86.414 -9.802
3 65 82.323 -86.414 -9.802 82.160 -85.000 -9.239 58.874 -85.000 -15.261
3 65 59.021 -83.586 -15.828 58.874 -85.000 -15.261 82.160 -85.000 -9.239
3 65 82.160 -85.000 -9.239 82.323 -83.586 -9.802 59.021 -83.586 -15.828
3 65 59.375 -83.000 -17.197 59.021 -83.586 -15.828 82.323 -83.586 -9.802
3 65 82.323 -83.586 -9.802 82.716 -83.000 -11.160 59.375 -83.000 -17.197
3 65 59.729 -83.586 -18.567 59.375 -83.000 -17.197 82.716 -83.000 -11.160
3 65 82.716 -83.000 -11.160 83.110 -83.586 -12.519 59.729 -83.586 -18.567
3 65 59.876 -85.000 -19.134 59.729 -83.586 -18.567 83.110 -83.586 -12.519
3 65 83.110 -83.586 -12.519 83.273 -85.000 -13.081 59.876 -85.000 -19.134
3 65 59.729 -86.414 -18.567 59.876 -85.000 -19.134 83.273 -85.000 -13.081
3 65 83.273 -85.000 -13.081 83.110 -86.414 -12.519 59.729 -86.414 -18.567
3 65 59.375 -87.000 -17.197 59.729 -86.414 -18.567 83.110 -86.414 -12.519
3 65 83.110 -86.414 -12.519 82.716 -87.000 -11.160 59.375 -87.000 -17.197
3 65 82.323 -86.414 -9.802 82.716 -87.000 -11.160 86.532 -87.000 -9.934
3 65 86.532 -87.000 -9.934 85.867 -86.414 -8.686 82.323 -86.414 -9.802
3 65 82.160 -85.000 -9.239 82.323 -86.414 -9.802 85.867 -86.414 -8.686
3 65 85.867 -86.414 -8.686 85.592 -85.000 -8.169 82.160 -85.000 -9.239
3 65 82.323 -83.586 -9.802 82.160 -85.000 -9.239 85.592 -85.000 -8.169
3 65 85.592 -85.000 -8.169 85.867 -83.586 -8.686 82.323 -83.586 -9.802
3 65 82.716 -83.000 -11.160 82.323 -83.586 -9.802 85.867 -83.586 -8.686
3 65 85.867 -83.586 -8.686 86.532 -83.000 -9.934 82.716 -83.000 -11.160
3 65 83.110 -83.586 -12.519 82.716 -83.000 -11.160 86.532 -83.000 -9.934
3 65 86.532 -83.000 -9.934 87.197 -83.586 -11.182 83.110 -83.586 -12.519
3 65 83.273 -85.000 -13.081 83.110 -83.586 -12.519 87.197 -83.586 -11.182
3 65 87.197 -83.586 -11.182 87.472 -85.000 -11.699 83.273 -85.000 -13.081
3 65 83.110 -86.414 -12.519 83.273 -85.000 -13.081 87.472 -85.000 -11.699
3 65 87.472 -85.000 -11.699 87.197 -86.414 -11.182 83.110 -86.414 -12.519
3 65 82.716 -87.000 -11.160 83.110 -86.414 -12.519 87.197 -86.414 -11.182
3 65 87.197 -86.414 -11.182 86.532 -87.000 -9.934 82.716 -87.000 -11.160
3 65 85.867 -86.414 -8.686 86.532 -87.000 -9.934 89.665 -87.000 -7.463
3 65 89.665 -87.000 -7.463 88.585 -86.414 -6.549 85.867 -86.414 -8.686
3 65 85.592 -85.000 -8.169 85.867 -86.414 -8.686 88.585 -86.414 -6.549
3 65 88.585 -86.414 -6.549 88.138 -85.000 -6.171 85.592 -85.000 -8.169
3 65 85.867 -83.586 -8.686 85.592 -85.000 -8.169 88.138 -85.000 -6.171
3 65 88.138 -85.000 -6.171 88.585 -83.586 -6.549 85.867 -83.586 -8.686
3 65 86.532 -83.000 -9.934 85.867 -83.586 -8.686 88.585 -83.586 -6.549
3 65 88.585 -83.586 -6.549 89.665 -83.000 -7.463 86.532 -83.000 -9.934
3 65 87.197 -83.586 -11.182 86.532 -83.000 -9.934 89.665 -83.000 -7.463
3 65 89.665 -83.000 -7.463 90.745 -83.586 -8.376 87.197 -83.586 -11.182
3 65 87.472 -85.000 -11.699 87.197 -83.586 -11.182 90.745 -83.586 -8.376
3 65 90.745 -83.586 -8.376 91.192 -85.000 -8.754 87.472 -85.000 -11.699
3 65 87.197 -86.414 -11.182 87.472 -85.000 -11.699 91.192 -85.000 -8.754
3 65 91.192 -85.000 -8.754 90.745 -86.414 -8.376 87.197 -86.414 -11.182
3 65 86.532 -87.000 -9.934 87.197 -86.414 -11.182 90.745 -86.414 -8.376
3 65 90.745 -86.414 -8.376 89.665 -87.000 -7.463 86.532 -87.000 -9.934
3 65 88.585 -86.414 -6.549 89.665 -87.000 -7.463 91.583 -87.000 -3.963
3 65 91.583 -87.000 -3.963 90.232 -86.414 -3.545 88.585 -86.414 -6.549
3 65 88.138 -85.000 -6.171 88.585 -86.414 -6.549 90.232 -86.414 -3.545
3 65 90.232 -86.414 -3.545 89.672 -85.000 -3.372 88.138 -85.000 -6.171
3 65 88.585 -83.586 -6.549 88.138 -85.000 -6.171 89.672 -85.000 -3.372
3 65 89.672 -85.000 -3.372 90.232 -83.586 -3.545 88.585 -83.586 -6.549
3 65 89.665 -83.000 -7.463 88.585 -83.586 -6.549 90.232 -83.586 -3.545
3 65 90.232 -83.586 -3.545 91.583 -83.000 -3.963 89.665 -83.000 -7.463
3 65 90.745 -83.586 -8.376 89.665 -83.000 -7.463 91.583 -83.000 -3.963
3 65 91.583 -83.000 -3.963 92.934 -83.586 -4.381 90.745 -83.586 -8.376
3 65 91.192 -85.000 -8.754 90.745 -83.586 -8.376 92.934 -83.586 -4.381
3 65 92.934 -83.586 -4.381 93.493 -85.000 -4.555 91.192 -85.000 -8.754
3 65 90.745 -86.414 -8.376 91.192 -85.000 -8.754 93.493 -85.000 -4.555
3 65 93.493 -85.000 -4.555 92.934 -86.414 -4.381 90.745 -86.414 -8.376
3 65 89.665 -87.000 -7.463 90.745 -86.414 -8.376 92.934 -86.414 -4.381
3 65 92.934 -86.414 -4.381 91.583 -87.000 -3.963 89.665 -87.000 -7.463
3 65 90.232 -86.414 -3.545 91.583 -87.000 -3.963 91.977 -87.000 0.008
3 65 91.977 -87.000 0.008 90.570 -86.414 -0.136 90.232 -86.414 -3.545
3 65 89.672 -85.000 -3.372 90.232 -86.414 -3.545 90.570 -86.414 -0.136
3 65 90.570 -86.414 -0.136 89.988 -85.000 -0.196 89.672 -85.000 -3.372
3 65 90.232 -83.586 -3.545 89.672 -85.000 -3.372 89.988 -85.000 -0.196
3 65 89.988 -85.000 -0.196 90.570 -83.586 -0.136 90.232 -83.586 -3.545
3 65 91.583 -83.000 -3.963 90.232 -83.586 -3.545 90.570 -83.586 -0.136
3 65 90.570 -83.586 -0.136 91.977 -83.000 0.008 91.583 -83.000 -3.963
3 65 92.934 -83.586 -4.381 91.583 -83.000 -3.963 91.977 -83.000 0.008
3 65 91.977 -83.000 0.008 93.384 -83.586 0.152 92.934 -83.586 -4.381
3 65 93.493 -85.000 -4.555 92.934 -83.586 -4.381 93.384 -83.586 0.152
3 65 93.384 -83.586 0.152 93.967 -85.000 0.211 93.493 -85.000 -4.555
3 65 92.934 -86.414 -4.381 93.493 -85.000 -4.555 93.967 -85.000 0.211
3 65 93.967 -85.000 0.211 93.384 -86.414 0.152 92.934 -86.414 -4.381
3 65 91.583 -87.000 -3.963 92.934 -86.414 -4.381 93.384 -86.414 0.152
3 65 93.384 -86.414 0.152 91.977 -87.000 0.008 91.583 -87.000 -3.963
3 65 90.570 -86.414 -0.136 91.977 -87.000 0.008 90.787 -87.000 3.817
3 65 90.787 -87.000 3.817 89.549 -86.414 3.134 90.570 -86.414 -0.136
3 65 89.988 -85.000 -0.196 90.570 -86.414 -0.136 89.549 -86.414 3.134
3 65 89.549 -86.414 3.134 89.036 -85.000 2.851 89.988 -85.000 -0.196
3 65 90.570 -83.586 -0.136 89.988 -85.000 -0.196 89.036 -85.000 2.851
3 65 89.036 -85.000 2.851 89.549 -83.586 3.134 90.570 -83.586 -0.136
3 65 91.977 -83.000 0.008 90.570 -83.586 -0.136 89.549 -83.586 3.134
3 65 89.549 -83.586 3.134 90.787 -83.000 3.817 91.977 -83.000 0.008
3 65 93.384 -83.586 0.152 91.977 -83.000 0.008 90.787 -83.000 3.817
3 65 90.787 -83.000 3.817 92.026 -83.586 4.499 93.384 -83.586 0.152
3 65 93.967 -85.000 0.211 93.384 -83.586 0.152 92.026 -83.586 4.499
3 65 92.026 -83.586 4.499 92.539 -85.000 4.782 93.967 -85.000 0.211
3 65 93.384 -86.414 0.152 93.967 -85.000 0.211 92.539 -85.000 4.782
3 65 92.539 -85.000 4.782 92.026 -86.414 4.499 93.384 -86.414 0.152
3 65 91.977 -87.000 0.008 93.384 -86.414 0.152 92.026 -86.414 4.499
3 65 92.026 -86.414 4.499 90.787 -87.000 3.817 91.977 -87.000 0.008
3 65 89.549 -86.414 3.134 90.787 -87.000 3.817 88.202 -87.000 6.856
3 65 88.202 -87.000 6.856 87.324 -86.414 5.747 89.549 -86.414 3.134
3 65 89.036 -85.000 2.851 89.549 -86.414 3.134 87.324 -86.414 5.747
3 65 87.324 -86.414 5.747 86.961 -85.000 5.288 89.036 -85.000 2.851
3 65 89.549 -83.586 3.134 89.036 -85.000 2.851 86.961 -85.000 5.288
3 65 86.961 -85.000 5.288 87.324 -83.586 5.747 89.549 -83.586 3.134
3 65 90.787 -83.000 3.817 89.549 -83.586 3.134 87.324 -83.586 5.747
3 65 87.324 -83.586 5.747 88.202 -83.000 6.856 90.787 -83.000 3.817
3 65 92.026 -83.586 4.499 90.787 -83.000 3.817 88.202 -83.000 6.856
3 65 88.202 -83.000 6.856 89.080 -83.586 7.965 92.026 -83.586 4.499
3 65 92.539 -85.000 4.782 92.026 -83.586 4.499 89.080 -83.586 7.965
3 65 89.080 -83.586 7.965 89.444 -85.000 8.424 92.539 -85.000 4.782
3 65 92.026 -86.414 4.499 92.539 -85.000 4.782 89.444 -85.000 8.424
3 65 89.444 -85.000 8.424 89.080 -86.414 7.965 92.026 -86.414 4.499
3 65 90.787 -87.000 3.817 92.026 -86.414 4.499 89.080 -86.414 7.965
3 65 89.080 -86.414 7.965 88.202 -87.000 6.856 90.787 -87.000 3.817
3 65 87.324 -86.414 5.747 88.202 -87.000 6.856 84.785 -87.000 8.606
3 65 84.785 -87.000 8.606 84.395 -86.414 7.246 87.324 -86.414 5.747
3 65 86.961 -85.000 5.288 87.324 -86.414 5.747 84.395 -86.414 7.246
3 65 84.395 -86.414 7.246 84.234 -85.000 6.683 86.961 -85.000 5.288
3 65 87.324 -83.586 5.747 86.961 -85.000 5.288 84.234 -85.000 6.683
3 65 84.234 -85.000 6.683 84.395 -83.586 7.246 87.324 -83.586 5.747
3 65 88.202 -83.000 6.856 87.324 -83.586 5.747 84.395 -83.586 7.246
3 65 84.395 -83.586 7.246 84.785 -83.000 8.606 88.202 -83.000 6.856
3 65 89.080 -83.586 7.965 88.202 -83.000 6.856 84.785 -83.000 8.606
3 65 84.785 -83.000 8.606 85.174 -83.586 9.966 89.080 -83.586 7.965
3 65 89.444 -85.000 8.424 89.080 -83.586 7.965 85.174 -83.586 9.966
3 65 85.174 -83.586 9.966 85.335 -85.000 10.529 89.444 -85.000 8.424
3 65 89.080 -86.414 7.965 89.444 -85.000 8.424 85.335 -85.000 10.529
3 65 85.335 -85.000 10.529 85.174 -86.414 9.966 89.080 -86.414 7.965
3 65 88.202 -87.000 6.856 89.080 -86.414 7.965 85.174 -86.414 9.966
3 65 85.174 -86.414 9.966 84.785 -87.000 8.606 88.202 -87.000 6.856
