0 FILE xpj0023.dat
0 xpj0023
0 Name:  Untitled_6
0 Author:  
0 BL_Item_No xpj0023.dat
0 BFC CERTIFY CCW
3 14 -29.586 0.000 -43.586 -31.000 0.000 -43.000 -30.740 -4.002 -43.000
3 14 -30.740 -4.002 -43.000 -29.337 -3.819 -43.586 -29.586 0.000 -43.586
3 14 -29.000 0.000 -45.000 -29.586 0.000 -43.586 -29.337 -3.819 -43.586
3 14 -29.337 -3.819 -43.586 -28.757 -3.744 -45.000 -29.000 0.000 -45.000
3 14 -29.586 0.000 -46.414 -29.000 0.000 -45.000 -28.757 -3.744 -45.000
3 14 -28.757 -3.744 -45.000 -29.337 -3.819 -46.414 -29.586 0.000 -46.414
3 14 -31.000 0.000 -47.000 -29.586 0.000 -46.414 -29.337 -3.819 -46.414
3 14 -29.337 -3.819 -46.414 -30.740 -4.002 -47.000 -31.000 0.000 -47.000
3 14 -32.414 0.000 -46.414 -31.000 0.000 -47.000 -30.740 -4.002 -47.000
3 14 -30.740 -4.002 -47.000 -32.142 -4.185 -46.414 -32.414 0.000 -46.414
3 14 -33.000 0.000 -45.000 -32.414 0.000 -46.414 -32.142 -4.185 -46.414
3 14 -32.142 -4.185 -46.414 -32.723 -4.261 -45.000 -33.000 0.000 -45.000
3 14 -32.414 0.000 -43.586 -33.000 0.000 -45.000 -32.723 -4.261 -45.000
3 14 -32.723 -4.261 -45.000 -32.142 -4.185 -43.586 -32.414 0.000 -43.586
3 14 -31.000 0.000 -43.000 -32.414 0.000 -43.586 -32.142 -4.185 -43.586
3 14 -32.142 -4.185 -43.586 -30.740 -4.002 -43.000 -31.000 0.000 -43.000
3 14 -29.337 -3.819 -43.586 -30.740 -4.002 -43.000 -29.965 -7.937 -43.000
3 14 -29.965 -7.937 -43.000 -28.598 -7.575 -43.586 -29.337 -3.819 -43.586
3 14 -28.757 -3.744 -45.000 -29.337 -3.819 -43.586 -28.598 -7.575 -43.586
3 14 -28.598 -7.575 -43.586 -28.032 -7.425 -45.000 -28.757 -3.744 -45.000
3 14 -29.337 -3.819 -46.414 -28.757 -3.744 -45.000 -28.032 -7.425 -45.000
3 14 -28.032 -7.425 -45.000 -28.598 -7.575 -46.414 -29.337 -3.819 -46.414
3 14 -30.740 -4.002 -47.000 -29.337 -3.819 -46.414 -28.598 -7.575 -46.414
3 14 -28.598 -7.575 -46.414 -29.965 -7.937 -47.000 -30.740 -4.002 -47.000
3 14 -32.142 -4.185 -46.414 -30.740 -4.002 -47.000 -29.965 -7.937 -47.000
3 14 -29.965 -7.937 -47.000 -31.332 -8.300 -46.414 -32.142 -4.185 -46.414
3 14 -32.723 -4.261 -45.000 -32.142 -4.185 -46.414 -31.332 -8.300 -46.414
3 14 -31.332 -8.300 -46.414 -31.898 -8.450 -45.000 -32.723 -4.261 -45.000
3 14 -32.142 -4.185 -43.586 -32.723 -4.261 -45.000 -31.898 -8.450 -45.000
3 14 -31.898 -8.450 -45.000 -31.332 -8.300 -43.586 -32.142 -4.185 -43.586
3 14 -30.740 -4.002 -43.000 -32.142 -4.185 -43.586 -31.332 -8.300 -43.586
3 14 -31.332 -8.300 -43.586 -29.965 -7.937 -43.000 -30.740 -4.002 -43.000
3 14 -28.598 -7.575 -43.586 -29.965 -7.937 -43.000 -28.688 -11.739 -43.000
3 14 -28.688 -11.739 -43.000 -27.380 -11.204 -43.586 -28.598 -7.575 -43.586
3 14 -28.032 -7.425 -45.000 -28.598 -7.575 -43.586 -27.380 -11.204 -43.586
3 14 -27.380 -11.204 -43.586 -26.837 -10.982 -45.000 -28.032 -7.425 -45.000
3 14 -28.598 -7.575 -46.414 -28.032 -7.425 -45.000 -26.837 -10.982 -45.000
3 14 -26.837 -10.982 -45.000 -27.380 -11.204 -46.414 -28.598 -7.575 -46.414
3 14 -29.965 -7.937 -47.000 -28.598 -7.575 -46.414 -27.380 -11.204 -46.414
3 14 -27.380 -11.204 -46.414 -28.688 -11.739 -47.000 -29.965 -7.937 -47.000
3 14 -31.332 -8.300 -46.414 -29.965 -7.937 -47.000 -28.688 -11.739 -47.000
3 14 -28.688 -11.739 -47.000 -29.997 -12.275 -46.414 -31.332 -8.300 -46.414
3 14 -31.898 -8.450 -45.000 -31.332 -8.300 -46.414 -29.997 -12.275 -46.414
3 14 -29.997 -12.275 -46.414 -30.540 -12.497 -45.000 -31.898 -8.450 -45.000
3 14 -31.332 -8.300 -43.586 -31.898 -8.450 -45.000 -30.540 -12.497 -45.000
3 14 -30.540 -12.497 -45.000 -29.997 -12.275 -43.586 -31.332 -8.300 -43.586
3 14 -29.965 -7.937 -43.000 -31.332 -8.300 -43.586 -29.997 -12.275 -43.586
3 14 -29.997 -12.275 -43.586 -28.688 -11.739 -43.000 -29.965 -7.937 -43.000
3 14 -27.380 -11.204 -43.586 -28.688 -11.739 -43.000 -26.934 -15.346 -43.000
3 14 -26.934 -15.346 -43.000 -25.705 -14.646 -43.586 -27.380 -11.204 -43.586
3 14 -26.837 -10.982 -45.000 -27.380 -11.204 -43.586 -25.705 -14.646 -43.586
3 14 -25.705 -14.646 -43.586 -25.196 -14.356 -45.000 -26.837 -10.982 -45.000
3 14 -27.380 -11.204 -46.414 -26.837 -10.982 -45.000 -25.196 -14.356 -45.000
3 14 -25.196 -14.356 -45.000 -25.705 -14.646 -46.414 -27.380 -11.204 -46.414
3 14 -28.688 -11.739 -47.000 -27.380 -11.204 -46.414 -25.705 -14.646 -46.414
3 14 -25.705 -14.646 -46.414 -26.934 -15.346 -47.000 -28.688 -11.739 -47.000
3 14 -29.997 -12.275 -46.414 -28.688 -11.739 -47.000 -26.934 -15.346 -47.000
3 14 -26.934 -15.346 -47.000 -28.163 -16.046 -46.414 -29.997 -12.275 -46.414
3 14 -30.540 -12.497 -45.000 -29.997 -12.275 -46.414 -28.163 -16.046 -46.414
3 14 -28.163 -16.046 -46.414 -28.672 -16.336 -45.000 -30.540 -12.497 -45.000
3 14 -29.997 -12.275 -43.586 -30.540 -12.497 -45.000 -28.672 -16.336 -45.000
3 14 -28.672 -16.336 -45.000 -28.163 -16.046 -43.586 -29.997 -12.275 -43.586
3 14 -28.688 -11.739 -43.000 -29.997 -12.275 -43.586 -28.163 -16.046 -43.586
3 14 -28.163 -16.046 -43.586 -26.934 -15.346 -43.000 -28.688 -11.739 -43.000
3 14 -25.705 -14.646 -43.586 -26.934 -15.346 -43.000 -24.727 -18.695 -43.000
3 14 -24.727 -18.695 -43.000 -23.599 -17.841 -43.586 -25.705 -14.646 -43.586
3 14 -25.196 -14.356 -45.000 -25.705 -14.646 -43.586 -23.599 -17.841 -43.586
3 14 -23.599 -17.841 -43.586 -23.132 -17.488 -45.000 -25.196 -14.356 -45.000
3 14 -25.705 -14.646 -46.414 -25.196 -14.356 -45.000 -23.132 -17.488 -45.000
3 14 -23.132 -17.488 -45.000 -23.599 -17.841 -46.414 -25.705 -14.646 -46.414
3 14 -26.934 -15.346 -47.000 -25.705 -14.646 -46.414 -23.599 -17.841 -46.414
3 14 -23.599 -17.841 -46.414 -24.727 -18.695 -47.000 -26.934 -15.346 -47.000
3 14 -28.163 -16.046 -46.414 -26.934 -15.346 -47.000 -24.727 -18.695 -47.000
3 14 -24.727 -18.695 -47.000 -25.855 -19.548 -46.414 -28.163 -16.046 -46.414
3 14 -28.672 -16.336 -45.000 -28.163 -16.046 -46.414 -25.855 -19.548 -46.414
3 14 -25.855 -19.548 -46.414 -26.322 -19.901 -45.000 -28.672 -16.336 -45.000
3 14 -28.163 -16.046 -43.586 -28.672 -16.336 -45.000 -26.322 -19.901 -45.000
3 14 -26.322 -19.901 -45.000 -25.855 -19.548 -43.586 -28.163 -16.046 -43.586
3 14 -26.934 -15.346 -43.000 -28.163 -16.046 -43.586 -25.855 -19.548 -43.586
3 14 -25.855 -19.548 -43.586 -24.727 -18.695 -43.000 -26.934 -15.346 -43.000
3 14 -23.599 -17.841 -43.586 -24.727 -18.695 -43.000 -22.106 -21.730 -43.000
3 14 -22.106 -21.730 -43.000 -21.097 -20.738 -43.586 -23.599 -17.841 -43.586
3 14 -23.132 -17.488 -45.000 -23.599 -17.841 -43.586 -21.097 -20.738 -43.586
3 14 -21.097 -20.738 -43.586 -20.680 -20.328 -45.000 -23.132 -17.488 -45.000
3 14 -23.599 -17.841 -46.414 -23.132 -17.488 -45.000 -20.680 -20.328 -45.000
3 14 -20.680 -20.328 -45.000 -21.097 -20.738 -46.414 -23.599 -17.841 -46.414
3 14 -24.727 -18.695 -47.000 -23.599 -17.841 -46.414 -21.097 -20.738 -46.414
3 14 -21.097 -20.738 -46.414 -22.106 -21.730 -47.000 -24.727 -18.695 -47.000
3 14 -25.855 -19.548 -46.414 -24.727 -18.695 -47.000 -22.106 -21.730 -47.000
3 14 -22.106 -21.730 -47.000 -23.114 -22.721 -46.414 -25.855 -19.548 -46.414
3 14 -26.322 -19.901 -45.000 -25.855 -19.548 -46.414 -23.114 -22.721 -46.414
3 14 -23.114 -22.721 -46.414 -23.532 -23.132 -45.000 -26.322 -19.901 -45.000
3 14 -25.855 -19.548 -43.586 -26.322 -19.901 -45.000 -23.532 -23.132 -45.000
3 14 -23.532 -23.132 -45.000 -23.114 -22.721 -43.586 -25.855 -19.548 -43.586
3 14 -24.727 -18.695 -43.000 -25.855 -19.548 -43.586 -23.114 -22.721 -43.586
3 14 -23.114 -22.721 -43.586 -22.106 -21.730 -43.000 -24.727 -18.695 -43.000
3 14 -21.097 -20.738 -43.586 -22.106 -21.730 -43.000 -19.115 -24.402 -43.000
3 14 -19.115 -24.402 -43.000 -18.242 -23.288 -43.586 -21.097 -20.738 -43.586
3 14 -20.680 -20.328 -45.000 -21.097 -20.738 -43.586 -18.242 -23.288 -43.586
3 14 -18.242 -23.288 -43.586 -17.881 -22.827 -45.000 -20.680 -20.328 -45.000
3 14 -21.097 -20.738 -46.414 -20.680 -20.328 -45.000 -17.881 -22.827 -45.000
3 14 -17.881 -22.827 -45.000 -18.242 -23.288 -46.414 -21.097 -20.738 -46.414
3 14 -22.106 -21.730 -47.000 -21.097 -20.738 -46.414 -18.242 -23.288 -46.414
3 14 -18.242 -23.288 -46.414 -19.115 -24.402 -47.000 -22.106 -21.730 -47.000
3 14 -23.114 -22.721 -46.414 -22.106 -21.730 -47.000 -19.115 -24.402 -47.000
3 14 -19.115 -24.402 -47.000 -19.987 -25.515 -46.414 -23.114 -22.721 -46.414
3 14 -23.532 -23.132 -45.000 -23.114 -22.721 -46.414 -19.987 -25.515 -46.414
3 14 -19.987 -25.515 -46.414 -20.348 -25.976 -45.000 -23.532 -23.132 -45.000
3 14 -23.114 -22.721 -43.586 -23.532 -23.132 -45.000 -20.348 -25.976 -45.000
3 14 -20.348 -25.976 -45.000 -19.987 -25.515 -43.586 -23.114 -22.721 -43.586
3 14 -22.106 -21.730 -43.000 -23.114 -22.721 -43.586 -19.987 -25.515 -43.586
3 14 -19.987 -25.515 -43.586 -19.115 -24.402 -43.000 -22.106 -21.730 -43.000
3 14 -18.242 -23.288 -43.586 -19.115 -24.402 -43.000 -15.805 -26.667 -43.000
3 14 -15.805 -26.667 -43.000 -15.084 -25.450 -43.586 -18.242 -23.288 -43.586
3 14 -17.881 -22.827 -45.000 -18.242 -23.288 -43.586 -15.084 -25.450 -43.586
3 14 -15.084 -25.450 -43.586 -14.785 -24.946 -45.000 -17.881 -22.827 -45.000
3 14 -18.242 -23.288 -46.414 -17.881 -22.827 -45.000 -14.785 -24.946 -45.000
3 14 -14.785 -24.946 -45.000 -15.084 -25.450 -46.414 -18.242 -23.288 -46.414
3 14 -19.115 -24.402 -47.000 -18.242 -23.288 -46.414 -15.084 -25.450 -46.414
3 14 -15.084 -25.450 -46.414 -15.805 -26.667 -47.000 -19.115 -24.402 -47.000
3 14 -19.987 -25.515 -46.414 -19.115 -24.402 -47.000 -15.805 -26.667 -47.000
3 14 -15.805 -26.667 -47.000 -16.526 -27.883 -46.414 -19.987 -25.515 -46.414
3 14 -20.348 -25.976 -45.000 -19.987 -25.515 -46.414 -16.526 -27.883 -46.414
3 14 -16.526 -27.883 -46.414 -16.825 -28.387 -45.000 -20.348 -25.976 -45.000
3 14 -19.987 -25.515 -43.586 -20.348 -25.976 -45.000 -16.825 -28.387 -45.000
3 14 -16.825 -28.387 -45.000 -16.526 -27.883 -43.586 -19.987 -25.515 -43.586
3 14 -19.115 -24.402 -43.000 -19.987 -25.515 -43.586 -16.526 -27.883 -43.586
3 14 -16.526 -27.883 -43.586 -15.805 -26.667 -43.000 -19.115 -24.402 -43.000
3 14 -15.084 -25.450 -43.586 -15.805 -26.667 -43.000 -12.230 -28.483 -43.000
3 14 -12.230 -28.483 -43.000 -11.672 -27.184 -43.586 -15.084 -25.450 -43.586
3 14 -14.785 -24.946 -45.000 -15.084 -25.450 -43.586 -11.672 -27.184 -43.586
3 14 -11.672 -27.184 -43.586 -11.441 -26.645 -45.000 -14.785 -24.946 -45.000
3 14 -15.084 -25.450 -46.414 -14.785 -24.946 -45.000 -11.441 -26.645 -45.000
3 14 -11.441 -26.645 -45.000 -11.672 -27.184 -46.414 -15.084 -25.450 -46.414
3 14 -15.805 -26.667 -47.000 -15.084 -25.450 -46.414 -11.672 -27.184 -46.414
3 14 -11.672 -27.184 -46.414 -12.230 -28.483 -47.000 -15.805 -26.667 -47.000
3 14 -16.526 -27.883 -46.414 -15.805 -26.667 -47.000 -12.230 -28.483 -47.000
3 14 -12.230 -28.483 -47.000 -12.787 -29.783 -46.414 -16.526 -27.883 -46.414
3 14 -16.825 -28.387 -45.000 -16.526 -27.883 -46.414 -12.787 -29.783 -46.414
3 14 -12.787 -29.783 -46.414 -13.018 -30.321 -45.000 -16.825 -28.387 -45.000
3 14 -16.526 -27.883 -43.586 -16.825 -28.387 -45.000 -13.018 -30.321 -45.000
3 14 -13.018 -30.321 -45.000 -12.787 -29.783 -43.586 -16.526 -27.883 -43.586
3 14 -15.805 -26.667 -43.000 -16.526 -27.883 -43.586 -12.787 -29.783 -43.586
3 14 -12.787 -29.783 -43.586 -12.230 -28.483 -43.000 -15.805 -26.667 -43.000
3 14 -11.672 -27.184 -43.586 -12.230 -28.483 -43.000 -8.449 -29.823 -43.000
3 14 -8.449 -29.823 -43.000 -8.064 -28.462 -43.586 -11.672 -27.184 -43.586
3 14 -11.441 -26.645 -45.000 -11.672 -27.184 -43.586 -8.064 -28.462 -43.586
3 14 -8.064 -28.462 -43.586 -7.904 -27.899 -45.000 -11.441 -26.645 -45.000
3 14 -11.672 -27.184 -46.414 -11.441 -26.645 -45.000 -7.904 -27.899 -45.000
3 14 -7.904 -27.899 -45.000 -8.064 -28.462 -46.414 -11.672 -27.184 -46.414
3 14 -12.230 -28.483 -47.000 -11.672 -27.184 -46.414 -8.064 -28.462 -46.414
3 14 -8.064 -28.462 -46.414 -8.449 -29.823 -47.000 -12.230 -28.483 -47.000
3 14 -12.787 -29.783 -46.414 -12.230 -28.483 -47.000 -8.449 -29.823 -47.000
3 14 -8.449 -29.823 -47.000 -8.835 -31.183 -46.414 -12.787 -29.783 -46.414
3 14 -13.018 -30.321 -45.000 -12.787 -29.783 -46.414 -8.835 -31.183 -46.414
3 14 -8.835 -31.183 -46.414 -8.995 -31.747 -45.000 -13.018 -30.321 -45.000
3 14 -12.787 -29.783 -43.586 -13.018 -30.321 -45.000 -8.995 -31.747 -45.000
3 14 -8.995 -31.747 -45.000 -8.835 -31.183 -43.586 -12.787 -29.783 -43.586
3 14 -12.230 -28.483 -43.000 -12.787 -29.783 -43.586 -8.835 -31.183 -43.586
3 14 -8.835 -31.183 -43.586 -8.449 -29.823 -43.000 -12.230 -28.483 -43.000
3 14 -8.064 -28.462 -43.586 -8.449 -29.823 -43.000 -4.529 -30.666 -43.000
3 14 -4.529 -30.666 -43.000 -4.322 -29.267 -43.586 -8.064 -28.462 -43.586
3 14 -7.904 -27.899 -45.000 -8.064 -28.462 -43.586 -4.322 -29.267 -43.586
3 14 -4.322 -29.267 -43.586 -4.236 -28.688 -45.000 -7.904 -27.899 -45.000
3 14 -8.064 -28.462 -46.414 -7.904 -27.899 -45.000 -4.236 -28.688 -45.000
3 14 -4.236 -28.688 -45.000 -4.322 -29.267 -46.414 -8.064 -28.462 -46.414
3 14 -8.449 -29.823 -47.000 -8.064 -28.462 -46.414 -4.322 -29.267 -46.414
3 14 -4.322 -29.267 -46.414 -4.529 -30.666 -47.000 -8.449 -29.823 -47.000
3 14 -8.835 -31.183 -46.414 -8.449 -29.823 -47.000 -4.529 -30.666 -47.000
3 14 -4.529 -30.666 -47.000 -4.735 -32.065 -46.414 -8.835 -31.183 -46.414
3 14 -8.995 -31.747 -45.000 -8.835 -31.183 -46.414 -4.735 -32.065 -46.414
3 14 -4.735 -32.065 -46.414 -4.821 -32.645 -45.000 -8.995 -31.747 -45.000
3 14 -8.835 -31.183 -43.586 -8.995 -31.747 -45.000 -4.821 -32.645 -45.000
3 14 -4.821 -32.645 -45.000 -4.735 -32.065 -43.586 -8.835 -31.183 -43.586
3 14 -8.449 -29.823 -43.000 -8.835 -31.183 -43.586 -4.735 -32.065 -43.586
3 14 -4.735 -32.065 -43.586 -4.529 -30.666 -43.000 -8.449 -29.823 -43.000
3 14 -4.322 -29.267 -43.586 -4.529 -30.666 -43.000 -0.541 -30.993 -43.000
3 14 -0.541 -30.993 -43.000 -0.497 -29.580 -43.586 -4.322 -29.267 -43.586
3 14 -4.236 -28.688 -45.000 -4.322 -29.267 -43.586 -0.497 -29.580 -43.586
3 14 -0.497 -29.580 -43.586 -0.474 -28.994 -45.000 -4.236 -28.688 -45.000
3 14 -4.322 -29.267 -46.414 -4.236 -28.688 -45.000 -0.474 -28.994 -45.000
3 14 -0.474 -28.994 -45.000 -0.484 -29.580 -46.414 -4.322 -29.267 -46.414
3 14 -4.529 -30.666 -47.000 -4.322 -29.267 -46.414 -0.484 -29.580 -46.414
3 14 -0.484 -29.580 -46.414 -0.522 -30.994 -47.000 -4.529 -30.666 -47.000
3 14 -4.735 -32.065 -46.414 -4.529 -30.666 -47.000 -0.522 -30.994 -47.000
3 14 -0.522 -30.994 -47.000 -0.565 -32.407 -46.414 -4.735 -32.065 -46.414
3 14 -4.821 -32.645 -45.000 -4.735 -32.065 -46.414 -0.565 -32.407 -46.414
3 14 -0.565 -32.407 -46.414 -0.589 -32.993 -45.000 -4.821 -32.645 -45.000
3 14 -4.735 -32.065 -43.586 -4.821 -32.645 -45.000 -0.589 -32.993 -45.000
3 14 -0.589 -32.993 -45.000 -0.579 -32.407 -43.586 -4.735 -32.065 -43.586
3 14 -4.529 -30.666 -43.000 -4.735 -32.065 -43.586 -0.579 -32.407 -43.586
3 14 -0.579 -32.407 -43.586 -0.541 -30.993 -43.000 -4.529 -30.666 -43.000
3 14 -0.497 -29.580 -43.586 -0.541 -30.993 -43.000 27.525 -30.319 -42.731
3 14 27.525 -30.319 -42.731 27.498 -28.905 -43.316 -0.497 -29.580 -43.586
3 14 -0.474 -28.994 -45.000 -0.497 -29.580 -43.586 27.498 -28.905 -43.316
3 14 27.498 -28.905 -43.316 27.503 -28.319 -44.730 -0.474 -28.994 -45.000
3 14 -0.484 -29.580 -46.414 -0.474 -28.994 -45.000 27.503 -28.319 -44.730
3 14 27.503 -28.319 -44.730 27.537 -28.904 -46.145 -0.484 -29.580 -46.414
3 14 -0.522 -30.994 -47.000 -0.484 -29.580 -46.414 27.537 -28.904 -46.145
3 14 27.537 -28.904 -46.145 27.580 -30.318 -46.730 -0.522 -30.994 -47.000
3 14 -0.565 -32.407 -46.414 -0.522 -30.994 -47.000 27.580 -30.318 -46.730
3 14 27.580 -30.318 -46.730 27.606 -31.732 -46.144 -0.565 -32.407 -46.414
3 14 -0.589 -32.993 -45.000 -0.565 -32.407 -46.414 27.606 -31.732 -46.144
3 14 27.606 -31.732 -46.144 27.601 -32.318 -44.730 -0.589 -32.993 -45.000
3 14 -0.579 -32.407 -43.586 -0.589 -32.993 -45.000 27.601 -32.318 -44.730
3 14 27.601 -32.318 -44.730 27.568 -31.733 -43.316 -0.579 -32.407 -43.586
3 14 -0.541 -30.993 -43.000 -0.579 -32.407 -43.586 27.568 -31.733 -43.316
3 14 27.568 -31.733 -43.316 27.525 -30.319 -42.731 -0.541 -30.993 -43.000
3 14 27.498 -28.905 -43.316 27.525 -30.319 -42.731 43.568 -29.917 -42.443
3 14 43.568 -29.917 -42.443 43.542 -28.503 -43.029 27.498 -28.905 -43.316
3 14 27.503 -28.319 -44.730 27.498 -28.905 -43.316 43.542 -28.503 -43.029
3 14 43.542 -28.503 -43.029 43.548 -27.917 -44.443 27.503 -28.319 -44.730
3 14 27.537 -28.904 -46.145 27.503 -28.319 -44.730 43.548 -27.917 -44.443
3 14 43.548 -27.917 -44.443 43.584 -28.502 -45.857 27.537 -28.904 -46.145
3 14 27.580 -30.318 -46.730 27.537 -28.904 -46.145 43.584 -28.502 -45.857
3 14 43.584 -28.502 -45.857 43.628 -29.915 -46.443 27.580 -30.318 -46.730
3 14 27.606 -31.732 -46.144 27.580 -30.318 -46.730 43.628 -29.915 -46.443
3 14 43.628 -29.915 -46.443 43.655 -31.329 -45.857 27.606 -31.732 -46.144
3 14 27.601 -32.318 -44.730 27.606 -31.732 -46.144 43.655 -31.329 -45.857
3 14 43.655 -31.329 -45.857 43.648 -31.915 -44.443 27.601 -32.318 -44.730
3 14 27.568 -31.733 -43.316 27.601 -32.318 -44.730 43.648 -31.915 -44.443
3 14 43.648 -31.915 -44.443 43.612 -31.330 -43.029 27.568 -31.733 -43.316
3 14 27.525 -30.319 -42.731 27.568 -31.733 -43.316 43.612 -31.330 -43.029
3 14 43.612 -31.330 -43.029 43.568 -29.917 -42.443 27.525 -30.319 -42.731
3 14 43.542 -28.503 -43.029 43.568 -29.917 -42.443 79.692 -29.011 -42.000
3 14 79.692 -29.011 -42.000 79.541 -27.605 -42.587 43.542 -28.503 -43.029
3 14 43.548 -27.917 -44.443 43.542 -28.503 -43.029 79.541 -27.605 -42.587
3 14 79.541 -27.605 -42.587 79.485 -27.022 -44.001 43.548 -27.917 -44.443
3 14 43.584 -28.502 -45.857 43.548 -27.917 -44.443 79.485 -27.022 -44.001
3 14 79.485 -27.022 -44.001 79.558 -27.604 -45.415 43.584 -28.502 -45.857
3 14 43.628 -29.915 -46.443 43.584 -28.502 -45.857 79.558 -27.604 -45.415
3 14 79.558 -27.604 -45.415 79.717 -29.009 -46.000 43.628 -29.915 -46.443
3 14 43.655 -31.329 -45.857 43.628 -29.915 -46.443 79.717 -29.009 -46.000
3 14 79.717 -29.009 -46.000 79.868 -30.415 -45.414 43.655 -31.329 -45.857
3 14 43.648 -31.915 -44.443 43.655 -31.329 -45.857 79.868 -30.415 -45.414
3 14 79.868 -30.415 -45.414 79.924 -30.998 -44.000 43.648 -31.915 -44.443
3 14 43.612 -31.330 -43.029 43.648 -31.915 -44.443 79.924 -30.998 -44.000
3 14 79.924 -30.998 -44.000 79.851 -30.417 -42.586 43.612 -31.330 -43.029
3 14 43.568 -29.917 -42.443 43.612 -31.330 -43.029 79.851 -30.417 -42.586
3 14 79.851 -30.417 -42.586 79.692 -29.011 -42.000 43.568 -29.917 -42.443
3 14 79.541 -27.605 -42.587 79.692 -29.011 -42.000 83.612 -28.240 -42.000
3 14 83.612 -28.240 -42.000 83.042 -26.946 -42.586 79.541 -27.605 -42.587
3 14 79.485 -27.022 -44.001 79.541 -27.605 -42.587 83.042 -26.946 -42.586
3 14 83.042 -26.946 -42.586 82.805 -26.410 -44.000 79.485 -27.022 -44.001
3 14 79.558 -27.604 -45.415 79.485 -27.022 -44.001 82.805 -26.410 -44.000
3 14 82.805 -26.410 -44.000 83.042 -26.946 -45.414 79.558 -27.604 -45.415
3 14 79.717 -29.009 -46.000 79.558 -27.604 -45.415 83.042 -26.946 -45.414
3 14 83.042 -26.946 -45.414 83.612 -28.240 -46.000 79.717 -29.009 -46.000
3 14 79.868 -30.415 -45.414 79.717 -29.009 -46.000 83.612 -28.240 -46.000
3 14 83.612 -28.240 -46.000 84.183 -29.534 -45.414 79.868 -30.415 -45.414
3 14 79.924 -30.998 -44.000 79.868 -30.415 -45.414 84.183 -29.534 -45.414
3 14 84.183 -29.534 -45.414 84.419 -30.070 -44.000 79.924 -30.998 -44.000
3 14 79.851 -30.417 -42.586 79.924 -30.998 -44.000 84.419 -30.070 -44.000
3 14 84.419 -30.070 -44.000 84.183 -29.534 -42.586 79.851 -30.417 -42.586
3 14 79.692 -29.011 -42.000 79.851 -30.417 -42.586 84.183 -29.534 -42.586
3 14 84.183 -29.534 -42.586 83.612 -28.240 -42.000 79.692 -29.011 -42.000
3 14 83.042 -26.946 -42.586 83.612 -28.240 -42.000 86.814 -25.875 -42.000
3 14 86.814 -25.875 -42.000 85.743 -24.952 -42.586 83.042 -26.946 -42.586
3 14 82.805 -26.410 -44.000 83.042 -26.946 -42.586 85.743 -24.952 -42.586
3 14 85.743 -24.952 -42.586 85.299 -24.569 -44.000 82.805 -26.410 -44.000
3 14 83.042 -26.946 -45.414 82.805 -26.410 -44.000 85.299 -24.569 -44.000
3 14 85.299 -24.569 -44.000 85.743 -24.952 -45.414 83.042 -26.946 -45.414
3 14 83.612 -28.240 -46.000 83.042 -26.946 -45.414 85.743 -24.952 -45.414
3 14 85.743 -24.952 -45.414 86.814 -25.875 -46.000 83.612 -28.240 -46.000
3 14 84.183 -29.534 -45.414 83.612 -28.240 -46.000 86.814 -25.875 -46.000
3 14 86.814 -25.875 -46.000 87.885 -26.799 -45.414 84.183 -29.534 -45.414
3 14 84.419 -30.070 -44.000 84.183 -29.534 -45.414 87.885 -26.799 -45.414
3 14 87.885 -26.799 -45.414 88.328 -27.181 -44.000 84.419 -30.070 -44.000
3 14 84.183 -29.534 -42.586 84.419 -30.070 -44.000 88.328 -27.181 -44.000
3 14 88.328 -27.181 -44.000 87.885 -26.799 -42.586 84.183 -29.534 -42.586
3 14 83.612 -28.240 -42.000 84.183 -29.534 -42.586 87.885 -26.799 -42.586
3 14 87.885 -26.799 -42.586 86.814 -25.875 -42.000 83.612 -28.240 -42.000
3 14 85.743 -24.952 -42.586 86.814 -25.875 -42.000 88.682 -22.361 -42.000
3 14 88.682 -22.361 -42.000 87.317 -21.990 -42.586 85.743 -24.952 -42.586
3 14 85.299 -24.569 -44.000 85.743 -24.952 -42.586 87.317 -21.990 -42.586
3 14 87.317 -21.990 -42.586 86.752 -21.836 -44.000 85.299 -24.569 -44.000
3 14 85.743 -24.952 -45.414 85.299 -24.569 -44.000 86.752 -21.836 -44.000
3 14 86.752 -21.836 -44.000 87.317 -21.990 -45.414 85.743 -24.952 -45.414
3 14 86.814 -25.875 -46.000 85.743 -24.952 -45.414 87.317 -21.990 -45.414
3 14 87.317 -21.990 -45.414 88.682 -22.361 -46.000 86.814 -25.875 -46.000
3 14 87.885 -26.799 -45.414 86.814 -25.875 -46.000 88.682 -22.361 -46.000
3 14 88.682 -22.361 -46.000 90.046 -22.733 -45.414 87.885 -26.799 -45.414
3 14 88.328 -27.181 -44.000 87.885 -26.799 -45.414 90.046 -22.733 -45.414
3 14 90.046 -22.733 -45.414 90.612 -22.886 -44.000 88.328 -27.181 -44.000
3 14 87.885 -26.799 -42.586 88.328 -27.181 -44.000 90.612 -22.886 -44.000
3 14 90.612 -22.886 -44.000 90.046 -22.733 -42.586 87.885 -26.799 -42.586
3 14 86.814 -25.875 -42.000 87.885 -26.799 -42.586 90.046 -22.733 -42.586
3 14 90.046 -22.733 -42.586 88.682 -22.361 -42.000 86.814 -25.875 -42.000
3 14 87.317 -21.990 -42.586 88.682 -22.361 -42.000 88.853 -18.384 -42.000
3 14 88.853 -18.384 -42.000 87.462 -18.638 -42.586 87.317 -21.990 -42.586
3 14 86.752 -21.836 -44.000 87.317 -21.990 -42.586 87.462 -18.638 -42.586
3 14 87.462 -18.638 -42.586 86.886 -18.743 -44.000 86.752 -21.836 -44.000
3 14 87.317 -21.990 -45.414 86.752 -21.836 -44.000 86.886 -18.743 -44.000
3 14 86.886 -18.743 -44.000 87.462 -18.638 -45.414 87.317 -21.990 -45.414
3 14 88.682 -22.361 -46.000 87.317 -21.990 -45.414 87.462 -18.638 -45.414
3 14 87.462 -18.638 -45.414 88.853 -18.384 -46.000 88.682 -22.361 -46.000
3 14 90.046 -22.733 -45.414 88.682 -22.361 -46.000 88.853 -18.384 -46.000
3 14 88.853 -18.384 -46.000 90.245 -18.131 -45.414 90.046 -22.733 -45.414
3 14 90.612 -22.886 -44.000 90.046 -22.733 -45.414 90.245 -18.131 -45.414
3 14 90.245 -18.131 -45.414 90.821 -18.026 -44.000 90.612 -22.886 -44.000
3 14 90.046 -22.733 -42.586 90.612 -22.886 -44.000 90.821 -18.026 -44.000
3 14 90.821 -18.026 -44.000 90.245 -18.131 -42.586 90.046 -22.733 -42.586
3 14 88.682 -22.361 -42.000 90.046 -22.733 -42.586 90.245 -18.131 -42.586
3 14 90.245 -18.131 -42.586 88.853 -18.384 -42.000 88.682 -22.361 -42.000
3 14 87.462 -18.638 -42.586 88.853 -18.384 -42.000 87.290 -14.723 -42.000
3 14 87.290 -14.723 -42.000 86.145 -15.553 -42.586 87.462 -18.638 -42.586
3 14 86.886 -18.743 -44.000 87.462 -18.638 -42.586 86.145 -15.553 -42.586
3 14 86.145 -15.553 -42.586 85.670 -15.896 -44.000 86.886 -18.743 -44.000
3 14 87.462 -18.638 -45.414 86.886 -18.743 -44.000 85.670 -15.896 -44.000
3 14 85.670 -15.896 -44.000 86.145 -15.553 -45.414 87.462 -18.638 -45.414
3 14 88.853 -18.384 -46.000 87.462 -18.638 -45.414 86.145 -15.553 -45.414
3 14 86.145 -15.553 -45.414 87.290 -14.723 -46.000 88.853 -18.384 -46.000
3 14 90.245 -18.131 -45.414 88.853 -18.384 -46.000 87.290 -14.723 -46.000
3 14 87.290 -14.723 -46.000 88.435 -13.893 -45.414 90.245 -18.131 -45.414
3 14 90.821 -18.026 -44.000 90.245 -18.131 -45.414 88.435 -13.893 -45.414
3 14 88.435 -13.893 -45.414 88.910 -13.550 -44.000 90.821 -18.026 -44.000
3 14 90.245 -18.131 -42.586 90.821 -18.026 -44.000 88.910 -13.550 -44.000
3 14 88.910 -13.550 -44.000 88.435 -13.893 -42.586 90.245 -18.131 -42.586
3 14 88.853 -18.384 -42.000 90.245 -18.131 -42.586 88.435 -13.893 -42.586
3 14 88.435 -13.893 -42.586 87.290 -14.723 -42.000 88.853 -18.384 -42.000
3 14 86.145 -15.553 -42.586 87.290 -14.723 -42.000 84.296 -12.095 -42.000
3 14 84.296 -12.095 -42.000 83.477 -13.248 -42.586 86.145 -15.553 -42.586
3 14 85.670 -15.896 -44.000 86.145 -15.553 -42.586 83.477 -13.248 -42.586
3 14 83.477 -13.248 -42.586 83.140 -13.727 -44.000 85.670 -15.896 -44.000
3 14 86.145 -15.553 -45.414 85.670 -15.896 -44.000 83.140 -13.727 -44.000
3 14 83.140 -13.727 -44.000 83.482 -13.251 -45.414 86.145 -15.553 -45.414
3 14 87.290 -14.723 -46.000 86.145 -15.553 -45.414 83.482 -13.251 -45.414
3 14 83.482 -13.251 -45.414 84.302 -12.099 -46.000 87.290 -14.723 -46.000
3 14 88.435 -13.893 -45.414 87.290 -14.723 -46.000 84.302 -12.099 -46.000
3 14 84.302 -12.099 -46.000 85.121 -10.946 -45.414 88.435 -13.893 -45.414
3 14 88.910 -13.550 -44.000 88.435 -13.893 -45.414 85.121 -10.946 -45.414
3 14 85.121 -10.946 -45.414 85.458 -10.467 -44.000 88.910 -13.550 -44.000
3 14 88.435 -13.893 -42.586 88.910 -13.550 -44.000 85.458 -10.467 -44.000
3 14 85.458 -10.467 -44.000 85.116 -10.943 -42.586 88.435 -13.893 -42.586
3 14 87.290 -14.723 -42.000 88.435 -13.893 -42.586 85.116 -10.943 -42.586
3 14 85.116 -10.943 -42.586 84.296 -12.095 -42.000 87.290 -14.723 -42.000
3 14 83.477 -13.248 -42.586 84.296 -12.095 -42.000 77.299 -8.130 -42.032
3 14 77.299 -8.130 -42.032 76.607 -9.363 -42.618 83.477 -13.248 -42.586
3 14 83.140 -13.727 -44.000 83.477 -13.248 -42.586 76.607 -9.363 -42.618
3 14 76.607 -9.363 -42.618 76.330 -9.880 -44.032 83.140 -13.727 -44.000
3 14 83.482 -13.251 -45.414 83.140 -13.727 -44.000 76.330 -9.880 -44.032
3 14 76.330 -9.880 -44.032 76.631 -9.377 -45.446 83.482 -13.251 -45.414
3 14 84.302 -12.099 -46.000 83.482 -13.251 -45.414 76.631 -9.377 -45.446
3 14 76.631 -9.377 -45.446 77.333 -8.149 -46.032 84.302 -12.099 -46.000
3 14 85.121 -10.946 -45.414 84.302 -12.099 -46.000 77.333 -8.149 -46.032
3 14 77.333 -8.149 -46.032 78.025 -6.916 -45.446 85.121 -10.946 -45.414
3 14 85.458 -10.467 -44.000 85.121 -10.946 -45.414 78.025 -6.916 -45.446
3 14 78.025 -6.916 -45.446 78.301 -6.399 -44.032 85.458 -10.467 -44.000
3 14 85.116 -10.943 -42.586 85.458 -10.467 -44.000 78.301 -6.399 -44.032
3 14 78.301 -6.399 -44.032 78.001 -6.902 -42.618 85.116 -10.943 -42.586
3 14 84.296 -12.095 -42.000 85.116 -10.943 -42.586 78.001 -6.902 -42.618
3 14 78.001 -6.902 -42.618 77.299 -8.130 -42.032 84.296 -12.095 -42.000
3 14 76.607 -9.363 -42.618 77.299 -8.130 -42.032 42.370 11.640 -42.655
3 14 42.370 11.640 -42.655 41.680 10.405 -43.241 76.607 -9.363 -42.618
3 14 76.330 -9.880 -44.032 76.607 -9.363 -42.618 41.680 10.405 -43.241
3 14 41.680 10.405 -43.241 41.408 9.886 -44.655 76.330 -9.880 -44.032
3 14 76.631 -9.377 -45.446 76.330 -9.880 -44.032 41.408 9.886 -44.655
3 14 41.408 9.886 -44.655 41.712 10.387 -46.069 76.631 -9.377 -45.446
3 14 77.333 -8.149 -46.032 76.631 -9.377 -45.446 41.712 10.387 -46.069
3 14 41.712 10.387 -46.069 42.416 11.614 -46.655 77.333 -8.149 -46.032
3 14 78.025 -6.916 -45.446 77.333 -8.149 -46.032 42.416 11.614 -46.655
3 14 42.416 11.614 -46.655 43.105 12.849 -46.069 78.025 -6.916 -45.446
3 14 78.301 -6.399 -44.032 78.025 -6.916 -45.446 43.105 12.849 -46.069
3 14 43.105 12.849 -46.069 43.377 13.368 -44.655 78.301 -6.399 -44.032
3 14 78.001 -6.902 -42.618 78.301 -6.399 -44.032 43.377 13.368 -44.655
3 14 43.377 13.368 -44.655 43.073 12.867 -43.241 78.001 -6.902 -42.618
3 14 77.299 -8.130 -42.032 78.001 -6.902 -42.618 43.073 12.867 -43.241
3 14 43.073 12.867 -43.241 42.370 11.640 -42.655 77.299 -8.130 -42.032
3 14 41.680 10.405 -43.241 42.370 11.640 -42.655 14.437 27.435 -43.000
3 14 14.437 27.435 -43.000 13.803 26.171 -43.586 41.680 10.405 -43.241
3 14 41.408 9.886 -44.655 41.680 10.405 -43.241 13.803 26.171 -43.586
3 14 13.803 26.171 -43.586 13.546 25.644 -45.000 41.408 9.886 -44.655
3 14 41.712 10.387 -46.069 41.408 9.886 -44.655 13.546 25.644 -45.000
3 14 13.546 25.644 -45.000 13.816 26.164 -46.414 41.712 10.387 -46.069
3 14 42.416 11.614 -46.655 41.712 10.387 -46.069 13.816 26.164 -46.414
3 14 13.816 26.164 -46.414 14.456 27.425 -47.000 42.416 11.614 -46.655
3 14 43.105 12.849 -46.069 42.416 11.614 -46.655 14.456 27.425 -47.000
3 14 14.456 27.425 -47.000 15.090 28.689 -46.414 43.105 12.849 -46.069
3 14 43.377 13.368 -44.655 43.105 12.849 -46.069 15.090 28.689 -46.414
3 14 15.090 28.689 -46.414 15.347 29.216 -45.000 43.377 13.368 -44.655
3 14 43.073 12.867 -43.241 43.377 13.368 -44.655 15.347 29.216 -45.000
3 14 15.347 29.216 -45.000 15.077 28.696 -43.586 43.073 12.867 -43.241
3 14 42.370 11.640 -42.655 43.073 12.867 -43.241 15.077 28.696 -43.586
3 14 15.077 28.696 -43.586 14.437 27.435 -43.000 42.370 11.640 -42.655
3 14 13.803 26.171 -43.586 14.437 27.435 -43.000 10.784 29.065 -43.000
3 14 10.784 29.065 -43.000 10.292 27.739 -43.586 13.803 26.171 -43.586
3 14 13.546 25.644 -45.000 13.803 26.171 -43.586 10.292 27.739 -43.586
3 14 10.292 27.739 -43.586 10.089 27.190 -45.000 13.546 25.644 -45.000
3 14 13.816 26.164 -46.414 13.546 25.644 -45.000 10.089 27.190 -45.000
3 14 10.089 27.190 -45.000 10.292 27.739 -46.414 13.816 26.164 -46.414
3 14 14.456 27.425 -47.000 13.816 26.164 -46.414 10.292 27.739 -46.414
3 14 10.292 27.739 -46.414 10.784 29.065 -47.000 14.456 27.425 -47.000
3 14 15.090 28.689 -46.414 14.456 27.425 -47.000 10.784 29.065 -47.000
3 14 10.784 29.065 -47.000 11.276 30.391 -46.414 15.090 28.689 -46.414
3 14 15.347 29.216 -45.000 15.090 28.689 -46.414 11.276 30.391 -46.414
3 14 11.276 30.391 -46.414 11.479 30.940 -45.000 15.347 29.216 -45.000
3 14 15.077 28.696 -43.586 15.347 29.216 -45.000 11.479 30.940 -45.000
3 14 11.479 30.940 -45.000 11.276 30.391 -43.586 15.077 28.696 -43.586
3 14 14.437 27.435 -43.000 15.077 28.696 -43.586 11.276 30.391 -43.586
3 14 11.276 30.391 -43.586 10.784 29.065 -43.000 14.437 27.435 -43.000
3 14 10.292 27.739 -43.586 10.784 29.065 -43.000 6.941 30.214 -43.000
3 14 6.941 30.214 -43.000 6.624 28.835 -43.586 10.292 27.739 -43.586
3 14 10.089 27.190 -45.000 10.292 27.739 -43.586 6.624 28.835 -43.586
3 14 6.624 28.835 -43.586 6.493 28.264 -45.000 10.089 27.190 -45.000
3 14 10.292 27.739 -46.414 10.089 27.190 -45.000 6.493 28.264 -45.000
3 14 6.493 28.264 -45.000 6.624 28.835 -46.414 10.292 27.739 -46.414
3 14 10.784 29.065 -47.000 10.292 27.739 -46.414 6.624 28.835 -46.414
3 14 6.624 28.835 -46.414 6.941 30.214 -47.000 10.784 29.065 -47.000
3 14 11.276 30.391 -46.414 10.784 29.065 -47.000 6.941 30.214 -47.000
3 14 6.941 30.214 -47.000 7.258 31.592 -46.414 11.276 30.391 -46.414
3 14 11.479 30.940 -45.000 11.276 30.391 -46.414 7.258 31.592 -46.414
3 14 7.258 31.592 -46.414 7.389 32.163 -45.000 11.479 30.940 -45.000
3 14 11.276 30.391 -43.586 11.479 30.940 -45.000 7.389 32.163 -45.000
3 14 7.389 32.163 -45.000 7.258 31.592 -43.586 11.276 30.391 -43.586
3 14 10.784 29.065 -43.000 11.276 30.391 -43.586 7.258 31.592 -43.586
3 14 7.258 31.592 -43.586 6.941 30.214 -43.000 10.784 29.065 -43.000
3 14 6.624 28.835 -43.586 6.941 30.214 -43.000 2.982 30.860 -43.000
3 14 2.982 30.860 -43.000 2.846 29.452 -43.586 6.624 28.835 -43.586
3 14 6.493 28.264 -45.000 6.624 28.835 -43.586 2.846 29.452 -43.586
3 14 2.846 29.452 -43.586 2.789 28.869 -45.000 6.493 28.264 -45.000
3 14 6.624 28.835 -46.414 6.493 28.264 -45.000 2.789 28.869 -45.000
3 14 2.789 28.869 -45.000 2.846 29.452 -46.414 6.624 28.835 -46.414
3 14 6.941 30.214 -47.000 6.624 28.835 -46.414 2.846 29.452 -46.414
3 14 2.846 29.452 -46.414 2.982 30.860 -47.000 6.941 30.214 -47.000
3 14 7.258 31.592 -46.414 6.941 30.214 -47.000 2.982 30.860 -47.000
3 14 2.982 30.860 -47.000 3.119 32.267 -46.414 7.258 31.592 -46.414
3 14 7.389 32.163 -45.000 7.258 31.592 -46.414 3.119 32.267 -46.414
3 14 3.119 32.267 -46.414 3.175 32.850 -45.000 7.389 32.163 -45.000
3 14 7.258 31.592 -43.586 7.389 32.163 -45.000 3.175 32.850 -45.000
3 14 3.175 32.850 -45.000 3.119 32.267 -43.586 7.258 31.592 -43.586
3 14 6.941 30.214 -43.000 7.258 31.592 -43.586 3.119 32.267 -43.586
3 14 3.119 32.267 -43.586 2.982 30.860 -43.000 6.941 30.214 -43.000
3 14 2.846 29.452 -43.586 2.982 30.860 -43.000 -1.027 30.986 -43.000
3 14 -1.027 30.986 -43.000 -0.980 29.573 -43.586 2.846 29.452 -43.586
3 14 2.789 28.869 -45.000 2.846 29.452 -43.586 -0.980 29.573 -43.586
3 14 -0.980 29.573 -43.586 -0.961 28.987 -45.000 2.789 28.869 -45.000
3 14 2.846 29.452 -46.414 2.789 28.869 -45.000 -0.961 28.987 -45.000
3 14 -0.961 28.987 -45.000 -0.980 29.573 -46.414 2.846 29.452 -46.414
3 14 2.982 30.860 -47.000 2.846 29.452 -46.414 -0.980 29.573 -46.414
3 14 -0.980 29.573 -46.414 -1.027 30.986 -47.000 2.982 30.860 -47.000
3 14 3.119 32.267 -46.414 2.982 30.860 -47.000 -1.027 30.986 -47.000
3 14 -1.027 30.986 -47.000 -1.074 32.400 -46.414 3.119 32.267 -46.414
3 14 3.175 32.850 -45.000 3.119 32.267 -46.414 -1.074 32.400 -46.414
3 14 -1.074 32.400 -46.414 -1.093 32.985 -45.000 3.175 32.850 -45.000
3 14 3.119 32.267 -43.586 3.175 32.850 -45.000 -1.093 32.985 -45.000
3 14 -1.093 32.985 -45.000 -1.074 32.400 -43.586 3.119 32.267 -43.586
3 14 2.982 30.860 -43.000 3.119 32.267 -43.586 -1.074 32.400 -43.586
3 14 -1.074 32.400 -43.586 -1.027 30.986 -43.000 2.982 30.860 -43.000
3 14 -0.980 29.573 -43.586 -1.027 30.986 -43.000 -5.019 30.594 -43.000
3 14 -5.019 30.594 -43.000 -4.790 29.198 -43.586 -0.980 29.573 -43.586
3 14 -0.961 28.987 -45.000 -0.980 29.573 -43.586 -4.790 29.198 -43.586
3 14 -4.790 29.198 -43.586 -4.695 28.620 -45.000 -0.961 28.987 -45.000
3 14 -0.980 29.573 -46.414 -0.961 28.987 -45.000 -4.695 28.620 -45.000
3 14 -4.695 28.620 -45.000 -4.790 29.198 -46.414 -0.980 29.573 -46.414
3 14 -1.027 30.986 -47.000 -0.980 29.573 -46.414 -4.790 29.198 -46.414
3 14 -4.790 29.198 -46.414 -5.019 30.594 -47.000 -1.027 30.986 -47.000
3 14 -1.074 32.400 -46.414 -1.027 30.986 -47.000 -5.019 30.594 -47.000
3 14 -5.019 30.594 -47.000 -5.248 31.989 -46.414 -1.074 32.400 -46.414
3 14 -1.093 32.985 -45.000 -1.074 32.400 -46.414 -5.248 31.989 -46.414
3 14 -5.248 31.989 -46.414 -5.343 32.567 -45.000 -1.093 32.985 -45.000
3 14 -1.074 32.400 -43.586 -1.093 32.985 -45.000 -5.343 32.567 -45.000
3 14 -5.343 32.567 -45.000 -5.248 31.989 -43.586 -1.074 32.400 -43.586
3 14 -1.027 30.986 -43.000 -1.074 32.400 -43.586 -5.248 31.989 -43.586
3 14 -5.248 31.989 -43.586 -5.019 30.594 -43.000 -1.027 30.986 -43.000
3 14 -4.790 29.198 -43.586 -5.019 30.594 -43.000 -8.927 29.689 -43.000
3 14 -8.927 29.689 -43.000 -8.520 28.335 -43.586 -4.790 29.198 -43.586
3 14 -4.695 28.620 -45.000 -4.790 29.198 -43.586 -8.520 28.335 -43.586
3 14 -8.520 28.335 -43.586 -8.352 27.774 -45.000 -4.695 28.620 -45.000
3 14 -4.790 29.198 -46.414 -4.695 28.620 -45.000 -8.352 27.774 -45.000
3 14 -8.352 27.774 -45.000 -8.520 28.335 -46.414 -4.790 29.198 -46.414
3 14 -5.019 30.594 -47.000 -4.790 29.198 -46.414 -8.520 28.335 -46.414
3 14 -8.520 28.335 -46.414 -8.927 29.689 -47.000 -5.019 30.594 -47.000
3 14 -5.248 31.989 -46.414 -5.019 30.594 -47.000 -8.927 29.689 -47.000
3 14 -8.927 29.689 -47.000 -9.333 31.044 -46.414 -5.248 31.989 -46.414
3 14 -5.343 32.567 -45.000 -5.248 31.989 -46.414 -9.333 31.044 -46.414
3 14 -9.333 31.044 -46.414 -9.502 31.605 -45.000 -5.343 32.567 -45.000
3 14 -5.248 31.989 -43.586 -5.343 32.567 -45.000 -9.502 31.605 -45.000
3 14 -9.502 31.605 -45.000 -9.333 31.044 -43.586 -5.248 31.989 -43.586
3 14 -5.019 30.594 -43.000 -5.248 31.989 -43.586 -9.333 31.044 -43.586
3 14 -9.333 31.044 -43.586 -8.927 29.689 -43.000 -5.019 30.594 -43.000
3 14 -8.520 28.335 -43.586 -8.927 29.689 -43.000 -12.687 28.292 -43.000
3 14 -12.687 28.292 -43.000 -12.109 27.002 -43.586 -8.520 28.335 -43.586
3 14 -8.352 27.774 -45.000 -8.520 28.335 -43.586 -12.109 27.002 -43.586
3 14 -12.109 27.002 -43.586 -11.869 26.467 -45.000 -8.352 27.774 -45.000
3 14 -8.520 28.335 -46.414 -8.352 27.774 -45.000 -11.869 26.467 -45.000
3 14 -11.869 26.467 -45.000 -12.109 27.002 -46.414 -8.520 28.335 -46.414
3 14 -8.927 29.689 -47.000 -8.520 28.335 -46.414 -12.109 27.002 -46.414
3 14 -12.109 27.002 -46.414 -12.687 28.292 -47.000 -8.927 29.689 -47.000
3 14 -9.333 31.044 -46.414 -8.927 29.689 -47.000 -12.687 28.292 -47.000
3 14 -12.687 28.292 -47.000 -13.265 29.583 -46.414 -9.333 31.044 -46.414
3 14 -9.502 31.605 -45.000 -9.333 31.044 -46.414 -13.265 29.583 -46.414
3 14 -13.265 29.583 -46.414 -13.505 30.118 -45.000 -9.502 31.605 -45.000
3 14 -9.333 31.044 -43.586 -9.502 31.605 -45.000 -13.505 30.118 -45.000
3 14 -13.505 30.118 -45.000 -13.265 29.583 -43.586 -9.333 31.044 -43.586
3 14 -8.927 29.689 -43.000 -9.333 31.044 -43.586 -13.265 29.583 -43.586
3 14 -13.265 29.583 -43.586 -12.687 28.292 -43.000 -8.927 29.689 -43.000
3 14 -12.109 27.002 -43.586 -12.687 28.292 -43.000 -16.233 26.416 -43.000
3 14 -16.233 26.416 -43.000 -15.492 25.211 -43.586 -12.109 27.002 -43.586
3 14 -11.869 26.467 -45.000 -12.109 27.002 -43.586 -15.492 25.211 -43.586
3 14 -15.492 25.211 -43.586 -15.185 24.712 -45.000 -11.869 26.467 -45.000
3 14 -12.109 27.002 -46.414 -11.869 26.467 -45.000 -15.185 24.712 -45.000
3 14 -15.185 24.712 -45.000 -15.492 25.211 -46.414 -12.109 27.002 -46.414
3 14 -12.687 28.292 -47.000 -12.109 27.002 -46.414 -15.492 25.211 -46.414
3 14 -15.492 25.211 -46.414 -16.233 26.416 -47.000 -12.687 28.292 -47.000
3 14 -13.265 29.583 -46.414 -12.687 28.292 -47.000 -16.233 26.416 -47.000
3 14 -16.233 26.416 -47.000 -16.973 27.620 -46.414 -13.265 29.583 -46.414
3 14 -13.505 30.118 -45.000 -13.265 29.583 -46.414 -16.973 27.620 -46.414
3 14 -16.973 27.620 -46.414 -17.280 28.119 -45.000 -13.505 30.118 -45.000
3 14 -13.265 29.583 -43.586 -13.505 30.118 -45.000 -17.280 28.119 -45.000
3 14 -17.280 28.119 -45.000 -16.973 27.620 -43.586 -13.265 29.583 -43.586
3 14 -12.687 28.292 -43.000 -13.265 29.583 -43.586 -16.973 27.620 -43.586
3 14 -16.973 27.620 -43.586 -16.233 26.416 -43.000 -12.687 28.292 -43.000
3 14 -15.492 25.211 -43.586 -16.233 26.416 -43.000 -19.507 24.099 -43.000
3 14 -19.507 24.099 -43.000 -18.617 22.999 -43.586 -15.492 25.211 -43.586
3 14 -15.185 24.712 -45.000 -15.492 25.211 -43.586 -18.617 22.999 -43.586
3 14 -18.617 22.999 -43.586 -18.248 22.544 -45.000 -15.185 24.712 -45.000
3 14 -15.492 25.211 -46.414 -15.185 24.712 -45.000 -18.248 22.544 -45.000
3 14 -18.248 22.544 -45.000 -18.617 22.999 -46.414 -15.492 25.211 -46.414
3 14 -16.233 26.416 -47.000 -15.492 25.211 -46.414 -18.617 22.999 -46.414
3 14 -18.617 22.999 -46.414 -19.507 24.099 -47.000 -16.233 26.416 -47.000
3 14 -16.973 27.620 -46.414 -16.233 26.416 -47.000 -19.507 24.099 -47.000
3 14 -19.507 24.099 -47.000 -20.397 25.198 -46.414 -16.973 27.620 -46.414
3 14 -17.280 28.119 -45.000 -16.973 27.620 -46.414 -20.397 25.198 -46.414
3 14 -20.397 25.198 -46.414 -20.765 25.653 -45.000 -17.280 28.119 -45.000
3 14 -16.973 27.620 -43.586 -17.280 28.119 -45.000 -20.765 25.653 -45.000
3 14 -20.765 25.653 -45.000 -20.397 25.198 -43.586 -16.973 27.620 -43.586
3 14 -16.233 26.416 -43.000 -16.973 27.620 -43.586 -20.397 25.198 -43.586
3 14 -20.397 25.198 -43.586 -19.507 24.099 -43.000 -16.233 26.416 -43.000
3 14 -18.617 22.999 -43.586 -19.507 24.099 -43.000 -22.455 21.378 -43.000
3 14 -22.455 21.378 -43.000 -21.430 20.403 -43.586 -18.617 22.999 -43.586
3 14 -18.248 22.544 -45.000 -18.617 22.999 -43.586 -21.430 20.403 -43.586
3 14 -21.430 20.403 -43.586 -21.006 19.999 -45.000 -18.248 22.544 -45.000
3 14 -18.617 22.999 -46.414 -18.248 22.544 -45.000 -21.006 19.999 -45.000
3 14 -21.006 19.999 -45.000 -21.430 20.403 -46.414 -18.617 22.999 -46.414
3 14 -19.507 24.099 -47.000 -18.617 22.999 -46.414 -21.430 20.403 -46.414
3 14 -21.430 20.403 -46.414 -22.455 21.378 -47.000 -19.507 24.099 -47.000
3 14 -20.397 25.198 -46.414 -19.507 24.099 -47.000 -22.455 21.378 -47.000
3 14 -22.455 21.378 -47.000 -23.479 22.353 -46.414 -20.397 25.198 -46.414
3 14 -20.765 25.653 -45.000 -20.397 25.198 -46.414 -23.479 22.353 -46.414
3 14 -23.479 22.353 -46.414 -23.903 22.757 -45.000 -20.765 25.653 -45.000
3 14 -20.397 25.198 -43.586 -20.765 25.653 -45.000 -23.903 22.757 -45.000
3 14 -23.903 22.757 -45.000 -23.479 22.353 -43.586 -20.397 25.198 -43.586
3 14 -19.507 24.099 -43.000 -20.397 25.198 -43.586 -23.479 22.353 -43.586
3 14 -23.479 22.353 -43.586 -22.455 21.378 -43.000 -19.507 24.099 -43.000
3 14 -21.430 20.403 -43.586 -22.455 21.378 -43.000 -25.026 18.300 -43.000
3 14 -25.026 18.300 -43.000 -23.885 17.464 -43.586 -21.430 20.403 -43.586
3 14 -21.006 19.999 -45.000 -21.430 20.403 -43.586 -23.885 17.464 -43.586
3 14 -23.885 17.464 -43.586 -23.413 17.118 -45.000 -21.006 19.999 -45.000
3 14 -21.430 20.403 -46.414 -21.006 19.999 -45.000 -23.413 17.118 -45.000
3 14 -23.413 17.118 -45.000 -23.885 17.464 -46.414 -21.430 20.403 -46.414
3 14 -22.455 21.378 -47.000 -21.430 20.403 -46.414 -23.885 17.464 -46.414
3 14 -23.885 17.464 -46.414 -25.026 18.300 -47.000 -22.455 21.378 -47.000
3 14 -23.479 22.353 -46.414 -22.455 21.378 -47.000 -25.026 18.300 -47.000
3 14 -25.026 18.300 -47.000 -26.168 19.135 -46.414 -23.479 22.353 -46.414
3 14 -23.903 22.757 -45.000 -23.479 22.353 -46.414 -26.168 19.135 -46.414
3 14 -26.168 19.135 -46.414 -26.640 19.481 -45.000 -23.903 22.757 -45.000
3 14 -23.479 22.353 -43.586 -23.903 22.757 -45.000 -26.640 19.481 -45.000
3 14 -26.640 19.481 -45.000 -26.168 19.135 -43.586 -23.479 22.353 -43.586
3 14 -22.455 21.378 -43.000 -23.479 22.353 -43.586 -26.168 19.135 -43.586
3 14 -26.168 19.135 -43.586 -25.026 18.300 -43.000 -22.455 21.378 -43.000
3 14 -23.885 17.464 -43.586 -25.026 18.300 -43.000 -27.184 14.918 -43.000
3 14 -27.184 14.918 -43.000 -25.945 14.237 -43.586 -23.885 17.464 -43.586
3 14 -23.413 17.118 -45.000 -23.885 17.464 -43.586 -25.945 14.237 -43.586
3 14 -25.945 14.237 -43.586 -25.431 13.955 -45.000 -23.413 17.118 -45.000
3 14 -23.885 17.464 -46.414 -23.413 17.118 -45.000 -25.431 13.955 -45.000
3 14 -25.431 13.955 -45.000 -25.945 14.237 -46.414 -23.885 17.464 -46.414
3 14 -25.026 18.300 -47.000 -23.885 17.464 -46.414 -25.945 14.237 -46.414
3 14 -25.945 14.237 -46.414 -27.184 14.918 -47.000 -25.026 18.300 -47.000
3 14 -26.168 19.135 -46.414 -25.026 18.300 -47.000 -27.184 14.918 -47.000
3 14 -27.184 14.918 -47.000 -28.424 15.599 -46.414 -26.168 19.135 -46.414
3 14 -26.640 19.481 -45.000 -26.168 19.135 -46.414 -28.424 15.599 -46.414
3 14 -28.424 15.599 -46.414 -28.937 15.881 -45.000 -26.640 19.481 -45.000
3 14 -26.168 19.135 -43.586 -26.640 19.481 -45.000 -28.937 15.881 -45.000
3 14 -28.937 15.881 -45.000 -28.424 15.599 -43.586 -26.168 19.135 -43.586
3 14 -25.026 18.300 -43.000 -26.168 19.135 -43.586 -28.424 15.599 -43.586
3 14 -28.424 15.599 -43.586 -27.184 14.918 -43.000 -25.026 18.300 -43.000
3 14 -25.945 14.237 -43.586 -27.184 14.918 -43.000 -28.880 11.282 -43.000
3 14 -28.880 11.282 -43.000 -27.563 10.768 -43.586 -25.945 14.237 -43.586
3 14 -25.431 13.955 -45.000 -25.945 14.237 -43.586 -27.563 10.768 -43.586
3 14 -27.563 10.768 -43.586 -27.017 10.555 -45.000 -25.431 13.955 -45.000
3 14 -25.945 14.237 -46.414 -25.431 13.955 -45.000 -27.017 10.555 -45.000
3 14 -27.017 10.555 -45.000 -27.563 10.768 -46.414 -25.945 14.237 -46.414
3 14 -27.184 14.918 -47.000 -25.945 14.237 -46.414 -27.563 10.768 -46.414
3 14 -27.563 10.768 -46.414 -28.880 11.282 -47.000 -27.184 14.918 -47.000
3 14 -28.424 15.599 -46.414 -27.184 14.918 -47.000 -28.880 11.282 -47.000
3 14 -28.880 11.282 -47.000 -30.198 11.796 -46.414 -28.424 15.599 -46.414
3 14 -28.937 15.881 -45.000 -28.424 15.599 -46.414 -30.198 11.796 -46.414
3 14 -30.198 11.796 -46.414 -30.743 12.009 -45.000 -28.937 15.881 -45.000
3 14 -28.424 15.599 -43.586 -28.937 15.881 -45.000 -30.743 12.009 -45.000
3 14 -30.743 12.009 -45.000 -30.198 11.796 -43.586 -28.424 15.599 -43.586
3 14 -27.184 14.918 -43.000 -28.424 15.599 -43.586 -30.198 11.796 -43.586
3 14 -30.198 11.796 -43.586 -28.880 11.282 -43.000 -27.184 14.918 -43.000
3 14 -27.563 10.768 -43.586 -28.880 11.282 -43.000 -30.095 7.459 -43.000
3 14 -30.095 7.459 -43.000 -28.722 7.119 -43.586 -27.563 10.768 -43.586
3 14 -27.017 10.555 -45.000 -27.563 10.768 -43.586 -28.722 7.119 -43.586
3 14 -28.722 7.119 -43.586 -28.153 6.978 -45.000 -27.017 10.555 -45.000
3 14 -27.563 10.768 -46.414 -27.017 10.555 -45.000 -28.153 6.978 -45.000
3 14 -28.153 6.978 -45.000 -28.722 7.119 -46.414 -27.563 10.768 -46.414
3 14 -28.880 11.282 -47.000 -27.563 10.768 -46.414 -28.722 7.119 -46.414
3 14 -28.722 7.119 -46.414 -30.095 7.459 -47.000 -28.880 11.282 -47.000
3 14 -30.198 11.796 -46.414 -28.880 11.282 -47.000 -30.095 7.459 -47.000
3 14 -30.095 7.459 -47.000 -31.468 7.799 -46.414 -30.198 11.796 -46.414
3 14 -30.743 12.009 -45.000 -30.198 11.796 -46.414 -31.468 7.799 -46.414
3 14 -31.468 7.799 -46.414 -32.036 7.940 -45.000 -30.743 12.009 -45.000
3 14 -30.198 11.796 -43.586 -30.743 12.009 -45.000 -32.036 7.940 -45.000
3 14 -32.036 7.940 -45.000 -31.468 7.799 -43.586 -30.198 11.796 -43.586
3 14 -28.880 11.282 -43.000 -30.198 11.796 -43.586 -31.468 7.799 -43.586
3 14 -31.468 7.799 -43.586 -30.095 7.459 -43.000 -28.880 11.282 -43.000
3 14 -28.722 7.119 -43.586 -30.095 7.459 -43.000 -30.805 3.511 -43.000
3 14 -30.805 3.511 -43.000 -29.401 3.346 -43.586 -28.722 7.119 -43.586
3 14 -28.153 6.978 -45.000 -28.722 7.119 -43.586 -29.401 3.346 -43.586
3 14 -29.401 3.346 -43.586 -28.819 3.278 -45.000 -28.153 6.978 -45.000
3 14 -28.722 7.119 -46.414 -28.153 6.978 -45.000 -28.819 3.278 -45.000
3 14 -28.819 3.278 -45.000 -29.401 3.346 -46.414 -28.722 7.119 -46.414
3 14 -30.095 7.459 -47.000 -28.722 7.119 -46.414 -29.401 3.346 -46.414
3 14 -29.401 3.346 -46.414 -30.805 3.511 -47.000 -30.095 7.459 -47.000
3 14 -31.468 7.799 -46.414 -30.095 7.459 -47.000 -30.805 3.511 -47.000
3 14 -30.805 3.511 -47.000 -32.210 3.676 -46.414 -31.468 7.799 -46.414
3 14 -32.036 7.940 -45.000 -31.468 7.799 -46.414 -32.210 3.676 -46.414
3 14 -32.210 3.676 -46.414 -32.792 3.744 -45.000 -32.036 7.940 -45.000
3 14 -31.468 7.799 -43.586 -32.036 7.940 -45.000 -32.792 3.744 -45.000
3 14 -32.792 3.744 -45.000 -32.210 3.676 -43.586 -31.468 7.799 -43.586
3 14 -30.095 7.459 -43.000 -31.468 7.799 -43.586 -32.210 3.676 -43.586
3 14 -32.210 3.676 -43.586 -30.805 3.511 -43.000 -30.095 7.459 -43.000
3 14 -29.401 3.346 -43.586 -30.805 3.511 -43.000 -31.000 0.000 -43.000
3 14 -31.000 0.000 -43.000 -29.586 0.000 -43.586 -29.401 3.346 -43.586
3 14 -28.819 3.278 -45.000 -29.401 3.346 -43.586 -29.586 0.000 -43.586
3 14 -29.586 0.000 -43.586 -29.000 0.000 -45.000 -28.819 3.278 -45.000
3 14 -29.401 3.346 -46.414 -28.819 3.278 -45.000 -29.000 0.000 -45.000
3 14 -29.000 0.000 -45.000 -29.586 0.000 -46.414 -29.401 3.346 -46.414
3 14 -30.805 3.511 -47.000 -29.401 3.346 -46.414 -29.586 0.000 -46.414
3 14 -29.586 0.000 -46.414 -31.000 0.000 -47.000 -30.805 3.511 -47.000
3 14 -32.210 3.676 -46.414 -30.805 3.511 -47.000 -31.000 0.000 -47.000
3 14 -31.000 0.000 -47.000 -32.414 0.000 -46.414 -32.210 3.676 -46.414
3 14 -32.792 3.744 -45.000 -32.210 3.676 -46.414 -32.414 0.000 -46.414
3 14 -32.414 0.000 -46.414 -33.000 0.000 -45.000 -32.792 3.744 -45.000
3 14 -32.210 3.676 -43.586 -32.792 3.744 -45.000 -33.000 0.000 -45.000
3 14 -33.000 0.000 -45.000 -32.414 0.000 -43.586 -32.210 3.676 -43.586
3 14 -30.805 3.511 -43.000 -32.210 3.676 -43.586 -32.414 0.000 -43.586
3 14 -32.414 0.000 -43.586 -31.000 0.000 -43.000 -30.805 3.511 -43.000
