0 FILE XPJ0119.DAT.dat
0 XPJ0119
0 Name:  UntitledModel
0 Author:  
0 BL_Item_No XPJ0119.DAT
0 BFC CERTIFY CCW
3 65 -0.536 28.581 1.414 -0.562 29.995 2.000 -40.881 29.239 2.000
3 65 -40.881 29.239 2.000 -40.854 27.825 1.414 -0.536 28.581 1.414
3 65 -0.525 27.995 0.000 -0.536 28.581 1.414 -40.854 27.825 1.414
3 65 -40.854 27.825 1.414 -40.843 27.239 0.000 -0.525 27.995 0.000
3 65 -0.536 28.581 -1.414 -0.525 27.995 0.000 -40.843 27.239 0.000
3 65 -40.843 27.239 0.000 -40.854 27.825 -1.414 -0.536 28.581 -1.414
3 65 -0.562 29.995 -2.000 -0.536 28.581 -1.414 -40.854 27.825 -1.414
3 65 -40.854 27.825 -1.414 -40.881 29.239 -2.000 -0.562 29.995 -2.000
3 65 -0.589 31.409 -1.414 -0.562 29.995 -2.000 -40.881 29.239 -2.000
3 65 -40.881 29.239 -2.000 -40.907 30.653 -1.414 -0.589 31.409 -1.414
3 65 -0.600 31.994 0.000 -0.589 31.409 -1.414 -40.907 30.653 -1.414
3 65 -40.907 30.653 -1.414 -40.918 31.238 0.000 -0.600 31.994 0.000
3 65 -0.589 31.409 1.414 -0.600 31.994 0.000 -40.918 31.238 0.000
3 65 -40.918 31.238 0.000 -40.907 30.653 1.414 -0.589 31.409 1.414
3 65 -0.562 29.995 2.000 -0.589 31.409 1.414 -40.907 30.653 1.414
3 65 -40.907 30.653 1.414 -40.881 29.239 2.000 -0.562 29.995 2.000
3 65 -40.854 27.825 1.414 -40.881 29.239 2.000 -80.700 28.492 2.000
3 65 -80.700 28.492 2.000 -80.673 27.078 1.414 -40.854 27.825 1.414
3 65 -40.843 27.239 0.000 -40.854 27.825 1.414 -80.673 27.078 1.414
3 65 -80.673 27.078 1.414 -80.662 26.493 0.000 -40.843 27.239 0.000
3 65 -40.854 27.825 -1.414 -40.843 27.239 0.000 -80.662 26.493 0.000
3 65 -80.662 26.493 0.000 -80.673 27.078 -1.414 -40.854 27.825 -1.414
3 65 -40.881 29.239 -2.000 -40.854 27.825 -1.414 -80.673 27.078 -1.414
3 65 -80.673 27.078 -1.414 -80.700 28.492 -2.000 -40.881 29.239 -2.000
3 65 -40.907 30.653 -1.414 -40.881 29.239 -2.000 -80.700 28.492 -2.000
3 65 -80.700 28.492 -2.000 -80.726 29.906 -1.414 -40.907 30.653 -1.414
3 65 -40.918 31.238 0.000 -40.907 30.653 -1.414 -80.726 29.906 -1.414
3 65 -80.726 29.906 -1.414 -80.737 30.492 0.000 -40.918 31.238 0.000
3 65 -40.907 30.653 1.414 -40.918 31.238 0.000 -80.737 30.492 0.000
3 65 -80.737 30.492 0.000 -80.726 29.906 1.414 -40.907 30.653 1.414
3 65 -40.881 29.239 2.000 -40.907 30.653 1.414 -80.726 29.906 1.414
3 65 -80.726 29.906 1.414 -80.700 28.492 2.000 -40.881 29.239 2.000
3 65 -80.673 27.078 1.414 -80.700 28.492 2.000 -120.518 27.746 2.000
3 65 -120.518 27.746 2.000 -120.492 26.332 1.414 -80.673 27.078 1.414
3 65 -80.662 26.493 0.000 -80.673 27.078 1.414 -120.492 26.332 1.414
3 65 -120.492 26.332 1.414 -120.481 25.746 0.000 -80.662 26.493 0.000
3 65 -80.673 27.078 -1.414 -80.662 26.493 0.000 -120.481 25.746 0.000
3 65 -120.481 25.746 0.000 -120.492 26.332 -1.414 -80.673 27.078 -1.414
3 65 -80.700 28.492 -2.000 -80.673 27.078 -1.414 -120.492 26.332 -1.414
3 65 -120.492 26.332 -1.414 -120.518 27.746 -2.000 -80.700 28.492 -2.000
3 65 -80.726 29.906 -1.414 -80.700 28.492 -2.000 -120.518 27.746 -2.000
3 65 -120.518 27.746 -2.000 -120.545 29.160 -1.414 -80.726 29.906 -1.414
3 65 -80.737 30.492 0.000 -80.726 29.906 -1.414 -120.545 29.160 -1.414
3 65 -120.545 29.160 -1.414 -120.556 29.745 0.000 -80.737 30.492 0.000
3 65 -80.726 29.906 1.414 -80.737 30.492 0.000 -120.556 29.745 0.000
3 65 -120.556 29.745 0.000 -120.545 29.160 1.414 -80.726 29.906 1.414
3 65 -80.700 28.492 2.000 -80.726 29.906 1.414 -120.545 29.160 1.414
3 65 -120.545 29.160 1.414 -120.518 27.746 2.000 -80.700 28.492 2.000
3 65 -120.492 26.332 1.414 -120.518 27.746 2.000 -160.337 26.999 2.000
3 65 -160.337 26.999 2.000 -160.268 25.586 1.414 -120.492 26.332 1.414
3 65 -120.481 25.746 0.000 -120.492 26.332 1.414 -160.268 25.586 1.414
3 65 -160.268 25.586 1.414 -160.239 25.001 0.000 -120.481 25.746 0.000
3 65 -120.492 26.332 -1.414 -120.481 25.746 0.000 -160.239 25.001 0.000
3 65 -160.239 25.001 0.000 -160.268 25.586 -1.414 -120.492 26.332 -1.414
3 65 -120.518 27.746 -2.000 -120.492 26.332 -1.414 -160.268 25.586 -1.414
3 65 -160.268 25.586 -1.414 -160.337 26.999 -2.000 -120.518 27.746 -2.000
3 65 -120.545 29.160 -1.414 -120.518 27.746 -2.000 -160.337 26.999 -2.000
3 65 -160.337 26.999 -2.000 -160.406 28.412 -1.414 -120.545 29.160 -1.414
3 65 -120.556 29.745 0.000 -120.545 29.160 -1.414 -160.406 28.412 -1.414
3 65 -160.406 28.412 -1.414 -160.434 28.997 0.000 -120.556 29.745 0.000
3 65 -120.545 29.160 1.414 -120.556 29.745 0.000 -160.434 28.997 0.000
3 65 -160.434 28.997 0.000 -160.406 28.412 1.414 -120.545 29.160 1.414
3 65 -120.518 27.746 2.000 -120.545 29.160 1.414 -160.406 28.412 1.414
3 65 -160.406 28.412 1.414 -160.337 26.999 2.000 -120.518 27.746 2.000
3 65 -160.268 25.586 1.414 -160.337 26.999 2.000 -164.304 26.686 2.000
3 65 -164.304 26.686 2.000 -164.101 25.287 1.414 -160.268 25.586 1.414
3 65 -160.239 25.001 0.000 -160.268 25.586 1.414 -164.101 25.287 1.414
3 65 -164.101 25.287 1.414 -164.016 24.707 0.000 -160.239 25.001 0.000
3 65 -160.268 25.586 -1.414 -160.239 25.001 0.000 -164.016 24.707 0.000
3 65 -164.016 24.707 0.000 -164.101 25.287 -1.414 -160.268 25.586 -1.414
3 65 -160.337 26.999 -2.000 -160.268 25.586 -1.414 -164.101 25.287 -1.414
3 65 -164.101 25.287 -1.414 -164.304 26.686 -2.000 -160.337 26.999 -2.000
3 65 -160.406 28.412 -1.414 -160.337 26.999 -2.000 -164.304 26.686 -2.000
3 65 -164.304 26.686 -2.000 -164.508 28.086 -1.414 -160.406 28.412 -1.414
3 65 -160.434 28.997 0.000 -160.406 28.412 -1.414 -164.508 28.086 -1.414
3 65 -164.508 28.086 -1.414 -164.592 28.665 0.000 -160.434 28.997 0.000
3 65 -160.406 28.412 1.414 -160.434 28.997 0.000 -164.592 28.665 0.000
3 65 -164.592 28.665 0.000 -164.508 28.086 1.414 -160.406 28.412 1.414
3 65 -160.337 26.999 2.000 -160.406 28.412 1.414 -164.508 28.086 1.414
3 65 -164.508 28.086 1.414 -164.304 26.686 2.000 -160.337 26.999 2.000
3 65 -164.101 25.287 1.414 -164.304 26.686 2.000 -168.196 25.856 2.000
3 65 -168.196 25.856 2.000 -167.810 24.496 1.414 -164.101 25.287 1.414
3 65 -164.016 24.707 0.000 -164.101 25.287 1.414 -167.810 24.496 1.414
3 65 -167.810 24.496 1.414 -167.650 23.932 0.000 -164.016 24.707 0.000
3 65 -164.101 25.287 -1.414 -164.016 24.707 0.000 -167.650 23.932 0.000
3 65 -167.650 23.932 0.000 -167.810 24.496 -1.414 -164.101 25.287 -1.414
3 65 -164.304 26.686 -2.000 -164.101 25.287 -1.414 -167.810 24.496 -1.414
3 65 -167.810 24.496 -1.414 -168.196 25.856 -2.000 -164.304 26.686 -2.000
3 65 -164.508 28.086 -1.414 -164.304 26.686 -2.000 -168.196 25.856 -2.000
3 65 -168.196 25.856 -2.000 -168.582 27.217 -1.414 -164.508 28.086 -1.414
3 65 -164.592 28.665 0.000 -164.508 28.086 -1.414 -168.582 27.217 -1.414
3 65 -168.582 27.217 -1.414 -168.742 27.780 0.000 -164.592 28.665 0.000
3 65 -164.508 28.086 1.414 -164.592 28.665 0.000 -168.742 27.780 0.000
3 65 -168.742 27.780 0.000 -168.582 27.217 1.414 -164.508 28.086 1.414
3 65 -164.304 26.686 2.000 -164.508 28.086 1.414 -168.582 27.217 1.414
3 65 -168.582 27.217 1.414 -168.196 25.856 2.000 -164.304 26.686 2.000
3 65 -167.810 24.496 1.414 -168.196 25.856 2.000 -171.944 24.518 2.000
3 65 -171.944 24.518 2.000 -171.381 23.221 1.414 -167.810 24.496 1.414
3 65 -167.650 23.932 0.000 -167.810 24.496 1.414 -171.381 23.221 1.414
3 65 -171.381 23.221 1.414 -171.148 22.684 0.000 -167.650 23.932 0.000
3 65 -167.810 24.496 -1.414 -167.650 23.932 0.000 -171.148 22.684 0.000
3 65 -171.148 22.684 0.000 -171.381 23.221 -1.414 -167.810 24.496 -1.414
3 65 -168.196 25.856 -2.000 -167.810 24.496 -1.414 -171.381 23.221 -1.414
3 65 -171.381 23.221 -1.414 -171.944 24.518 -2.000 -168.196 25.856 -2.000
3 65 -168.582 27.217 -1.414 -168.196 25.856 -2.000 -171.944 24.518 -2.000
3 65 -171.944 24.518 -2.000 -172.507 25.815 -1.414 -168.582 27.217 -1.414
3 65 -168.742 27.780 0.000 -168.582 27.217 -1.414 -172.507 25.815 -1.414
3 65 -172.507 25.815 -1.414 -172.740 26.353 0.000 -168.742 27.780 0.000
3 65 -168.582 27.217 1.414 -168.742 27.780 0.000 -172.740 26.353 0.000
3 65 -172.740 26.353 0.000 -172.507 25.815 1.414 -168.582 27.217 1.414
3 65 -168.196 25.856 2.000 -168.582 27.217 1.414 -172.507 25.815 1.414
3 65 -172.507 25.815 1.414 -171.944 24.518 2.000 -168.196 25.856 2.000
3 65 -171.381 23.221 1.414 -171.944 24.518 2.000 -175.481 22.694 2.000
3 65 -175.481 22.694 2.000 -174.751 21.483 1.414 -171.381 23.221 1.414
3 65 -171.148 22.684 0.000 -171.381 23.221 1.414 -174.751 21.483 1.414
3 65 -174.751 21.483 1.414 -174.449 20.981 0.000 -171.148 22.684 0.000
3 65 -171.381 23.221 -1.414 -171.148 22.684 0.000 -174.449 20.981 0.000
3 65 -174.449 20.981 0.000 -174.751 21.483 -1.414 -171.381 23.221 -1.414
3 65 -171.944 24.518 -2.000 -171.381 23.221 -1.414 -174.751 21.483 -1.414
3 65 -174.751 21.483 -1.414 -175.481 22.694 -2.000 -171.944 24.518 -2.000
3 65 -172.507 25.815 -1.414 -171.944 24.518 -2.000 -175.481 22.694 -2.000
3 65 -175.481 22.694 -2.000 -176.211 23.905 -1.414 -172.507 25.815 -1.414
3 65 -172.740 26.353 0.000 -172.507 25.815 -1.414 -176.211 23.905 -1.414
3 65 -176.211 23.905 -1.414 -176.513 24.407 0.000 -172.740 26.353 0.000
3 65 -172.507 25.815 1.414 -172.740 26.353 0.000 -176.513 24.407 0.000
3 65 -176.513 24.407 0.000 -176.211 23.905 1.414 -172.507 25.815 1.414
3 65 -171.944 24.518 2.000 -172.507 25.815 1.414 -176.211 23.905 1.414
3 65 -176.211 23.905 1.414 -175.481 22.694 2.000 -171.944 24.518 2.000
3 65 -174.751 21.483 1.414 -175.481 22.694 2.000 -178.746 20.419 2.000
3 65 -178.746 20.419 2.000 -177.862 19.314 1.414 -174.751 21.483 1.414
3 65 -174.449 20.981 0.000 -174.751 21.483 1.414 -177.862 19.314 1.414
3 65 -177.862 19.314 1.414 -177.496 18.857 0.000 -174.449 20.981 0.000
3 65 -174.751 21.483 -1.414 -174.449 20.981 0.000 -177.496 18.857 0.000
3 65 -177.496 18.857 0.000 -177.862 19.314 -1.414 -174.751 21.483 -1.414
3 65 -175.481 22.694 -2.000 -174.751 21.483 -1.414 -177.862 19.314 -1.414
3 65 -177.862 19.314 -1.414 -178.746 20.419 -2.000 -175.481 22.694 -2.000
3 65 -176.211 23.905 -1.414 -175.481 22.694 -2.000 -178.746 20.419 -2.000
3 65 -178.746 20.419 -2.000 -179.629 21.523 -1.414 -176.211 23.905 -1.414
3 65 -176.513 24.407 0.000 -176.211 23.905 -1.414 -179.629 21.523 -1.414
3 65 -179.629 21.523 -1.414 -179.995 21.980 0.000 -176.513 24.407 0.000
3 65 -176.211 23.905 1.414 -176.513 24.407 0.000 -179.995 21.980 0.000
3 65 -179.995 21.980 0.000 -179.629 21.523 1.414 -176.211 23.905 1.414
3 65 -175.481 22.694 2.000 -176.211 23.905 1.414 -179.629 21.523 1.414
3 65 -179.629 21.523 1.414 -178.746 20.419 2.000 -175.481 22.694 2.000
3 65 -177.862 19.314 1.414 -178.746 20.419 2.000 -181.681 17.732 2.000
3 65 -181.681 17.732 2.000 -180.659 16.754 1.414 -177.862 19.314 1.414
3 65 -177.496 18.857 0.000 -177.862 19.314 1.414 -180.659 16.754 1.414
3 65 -180.659 16.754 1.414 -180.236 16.349 0.000 -177.496 18.857 0.000
3 65 -177.862 19.314 -1.414 -177.496 18.857 0.000 -180.236 16.349 0.000
3 65 -180.236 16.349 0.000 -180.659 16.754 -1.414 -177.862 19.314 -1.414
3 65 -178.746 20.419 -2.000 -177.862 19.314 -1.414 -180.659 16.754 -1.414
3 65 -180.659 16.754 -1.414 -181.681 17.732 -2.000 -178.746 20.419 -2.000
3 65 -179.629 21.523 -1.414 -178.746 20.419 -2.000 -181.681 17.732 -2.000
3 65 -181.681 17.732 -2.000 -182.703 18.709 -1.414 -179.629 21.523 -1.414
3 65 -179.995 21.980 0.000 -179.629 21.523 -1.414 -182.703 18.709 -1.414
3 65 -182.703 18.709 -1.414 -183.126 19.114 0.000 -179.995 21.980 0.000
3 65 -179.629 21.523 1.414 -179.995 21.980 0.000 -183.126 19.114 0.000
3 65 -183.126 19.114 0.000 -182.703 18.709 1.414 -179.629 21.523 1.414
3 65 -178.746 20.419 2.000 -179.629 21.523 1.414 -182.703 18.709 1.414
3 65 -182.703 18.709 1.414 -181.681 17.732 2.000 -178.746 20.419 2.000
3 65 -180.659 16.754 1.414 -181.681 17.732 2.000 -184.235 14.680 2.000
3 65 -184.235 14.680 2.000 -183.093 13.847 1.414 -180.659 16.754 1.414
3 65 -180.236 16.349 0.000 -180.659 16.754 1.414 -183.093 13.847 1.414
3 65 -183.093 13.847 1.414 -182.619 13.502 0.000 -180.236 16.349 0.000
3 65 -180.659 16.754 -1.414 -180.236 16.349 0.000 -182.619 13.502 0.000
3 65 -182.619 13.502 0.000 -183.093 13.847 -1.414 -180.659 16.754 -1.414
3 65 -181.681 17.732 -2.000 -180.659 16.754 -1.414 -183.093 13.847 -1.414
3 65 -183.093 13.847 -1.414 -184.235 14.680 -2.000 -181.681 17.732 -2.000
3 65 -182.703 18.709 -1.414 -181.681 17.732 -2.000 -184.235 14.680 -2.000
3 65 -184.235 14.680 -2.000 -185.378 15.513 -1.414 -182.703 18.709 -1.414
3 65 -183.126 19.114 0.000 -182.703 18.709 -1.414 -185.378 15.513 -1.414
3 65 -185.378 15.513 -1.414 -185.851 15.858 0.000 -183.126 19.114 0.000
3 65 -182.703 18.709 1.414 -183.126 19.114 0.000 -185.851 15.858 0.000
3 65 -185.851 15.858 0.000 -185.378 15.513 1.414 -182.703 18.709 1.414
3 65 -181.681 17.732 2.000 -182.703 18.709 1.414 -185.378 15.513 1.414
3 65 -185.378 15.513 1.414 -184.235 14.680 2.000 -181.681 17.732 2.000
3 65 -183.093 13.847 1.414 -184.235 14.680 2.000 -186.360 11.315 2.000
3 65 -186.360 11.315 2.000 -185.117 10.641 1.414 -183.093 13.847 1.414
3 65 -182.619 13.502 0.000 -183.093 13.847 1.414 -185.117 10.641 1.414
3 65 -185.117 10.641 1.414 -184.603 10.361 0.000 -182.619 13.502 0.000
3 65 -183.093 13.847 -1.414 -182.619 13.502 0.000 -184.603 10.361 0.000
3 65 -184.603 10.361 0.000 -185.117 10.641 -1.414 -183.093 13.847 -1.414
3 65 -184.235 14.680 -2.000 -183.093 13.847 -1.414 -185.117 10.641 -1.414
3 65 -185.117 10.641 -1.414 -186.360 11.315 -2.000 -184.235 14.680 -2.000
3 65 -185.378 15.513 -1.414 -184.235 14.680 -2.000 -186.360 11.315 -2.000
3 65 -186.360 11.315 -2.000 -187.603 11.990 -1.414 -185.378 15.513 -1.414
3 65 -185.851 15.858 0.000 -185.378 15.513 -1.414 -187.603 11.990 -1.414
3 65 -187.603 11.990 -1.414 -188.118 12.270 0.000 -185.851 15.858 0.000
3 65 -185.378 15.513 1.414 -185.851 15.858 0.000 -188.118 12.270 0.000
3 65 -188.118 12.270 0.000 -187.603 11.990 1.414 -185.378 15.513 1.414
3 65 -184.235 14.680 2.000 -185.378 15.513 1.414 -187.603 11.990 1.414
3 65 -187.603 11.990 1.414 -186.360 11.315 2.000 -184.235 14.680 2.000
3 65 -185.117 10.641 1.414 -186.360 11.315 2.000 -188.024 7.700 2.000
3 65 -188.024 7.700 2.000 -186.703 7.196 1.414 -185.117 10.641 1.414
3 65 -184.603 10.361 0.000 -185.117 10.641 1.414 -186.703 7.196 1.414
3 65 -186.703 7.196 1.414 -186.156 6.987 0.000 -184.603 10.361 0.000
3 65 -185.117 10.641 -1.414 -184.603 10.361 0.000 -186.156 6.987 0.000
3 65 -186.156 6.987 0.000 -186.703 7.196 -1.414 -185.117 10.641 -1.414
3 65 -186.360 11.315 -2.000 -185.117 10.641 -1.414 -186.703 7.196 -1.414
3 65 -186.703 7.196 -1.414 -188.024 7.700 -2.000 -186.360 11.315 -2.000
3 65 -187.603 11.990 -1.414 -186.360 11.315 -2.000 -188.024 7.700 -2.000
3 65 -188.024 7.700 -2.000 -189.345 8.205 -1.414 -187.603 11.990 -1.414
3 65 -188.118 12.270 0.000 -187.603 11.990 -1.414 -189.345 8.205 -1.414
3 65 -189.345 8.205 -1.414 -189.893 8.414 0.000 -188.118 12.270 0.000
3 65 -187.603 11.990 1.414 -188.118 12.270 0.000 -189.893 8.414 0.000
3 65 -189.893 8.414 0.000 -189.345 8.205 1.414 -187.603 11.990 1.414
3 65 -186.360 11.315 2.000 -187.603 11.990 1.414 -189.345 8.205 1.414
3 65 -189.345 8.205 1.414 -188.024 7.700 2.000 -186.360 11.315 2.000
3 65 -186.703 7.196 1.414 -188.024 7.700 2.000 -189.195 3.897 2.000
3 65 -189.195 3.897 2.000 -187.819 3.572 1.414 -186.703 7.196 1.414
3 65 -186.156 6.987 0.000 -186.703 7.196 1.414 -187.819 3.572 1.414
3 65 -187.819 3.572 1.414 -187.249 3.437 0.000 -186.156 6.987 0.000
3 65 -186.703 7.196 -1.414 -186.156 6.987 0.000 -187.249 3.437 0.000
3 65 -187.249 3.437 0.000 -187.819 3.572 -1.414 -186.703 7.196 -1.414
3 65 -188.024 7.700 -2.000 -186.703 7.196 -1.414 -187.819 3.572 -1.414
3 65 -187.819 3.572 -1.414 -189.195 3.897 -2.000 -188.024 7.700 -2.000
3 65 -189.345 8.205 -1.414 -188.024 7.700 -2.000 -189.195 3.897 -2.000
3 65 -189.195 3.897 -2.000 -190.571 4.222 -1.414 -189.345 8.205 -1.414
3 65 -189.893 8.414 0.000 -189.345 8.205 -1.414 -190.571 4.222 -1.414
3 65 -190.571 4.222 -1.414 -191.141 4.356 0.000 -189.893 8.414 0.000
3 65 -189.345 8.205 1.414 -189.893 8.414 0.000 -191.141 4.356 0.000
3 65 -191.141 4.356 0.000 -190.571 4.222 1.414 -189.345 8.205 1.414
3 65 -188.024 7.700 2.000 -189.345 8.205 1.414 -190.571 4.222 1.414
3 65 -190.571 4.222 1.414 -189.195 3.897 2.000 -188.024 7.700 2.000
3 65 -187.819 3.572 1.414 -189.195 3.897 2.000 -189.849 -0.029 2.000
3 65 -189.849 -0.029 2.000 -188.442 -0.168 1.414 -187.819 3.572 1.414
3 65 -187.249 3.437 0.000 -187.819 3.572 1.414 -188.442 -0.168 1.414
3 65 -188.442 -0.168 1.414 -187.859 -0.226 0.000 -187.249 3.437 0.000
3 65 -187.819 3.572 -1.414 -187.249 3.437 0.000 -187.859 -0.226 0.000
3 65 -187.859 -0.226 0.000 -188.442 -0.168 -1.414 -187.819 3.572 -1.414
3 65 -189.195 3.897 -2.000 -187.819 3.572 -1.414 -188.442 -0.168 -1.414
3 65 -188.442 -0.168 -1.414 -189.849 -0.029 -2.000 -189.195 3.897 -2.000
3 65 -190.571 4.222 -1.414 -189.195 3.897 -2.000 -189.849 -0.029 -2.000
3 65 -189.849 -0.029 -2.000 -191.257 0.111 -1.414 -190.571 4.222 -1.414
3 65 -191.141 4.356 0.000 -190.571 4.222 -1.414 -191.257 0.111 -1.414
3 65 -191.257 0.111 -1.414 -191.840 0.169 0.000 -191.141 4.356 0.000
3 65 -190.571 4.222 1.414 -191.141 4.356 0.000 -191.840 0.169 0.000
3 65 -191.840 0.169 0.000 -191.257 0.111 1.414 -190.571 4.222 1.414
3 65 -189.195 3.897 2.000 -190.571 4.222 1.414 -191.257 0.111 1.414
3 65 -191.257 0.111 1.414 -189.849 -0.029 2.000 -189.195 3.897 2.000
3 65 -188.442 -0.168 1.414 -189.849 -0.029 2.000 -189.980 -4.006 2.000
3 65 -189.980 -4.006 2.000 -188.567 -3.959 1.414 -188.442 -0.168 1.414
3 65 -187.859 -0.226 0.000 -188.442 -0.168 1.414 -188.567 -3.959 1.414
3 65 -188.567 -3.959 1.414 -187.982 -3.939 0.000 -187.859 -0.226 0.000
3 65 -188.442 -0.168 -1.414 -187.859 -0.226 0.000 -187.982 -3.939 0.000
3 65 -187.982 -3.939 0.000 -188.567 -3.959 -1.414 -188.442 -0.168 -1.414
3 65 -189.849 -0.029 -2.000 -188.442 -0.168 -1.414 -188.567 -3.959 -1.414
3 65 -188.567 -3.959 -1.414 -189.980 -4.006 -2.000 -189.849 -0.029 -2.000
3 65 -191.257 0.111 -1.414 -189.849 -0.029 -2.000 -189.980 -4.006 -2.000
3 65 -189.980 -4.006 -2.000 -191.394 -4.053 -1.414 -191.257 0.111 -1.414
3 65 -191.840 0.169 0.000 -191.257 0.111 -1.414 -191.394 -4.053 -1.414
3 65 -191.394 -4.053 -1.414 -191.979 -4.073 0.000 -191.840 0.169 0.000
3 65 -191.257 0.111 1.414 -191.840 0.169 0.000 -191.979 -4.073 0.000
3 65 -191.979 -4.073 0.000 -191.394 -4.053 1.414 -191.257 0.111 1.414
3 65 -189.849 -0.029 2.000 -191.257 0.111 1.414 -191.394 -4.053 1.414
3 65 -191.394 -4.053 1.414 -189.980 -4.006 2.000 -189.849 -0.029 2.000
3 65 -188.567 -3.959 1.414 -189.980 -4.006 2.000 -189.584 -7.966 2.000
3 65 -189.584 -7.966 2.000 -188.190 -7.732 1.414 -188.567 -3.959 1.414
3 65 -187.982 -3.939 0.000 -188.567 -3.959 1.414 -188.190 -7.732 1.414
3 65 -188.190 -7.732 1.414 -187.612 -7.635 0.000 -187.982 -3.939 0.000
3 65 -188.567 -3.959 -1.414 -187.982 -3.939 0.000 -187.612 -7.635 0.000
3 65 -187.612 -7.635 0.000 -188.190 -7.732 -1.414 -188.567 -3.959 -1.414
3 65 -189.980 -4.006 -2.000 -188.567 -3.959 -1.414 -188.190 -7.732 -1.414
3 65 -188.190 -7.732 -1.414 -189.584 -7.966 -2.000 -189.980 -4.006 -2.000
3 65 -191.394 -4.053 -1.414 -189.980 -4.006 -2.000 -189.584 -7.966 -2.000
3 65 -189.584 -7.966 -2.000 -190.979 -8.199 -1.414 -191.394 -4.053 -1.414
3 65 -191.979 -4.073 0.000 -191.394 -4.053 -1.414 -190.979 -8.199 -1.414
3 65 -190.979 -8.199 -1.414 -191.557 -8.296 0.000 -191.979 -4.073 0.000
3 65 -191.394 -4.053 1.414 -191.979 -4.073 0.000 -191.557 -8.296 0.000
3 65 -191.557 -8.296 0.000 -190.979 -8.199 1.414 -191.394 -4.053 1.414
3 65 -189.980 -4.006 2.000 -191.394 -4.053 1.414 -190.979 -8.199 1.414
3 65 -190.979 -8.199 1.414 -189.584 -7.966 2.000 -189.980 -4.006 2.000
3 65 -188.190 -7.732 1.414 -189.584 -7.966 2.000 -188.668 -11.838 2.000
3 65 -188.668 -11.838 2.000 -187.316 -11.422 1.414 -188.190 -7.732 1.414
3 65 -187.612 -7.635 0.000 -188.190 -7.732 1.414 -187.316 -11.422 1.414
3 65 -187.316 -11.422 1.414 -186.757 -11.249 0.000 -187.612 -7.635 0.000
3 65 -188.190 -7.732 -1.414 -187.612 -7.635 0.000 -186.757 -11.249 0.000
3 65 -186.757 -11.249 0.000 -187.316 -11.422 -1.414 -188.190 -7.732 -1.414
3 65 -189.584 -7.966 -2.000 -188.190 -7.732 -1.414 -187.316 -11.422 -1.414
3 65 -187.316 -11.422 -1.414 -188.668 -11.838 -2.000 -189.584 -7.966 -2.000
3 65 -190.979 -8.199 -1.414 -189.584 -7.966 -2.000 -188.668 -11.838 -2.000
3 65 -188.668 -11.838 -2.000 -190.019 -12.255 -1.414 -190.979 -8.199 -1.414
3 65 -191.557 -8.296 0.000 -190.979 -8.199 -1.414 -190.019 -12.255 -1.414
3 65 -190.019 -12.255 -1.414 -190.579 -12.428 0.000 -191.557 -8.296 0.000
3 65 -190.979 -8.199 1.414 -191.557 -8.296 0.000 -190.579 -12.428 0.000
3 65 -190.579 -12.428 0.000 -190.019 -12.255 1.414 -190.979 -8.199 1.414
3 65 -189.584 -7.966 2.000 -190.979 -8.199 1.414 -190.019 -12.255 1.414
3 65 -190.019 -12.255 1.414 -188.668 -11.838 2.000 -189.584 -7.966 2.000
3 65 -187.316 -11.422 1.414 -188.668 -11.838 2.000 -187.243 -15.554 2.000
3 65 -187.243 -15.554 2.000 -185.959 -14.962 1.414 -187.316 -11.422 1.414
3 65 -186.757 -11.249 0.000 -187.316 -11.422 1.414 -185.959 -14.962 1.414
3 65 -185.959 -14.962 1.414 -185.427 -14.717 0.000 -186.757 -11.249 0.000
3 65 -187.316 -11.422 -1.414 -186.757 -11.249 0.000 -185.427 -14.717 0.000
3 65 -185.427 -14.717 0.000 -185.959 -14.962 -1.414 -187.316 -11.422 -1.414
3 65 -188.668 -11.838 -2.000 -187.316 -11.422 -1.414 -185.959 -14.962 -1.414
3 65 -185.959 -14.962 -1.414 -187.243 -15.554 -2.000 -188.668 -11.838 -2.000
3 65 -190.019 -12.255 -1.414 -188.668 -11.838 -2.000 -187.243 -15.554 -2.000
3 65 -187.243 -15.554 -2.000 -188.528 -16.147 -1.414 -190.019 -12.255 -1.414
3 65 -190.579 -12.428 0.000 -190.019 -12.255 -1.414 -188.528 -16.147 -1.414
3 65 -188.528 -16.147 -1.414 -189.060 -16.392 0.000 -190.579 -12.428 0.000
3 65 -190.019 -12.255 1.414 -190.579 -12.428 0.000 -189.060 -16.392 0.000
3 65 -189.060 -16.392 0.000 -188.528 -16.147 1.414 -190.019 -12.255 1.414
3 65 -188.668 -11.838 2.000 -190.019 -12.255 1.414 -188.528 -16.147 1.414
3 65 -188.528 -16.147 1.414 -187.243 -15.554 2.000 -188.668 -11.838 2.000
3 65 -185.959 -14.962 1.414 -187.243 -15.554 2.000 -185.343 -19.051 2.000
3 65 -185.343 -19.051 2.000 -184.148 -18.294 1.414 -185.959 -14.962 1.414
3 65 -185.427 -14.717 0.000 -185.959 -14.962 1.414 -184.148 -18.294 1.414
3 65 -184.148 -18.294 1.414 -183.653 -17.981 0.000 -185.427 -14.717 0.000
3 65 -185.959 -14.962 -1.414 -185.427 -14.717 0.000 -183.653 -17.981 0.000
3 65 -183.653 -17.981 0.000 -184.148 -18.294 -1.414 -185.959 -14.962 -1.414
3 65 -187.243 -15.554 -2.000 -185.959 -14.962 -1.414 -184.148 -18.294 -1.414
3 65 -184.148 -18.294 -1.414 -185.343 -19.051 -2.000 -187.243 -15.554 -2.000
3 65 -188.528 -16.147 -1.414 -187.243 -15.554 -2.000 -185.343 -19.051 -2.000
3 65 -185.343 -19.051 -2.000 -186.538 -19.807 -1.414 -188.528 -16.147 -1.414
3 65 -189.060 -16.392 0.000 -188.528 -16.147 -1.414 -186.538 -19.807 -1.414
3 65 -186.538 -19.807 -1.414 -187.033 -20.120 0.000 -189.060 -16.392 0.000
3 65 -188.528 -16.147 1.414 -189.060 -16.392 0.000 -187.033 -20.120 0.000
3 65 -187.033 -20.120 0.000 -186.538 -19.807 1.414 -188.528 -16.147 1.414
3 65 -187.243 -15.554 2.000 -188.528 -16.147 1.414 -186.538 -19.807 1.414
3 65 -186.538 -19.807 1.414 -185.343 -19.051 2.000 -187.243 -15.554 2.000
3 65 -184.148 -18.294 1.414 -185.343 -19.051 2.000 -182.996 -22.265 2.000
3 65 -182.996 -22.265 2.000 -181.914 -21.354 1.414 -184.148 -18.294 1.414
3 65 -183.653 -17.981 0.000 -184.148 -18.294 1.414 -181.914 -21.354 1.414
3 65 -181.914 -21.354 1.414 -181.466 -20.976 0.000 -183.653 -17.981 0.000
3 65 -184.148 -18.294 -1.414 -183.653 -17.981 0.000 -181.466 -20.976 0.000
3 65 -181.466 -20.976 0.000 -181.914 -21.354 -1.414 -184.148 -18.294 -1.414
3 65 -185.343 -19.051 -2.000 -184.148 -18.294 -1.414 -181.914 -21.354 -1.414
3 65 -181.914 -21.354 -1.414 -182.996 -22.265 -2.000 -185.343 -19.051 -2.000
3 65 -186.538 -19.807 -1.414 -185.343 -19.051 -2.000 -182.996 -22.265 -2.000
3 65 -182.996 -22.265 -2.000 -184.078 -23.176 -1.414 -186.538 -19.807 -1.414
3 65 -187.033 -20.120 0.000 -186.538 -19.807 -1.414 -184.078 -23.176 -1.414
3 65 -184.078 -23.176 -1.414 -184.526 -23.553 0.000 -187.033 -20.120 0.000
3 65 -186.538 -19.807 1.414 -187.033 -20.120 0.000 -184.526 -23.553 0.000
3 65 -184.526 -23.553 0.000 -184.078 -23.176 1.414 -186.538 -19.807 1.414
3 65 -185.343 -19.051 2.000 -186.538 -19.807 1.414 -184.078 -23.176 1.414
3 65 -184.078 -23.176 1.414 -182.996 -22.265 2.000 -185.343 -19.051 2.000
3 65 -181.914 -21.354 1.414 -182.996 -22.265 2.000 -179.879 -25.482 2.000
3 65 -179.879 -25.482 2.000 -178.938 -24.427 1.414 -181.914 -21.354 1.414
3 65 -181.466 -20.976 0.000 -181.914 -21.354 1.414 -178.938 -24.427 1.414
3 65 -178.938 -24.427 1.414 -178.548 -23.990 0.000 -181.466 -20.976 0.000
3 65 -181.914 -21.354 -1.414 -181.466 -20.976 0.000 -178.548 -23.990 0.000
3 65 -178.548 -23.990 0.000 -178.938 -24.427 -1.414 -181.914 -21.354 -1.414
3 65 -182.996 -22.265 -2.000 -181.914 -21.354 -1.414 -178.938 -24.427 -1.414
3 65 -178.938 -24.427 -1.414 -179.879 -25.482 -2.000 -182.996 -22.265 -2.000
3 65 -184.078 -23.176 -1.414 -182.996 -22.265 -2.000 -179.879 -25.482 -2.000
3 65 -179.879 -25.482 -2.000 -180.821 -26.537 -1.414 -184.078 -23.176 -1.414
3 65 -184.526 -23.553 0.000 -184.078 -23.176 -1.414 -180.821 -26.537 -1.414
3 65 -180.821 -26.537 -1.414 -181.211 -26.974 0.000 -184.526 -23.553 0.000
3 65 -184.078 -23.176 1.414 -184.526 -23.553 0.000 -181.211 -26.974 0.000
3 65 -181.211 -26.974 0.000 -180.821 -26.537 1.414 -184.078 -23.176 1.414
3 65 -182.996 -22.265 2.000 -184.078 -23.176 1.414 -180.821 -26.537 1.414
3 65 -180.821 -26.537 1.414 -179.879 -25.482 2.000 -182.996 -22.265 2.000
3 65 -178.938 -24.427 1.414 -179.879 -25.482 2.000 -176.725 -27.911 2.000
3 65 -176.725 -27.911 2.000 -175.938 -26.736 1.414 -178.938 -24.427 1.414
3 65 -178.548 -23.990 0.000 -178.938 -24.427 1.414 -175.938 -26.736 1.414
3 65 -175.938 -26.736 1.414 -175.612 -26.250 0.000 -178.548 -23.990 0.000
3 65 -178.938 -24.427 -1.414 -178.548 -23.990 0.000 -175.612 -26.250 0.000
3 65 -175.612 -26.250 0.000 -175.938 -26.736 -1.414 -178.938 -24.427 -1.414
3 65 -179.879 -25.482 -2.000 -178.938 -24.427 -1.414 -175.938 -26.736 -1.414
3 65 -175.938 -26.736 -1.414 -176.725 -27.911 -2.000 -179.879 -25.482 -2.000
3 65 -180.821 -26.537 -1.414 -179.879 -25.482 -2.000 -176.725 -27.911 -2.000
3 65 -176.725 -27.911 -2.000 -177.513 -29.086 -1.414 -180.821 -26.537 -1.414
3 65 -181.211 -26.974 0.000 -180.821 -26.537 -1.414 -177.513 -29.086 -1.414
3 65 -177.513 -29.086 -1.414 -177.839 -29.572 0.000 -181.211 -26.974 0.000
3 65 -180.821 -26.537 1.414 -181.211 -26.974 0.000 -177.839 -29.572 0.000
3 65 -177.839 -29.572 0.000 -177.513 -29.086 1.414 -180.821 -26.537 1.414
3 65 -179.879 -25.482 2.000 -180.821 -26.537 1.414 -177.513 -29.086 1.414
3 65 -177.513 -29.086 1.414 -176.725 -27.911 2.000 -179.879 -25.482 2.000
3 65 -175.938 -26.736 1.414 -176.725 -27.911 2.000 -173.281 -29.906 2.000
3 65 -173.281 -29.906 2.000 -172.655 -28.638 1.414 -175.938 -26.736 1.414
3 65 -175.612 -26.250 0.000 -175.938 -26.736 1.414 -172.655 -28.638 1.414
3 65 -172.655 -28.638 1.414 -172.396 -28.113 0.000 -175.612 -26.250 0.000
3 65 -175.938 -26.736 -1.414 -175.612 -26.250 0.000 -172.396 -28.113 0.000
3 65 -172.396 -28.113 0.000 -172.655 -28.638 -1.414 -175.938 -26.736 -1.414
3 65 -176.725 -27.911 -2.000 -175.938 -26.736 -1.414 -172.655 -28.638 -1.414
3 65 -172.655 -28.638 -1.414 -173.281 -29.906 -2.000 -176.725 -27.911 -2.000
3 65 -177.513 -29.086 -1.414 -176.725 -27.911 -2.000 -173.281 -29.906 -2.000
3 65 -173.281 -29.906 -2.000 -173.907 -31.174 -1.414 -177.513 -29.086 -1.414
3 65 -177.839 -29.572 0.000 -177.513 -29.086 -1.414 -173.907 -31.174 -1.414
3 65 -173.907 -31.174 -1.414 -174.166 -31.700 0.000 -177.839 -29.572 0.000
3 65 -177.513 -29.086 1.414 -177.839 -29.572 0.000 -174.166 -31.700 0.000
3 65 -174.166 -31.700 0.000 -173.907 -31.174 1.414 -177.513 -29.086 1.414
3 65 -176.725 -27.911 2.000 -177.513 -29.086 1.414 -173.907 -31.174 1.414
3 65 -173.907 -31.174 1.414 -173.281 -29.906 2.000 -176.725 -27.911 2.000
3 65 -172.655 -28.638 1.414 -173.281 -29.906 2.000 -169.603 -31.428 2.000
3 65 -169.603 -31.428 2.000 -169.151 -30.088 1.414 -172.655 -28.638 1.414
3 65 -172.396 -28.113 0.000 -172.655 -28.638 1.414 -169.151 -30.088 1.414
3 65 -169.151 -30.088 1.414 -168.963 -29.533 0.000 -172.396 -28.113 0.000
3 65 -172.655 -28.638 -1.414 -172.396 -28.113 0.000 -168.963 -29.533 0.000
3 65 -168.963 -29.533 0.000 -169.151 -30.088 -1.414 -172.655 -28.638 -1.414
3 65 -173.281 -29.906 -2.000 -172.655 -28.638 -1.414 -169.151 -30.088 -1.414
3 65 -169.151 -30.088 -1.414 -169.603 -31.428 -2.000 -173.281 -29.906 -2.000
3 65 -173.907 -31.174 -1.414 -173.281 -29.906 -2.000 -169.603 -31.428 -2.000
3 65 -169.603 -31.428 -2.000 -170.055 -32.768 -1.414 -173.907 -31.174 -1.414
3 65 -174.166 -31.700 0.000 -173.907 -31.174 -1.414 -170.055 -32.768 -1.414
3 65 -170.055 -32.768 -1.414 -170.242 -33.323 0.000 -174.166 -31.700 0.000
3 65 -173.907 -31.174 1.414 -174.166 -31.700 0.000 -170.242 -33.323 0.000
3 65 -170.242 -33.323 0.000 -170.055 -32.768 1.414 -173.907 -31.174 1.414
3 65 -173.281 -29.906 2.000 -173.907 -31.174 1.414 -170.055 -32.768 1.414
3 65 -170.055 -32.768 1.414 -169.603 -31.428 2.000 -173.281 -29.906 2.000
3 65 -169.151 -30.088 1.414 -169.603 -31.428 2.000 -165.755 -32.446 2.000
3 65 -165.755 -32.446 2.000 -165.484 -31.058 1.414 -169.151 -30.088 1.414
3 65 -168.963 -29.533 0.000 -169.151 -30.088 1.414 -165.484 -31.058 1.414
3 65 -165.484 -31.058 1.414 -165.371 -30.483 0.000 -168.963 -29.533 0.000
3 65 -169.151 -30.088 -1.414 -168.963 -29.533 0.000 -165.371 -30.483 0.000
3 65 -165.371 -30.483 0.000 -165.484 -31.058 -1.414 -169.151 -30.088 -1.414
3 65 -169.603 -31.428 -2.000 -169.151 -30.088 -1.414 -165.484 -31.058 -1.414
3 65 -165.484 -31.058 -1.414 -165.755 -32.446 -2.000 -169.603 -31.428 -2.000
3 65 -170.055 -32.768 -1.414 -169.603 -31.428 -2.000 -165.755 -32.446 -2.000
3 65 -165.755 -32.446 -2.000 -166.025 -33.834 -1.414 -170.055 -32.768 -1.414
3 65 -170.242 -33.323 0.000 -170.055 -32.768 -1.414 -166.025 -33.834 -1.414
3 65 -166.025 -33.834 -1.414 -166.138 -34.409 0.000 -170.242 -33.323 0.000
3 65 -170.055 -32.768 1.414 -170.242 -33.323 0.000 -166.138 -34.409 0.000
3 65 -166.138 -34.409 0.000 -166.025 -33.834 1.414 -170.055 -32.768 1.414
3 65 -169.603 -31.428 2.000 -170.055 -32.768 1.414 -166.025 -33.834 1.414
3 65 -166.025 -33.834 1.414 -165.755 -32.446 2.000 -169.603 -31.428 2.000
3 65 -165.484 -31.058 1.414 -165.755 -32.446 2.000 -161.806 -32.949 2.000
3 65 -161.806 -32.949 2.000 -161.721 -31.538 1.414 -165.484 -31.058 1.414
3 65 -165.371 -30.483 0.000 -165.484 -31.058 1.414 -161.721 -31.538 1.414
3 65 -161.721 -31.538 1.414 -161.685 -30.953 0.000 -165.371 -30.483 0.000
3 65 -165.484 -31.058 -1.414 -165.371 -30.483 0.000 -161.685 -30.953 0.000
3 65 -161.685 -30.953 0.000 -161.721 -31.538 -1.414 -165.484 -31.058 -1.414
3 65 -165.755 -32.446 -2.000 -165.484 -31.058 -1.414 -161.721 -31.538 -1.414
3 65 -161.721 -31.538 -1.414 -161.806 -32.949 -2.000 -165.755 -32.446 -2.000
3 65 -166.025 -33.834 -1.414 -165.755 -32.446 -2.000 -161.806 -32.949 -2.000
3 65 -161.806 -32.949 -2.000 -161.892 -34.361 -1.414 -166.025 -33.834 -1.414
3 65 -166.138 -34.409 0.000 -166.025 -33.834 -1.414 -161.892 -34.361 -1.414
3 65 -161.892 -34.361 -1.414 -161.927 -34.946 0.000 -166.138 -34.409 0.000
3 65 -166.025 -33.834 1.414 -166.138 -34.409 0.000 -161.927 -34.946 0.000
3 65 -161.927 -34.946 0.000 -161.892 -34.361 1.414 -166.025 -33.834 1.414
3 65 -165.755 -32.446 2.000 -166.025 -33.834 1.414 -161.892 -34.361 1.414
3 65 -161.892 -34.361 1.414 -161.806 -32.949 2.000 -165.755 -32.446 2.000
3 65 -161.721 -31.538 1.414 -161.806 -32.949 2.000 -157.826 -32.926 2.000
3 65 -157.826 -32.926 2.000 -157.928 -31.515 1.414 -161.721 -31.538 1.414
3 65 -161.685 -30.953 0.000 -161.721 -31.538 1.414 -157.928 -31.515 1.414
3 65 -157.928 -31.515 1.414 -157.971 -30.931 0.000 -161.685 -30.953 0.000
3 65 -161.721 -31.538 -1.414 -161.685 -30.953 0.000 -157.971 -30.931 0.000
3 65 -157.971 -30.931 0.000 -157.928 -31.515 -1.414 -161.721 -31.538 -1.414
3 65 -161.806 -32.949 -2.000 -161.721 -31.538 -1.414 -157.928 -31.515 -1.414
3 65 -157.928 -31.515 -1.414 -157.826 -32.926 -2.000 -161.806 -32.949 -2.000
3 65 -161.892 -34.361 -1.414 -161.806 -32.949 -2.000 -157.826 -32.926 -2.000
3 65 -157.826 -32.926 -2.000 -157.724 -34.336 -1.414 -161.892 -34.361 -1.414
3 65 -161.927 -34.946 0.000 -161.892 -34.361 -1.414 -157.724 -34.336 -1.414
3 65 -157.724 -34.336 -1.414 -157.681 -34.920 0.000 -161.927 -34.946 0.000
3 65 -161.892 -34.361 1.414 -161.927 -34.946 0.000 -157.681 -34.920 0.000
3 65 -157.681 -34.920 0.000 -157.724 -34.336 1.414 -161.892 -34.361 1.414
3 65 -161.806 -32.949 2.000 -161.892 -34.361 1.414 -157.724 -34.336 1.414
3 65 -157.724 -34.336 1.414 -157.826 -32.926 2.000 -161.806 -32.949 2.000
3 65 -157.928 -31.515 1.414 -157.826 -32.926 2.000 -153.871 -32.373 2.000
3 65 -153.871 -32.373 2.000 -154.109 -30.979 1.414 -157.928 -31.515 1.414
3 65 -157.971 -30.931 0.000 -157.928 -31.515 1.414 -154.109 -30.979 1.414
3 65 -154.109 -30.979 1.414 -154.215 -30.403 0.000 -157.971 -30.931 0.000
3 65 -157.928 -31.515 -1.414 -157.971 -30.931 0.000 -154.215 -30.403 0.000
3 65 -154.215 -30.403 0.000 -154.127 -30.982 -1.414 -157.928 -31.515 -1.414
3 65 -157.826 -32.926 -2.000 -157.928 -31.515 -1.414 -154.127 -30.982 -1.414
3 65 -154.127 -30.982 -1.414 -153.896 -32.377 -2.000 -157.826 -32.926 -2.000
3 65 -157.724 -34.336 -1.414 -157.826 -32.926 -2.000 -153.896 -32.377 -2.000
3 65 -153.896 -32.377 -2.000 -153.658 -33.771 -1.414 -157.724 -34.336 -1.414
3 65 -157.681 -34.920 0.000 -157.724 -34.336 -1.414 -153.658 -33.771 -1.414
3 65 -153.658 -33.771 -1.414 -153.552 -34.347 0.000 -157.681 -34.920 0.000
3 65 -157.724 -34.336 1.414 -157.681 -34.920 0.000 -153.552 -34.347 0.000
3 65 -153.552 -34.347 0.000 -153.640 -33.768 1.414 -157.724 -34.336 1.414
3 65 -157.826 -32.926 2.000 -157.724 -34.336 1.414 -153.640 -33.768 1.414
3 65 -153.640 -33.768 1.414 -153.871 -32.373 2.000 -157.826 -32.926 2.000
3 65 -154.109 -30.979 1.414 -153.871 -32.373 2.000 -122.594 -26.212 1.596
3 65 -122.594 -26.212 1.596 -122.877 -24.827 1.011 -154.109 -30.979 1.414
3 65 -154.215 -30.403 0.000 -154.109 -30.979 1.414 -122.877 -24.827 1.011
3 65 -122.877 -24.827 1.011 -123.013 -24.256 -0.403 -154.215 -30.403 0.000
3 65 -154.127 -30.982 -1.414 -154.215 -30.403 0.000 -123.013 -24.256 -0.403
3 65 -123.013 -24.256 -0.403 -122.923 -24.836 -1.818 -154.127 -30.982 -1.414
3 65 -153.896 -32.377 -2.000 -154.127 -30.982 -1.414 -122.923 -24.836 -1.818
3 65 -122.923 -24.836 -1.818 -122.659 -26.225 -2.403 -153.896 -32.377 -2.000
3 65 -153.658 -33.771 -1.414 -153.896 -32.377 -2.000 -122.659 -26.225 -2.403
3 65 -122.659 -26.225 -2.403 -122.376 -27.611 -1.818 -153.658 -33.771 -1.414
3 65 -153.552 -34.347 0.000 -153.658 -33.771 -1.414 -122.376 -27.611 -1.818
3 65 -122.376 -27.611 -1.818 -122.240 -28.181 -0.403 -153.552 -34.347 0.000
3 65 -153.640 -33.768 1.414 -153.552 -34.347 0.000 -122.240 -28.181 -0.403
3 65 -122.240 -28.181 -0.403 -122.331 -27.602 1.011 -153.640 -33.768 1.414
3 65 -153.871 -32.373 2.000 -153.640 -33.768 1.414 -122.331 -27.602 1.011
3 65 -122.331 -27.602 1.011 -122.594 -26.212 1.596 -153.871 -32.373 2.000
3 65 -122.594 -26.212 1.596 -114.426 -26.643 -0.566 -114.512 -26.062 0.848
3 65 -114.512 -26.062 0.848 -122.877 -24.827 1.011 -122.594 -26.212 1.596
3 65 -122.877 -24.827 1.011 -114.512 -26.062 0.848 -114.774 -24.673 1.434
3 65 -114.774 -24.673 1.434 -123.013 -24.256 -0.403 -122.877 -24.827 1.011
3 65 -123.013 -24.256 -0.403 -114.774 -24.673 1.434 -115.059 -23.287 0.848
3 65 -115.059 -23.287 0.848 -122.923 -24.836 -1.818 -123.013 -24.256 -0.403
3 65 -122.923 -24.836 -1.818 -115.059 -23.287 0.848 -115.200 -22.718 -0.566
3 65 -115.200 -22.718 -0.566 -122.659 -26.225 -2.403 -122.923 -24.836 -1.818
3 65 -122.659 -26.225 -2.403 -115.200 -22.718 -0.566 -115.115 -23.298 -1.980
3 65 -115.115 -23.298 -1.980 -122.376 -27.611 -1.818 -122.659 -26.225 -2.403
3 65 -122.376 -27.611 -1.818 -115.115 -23.298 -1.980 -114.852 -24.688 -2.565
3 65 -114.852 -24.688 -2.565 -122.240 -28.181 -0.403 -122.376 -27.611 -1.818
3 65 -122.240 -28.181 -0.403 -114.852 -24.688 -2.565 -114.567 -26.073 -1.980
3 65 -114.567 -26.073 -1.980 -122.331 -27.602 1.011 -122.240 -28.181 -0.403
3 65 -122.331 -27.602 1.011 -114.567 -26.073 -1.980 -114.426 -26.643 -0.566
3 65 -114.426 -26.643 -0.566 -122.594 -26.212 1.596 -122.331 -27.602 1.011
3 65 -114.426 -26.643 -0.566 -107.030 -23.148 -2.721 -106.748 -24.534 -2.136
3 65 -106.748 -24.534 -2.136 -114.512 -26.062 0.848 -114.426 -26.643 -0.566
3 65 -114.512 -26.062 0.848 -106.748 -24.534 -2.136 -106.613 -25.104 -0.722
3 65 -106.613 -25.104 -0.722 -114.774 -24.673 1.434 -114.512 -26.062 0.848
3 65 -114.774 -24.673 1.434 -106.613 -25.104 -0.722 -106.705 -24.525 0.692
3 65 -106.705 -24.525 0.692 -115.059 -23.287 0.848 -114.774 -24.673 1.434
3 65 -115.059 -23.287 0.848 -106.705 -24.525 0.692 -106.969 -23.136 1.278
3 65 -106.969 -23.136 1.278 -115.200 -22.718 -0.566 -115.059 -23.287 0.848
3 65 -115.200 -22.718 -0.566 -106.969 -23.136 1.278 -107.251 -21.750 0.693
3 65 -107.251 -21.750 0.693 -115.115 -23.298 -1.980 -115.200 -22.718 -0.566
3 65 -115.115 -23.298 -1.980 -107.251 -21.750 0.693 -107.386 -21.180 -0.722
3 65 -107.386 -21.180 -0.722 -114.852 -24.688 -2.565 -115.115 -23.298 -1.980
3 65 -114.852 -24.688 -2.565 -107.386 -21.180 -0.722 -107.294 -21.759 -2.136
3 65 -107.294 -21.759 -2.136 -114.567 -26.073 -1.980 -114.852 -24.688 -2.565
3 65 -114.567 -26.073 -1.980 -107.294 -21.759 -2.136 -107.030 -23.148 -2.721
3 65 -107.030 -23.148 -2.721 -114.426 -26.643 -0.566 -114.567 -26.073 -1.980
3 65 -106.748 -24.534 -2.136 -107.030 -23.148 -2.721 -83.568 -18.529 -2.998
3 65 -83.568 -18.529 -2.998 -83.335 -19.924 -2.412 -106.748 -24.534 -2.136
3 65 -106.613 -25.104 -0.722 -106.748 -24.534 -2.136 -83.335 -19.924 -2.412
3 65 -83.335 -19.924 -2.412 -83.232 -20.501 -0.998 -106.613 -25.104 -0.722
3 65 -106.705 -24.525 0.692 -106.613 -25.104 -0.722 -83.232 -20.501 -0.998
3 65 -83.232 -20.501 -0.998 -83.319 -19.921 0.416 -106.705 -24.525 0.692
3 65 -106.969 -23.136 1.278 -106.705 -24.525 0.692 -83.319 -19.921 0.416
3 65 -83.319 -19.921 0.416 -83.544 -18.525 1.002 -106.969 -23.136 1.278
3 65 -107.251 -21.750 0.693 -106.969 -23.136 1.278 -83.544 -18.525 1.002
3 65 -83.544 -18.525 1.002 -83.777 -17.130 0.416 -107.251 -21.750 0.693
3 65 -107.386 -21.180 -0.722 -107.251 -21.750 0.693 -83.777 -17.130 0.416
3 65 -83.777 -17.130 0.416 -83.880 -16.554 -0.998 -107.386 -21.180 -0.722
3 65 -107.294 -21.759 -2.136 -107.386 -21.180 -0.722 -83.880 -16.554 -0.998
3 65 -83.880 -16.554 -0.998 -83.793 -17.133 -2.412 -107.294 -21.759 -2.136
3 65 -107.030 -23.148 -2.721 -107.294 -21.759 -2.136 -83.793 -17.133 -2.412
3 65 -83.793 -17.133 -2.412 -83.568 -18.529 -2.998 -107.030 -23.148 -2.721
3 65 -83.335 -19.924 -2.412 -83.568 -18.529 -2.998 -79.618 -18.009 -3.000
3 65 -79.618 -18.009 -3.000 -79.625 -19.424 -2.414 -83.335 -19.924 -2.412
3 65 -83.232 -20.501 -0.998 -83.335 -19.924 -2.412 -79.625 -19.424 -2.414
3 65 -79.625 -19.424 -2.414 -79.628 -20.009 -1.000 -83.232 -20.501 -0.998
3 65 -83.319 -19.921 0.416 -83.232 -20.501 -0.998 -79.628 -20.009 -1.000
3 65 -79.628 -20.009 -1.000 -79.626 -19.424 0.414 -83.319 -19.921 0.416
3 65 -83.544 -18.525 1.002 -83.319 -19.921 0.416 -79.626 -19.424 0.414
3 65 -79.626 -19.424 0.414 -79.620 -18.009 1.000 -83.544 -18.525 1.002
3 65 -83.777 -17.130 0.416 -83.544 -18.525 1.002 -79.620 -18.009 1.000
3 65 -79.620 -18.009 1.000 -79.613 -16.595 0.414 -83.777 -17.130 0.416
3 65 -83.880 -16.554 -0.998 -83.777 -17.130 0.416 -79.613 -16.595 0.414
3 65 -79.613 -16.595 0.414 -79.610 -16.009 -1.000 -83.880 -16.554 -0.998
3 65 -83.793 -17.133 -2.412 -83.880 -16.554 -0.998 -79.610 -16.009 -1.000
3 65 -79.610 -16.009 -1.000 -79.612 -16.595 -2.414 -83.793 -17.133 -2.412
3 65 -83.568 -18.529 -2.998 -83.793 -17.133 -2.412 -79.612 -16.595 -2.414
3 65 -79.612 -16.595 -2.414 -79.618 -18.009 -3.000 -83.568 -18.529 -2.998
3 65 -79.618 -18.009 -3.000 -75.090 -17.604 0.270 -74.251 -17.795 -0.830
3 65 -74.251 -17.795 -0.830 -79.625 -19.424 -2.414 -79.618 -18.009 -3.000
3 65 -79.625 -19.424 -2.414 -74.251 -17.795 -0.830 -74.247 -18.437 -2.026
3 65 -74.247 -18.437 -2.026 -79.628 -20.009 -1.000 -79.625 -19.424 -2.414
3 65 -79.628 -20.009 -1.000 -74.247 -18.437 -2.026 -75.081 -19.154 -2.619
3 65 -75.081 -19.154 -2.619 -79.626 -19.424 0.414 -79.628 -20.009 -1.000
3 65 -79.626 -19.424 0.414 -75.081 -19.154 -2.619 -76.264 -19.527 -2.260
3 65 -76.264 -19.527 -2.260 -79.620 -18.009 1.000 -79.626 -19.424 0.414
3 65 -79.620 -18.009 1.000 -76.264 -19.527 -2.260 -77.103 -19.335 -1.161
3 65 -77.103 -19.335 -1.161 -79.613 -16.595 0.414 -79.620 -18.009 1.000
3 65 -79.613 -16.595 0.414 -77.103 -19.335 -1.161 -77.107 -18.693 0.035
3 65 -77.107 -18.693 0.035 -79.610 -16.009 -1.000 -79.613 -16.595 0.414
3 65 -79.610 -16.009 -1.000 -77.107 -18.693 0.035 -76.273 -17.976 0.628
3 65 -76.273 -17.976 0.628 -79.612 -16.595 -2.414 -79.610 -16.009 -1.000
3 65 -79.612 -16.595 -2.414 -76.273 -17.976 0.628 -75.090 -17.604 0.270
3 65 -75.090 -17.604 0.270 -79.618 -18.009 -3.000 -79.612 -16.595 -2.414
3 65 -75.090 -17.604 0.270 -56.012 -21.613 1.223 -55.022 -20.687 0.631
3 65 -55.022 -20.687 0.631 -74.251 -17.795 -0.830 -75.090 -17.604 0.270
3 65 -74.251 -17.795 -0.830 -55.022 -20.687 0.631 -54.607 -20.315 -0.786
3 65 -54.607 -20.315 -0.786 -74.247 -18.437 -2.026 -74.251 -17.795 -0.830
3 65 -74.247 -18.437 -2.026 -54.607 -20.315 -0.786 -55.010 -20.714 -2.197
3 65 -55.010 -20.714 -2.197 -75.081 -19.154 -2.619 -74.247 -18.437 -2.026
3 65 -75.081 -19.154 -2.619 -55.010 -20.714 -2.197 -55.994 -21.651 -2.777
3 65 -55.994 -21.651 -2.777 -76.264 -19.527 -2.260 -75.081 -19.154 -2.619
3 65 -76.264 -19.527 -2.260 -55.994 -21.651 -2.777 -56.984 -22.577 -2.185
3 65 -56.984 -22.577 -2.185 -77.103 -19.335 -1.161 -76.264 -19.527 -2.260
3 65 -77.103 -19.335 -1.161 -56.984 -22.577 -2.185 -57.399 -22.949 -0.768
3 65 -57.399 -22.949 -0.768 -77.107 -18.693 0.035 -77.103 -19.335 -1.161
3 65 -77.107 -18.693 0.035 -57.399 -22.949 -0.768 -56.996 -22.550 0.643
3 65 -56.996 -22.550 0.643 -76.273 -17.976 0.628 -77.107 -18.693 0.035
3 65 -76.273 -17.976 0.628 -56.996 -22.550 0.643 -56.012 -21.613 1.223
3 65 -56.012 -21.613 1.223 -75.090 -17.604 0.270 -76.273 -17.976 0.628
3 65 -55.022 -20.687 0.631 -56.012 -21.613 1.223 -16.666 -27.750 1.929
3 65 -16.666 -27.750 1.929 -15.677 -26.823 1.338 -55.022 -20.687 0.631
3 65 -54.607 -20.315 -0.786 -55.022 -20.687 0.631 -15.677 -26.823 1.338
3 65 -15.677 -26.823 1.338 -15.263 -26.448 -0.078 -54.607 -20.315 -0.786
3 65 -55.010 -20.714 -2.197 -54.607 -20.315 -0.786 -15.263 -26.448 -0.078
3 65 -15.263 -26.448 -0.078 -15.667 -26.845 -1.490 -55.010 -20.714 -2.197
3 65 -55.994 -21.651 -2.777 -55.010 -20.714 -2.197 -15.667 -26.845 -1.490
3 65 -15.667 -26.845 -1.490 -16.652 -27.781 -2.071 -55.994 -21.651 -2.777
3 65 -56.984 -22.577 -2.185 -55.994 -21.651 -2.777 -16.652 -27.781 -2.071
3 65 -16.652 -27.781 -2.071 -17.641 -28.708 -1.480 -56.984 -22.577 -2.185
3 65 -57.399 -22.949 -0.768 -56.984 -22.577 -2.185 -17.641 -28.708 -1.480
3 65 -17.641 -28.708 -1.480 -18.055 -29.083 -0.064 -57.399 -22.949 -0.768
3 65 -56.996 -22.550 0.643 -57.399 -22.949 -0.768 -18.055 -29.083 -0.064
3 65 -18.055 -29.083 -0.064 -17.651 -28.686 1.348 -56.996 -22.550 0.643
3 65 -56.012 -21.613 1.223 -56.996 -22.550 0.643 -17.651 -28.686 1.348
3 65 -17.651 -28.686 1.348 -16.666 -27.750 1.929 -56.012 -21.613 1.223
3 65 -15.677 -26.823 1.338 -16.666 -27.750 1.929 -4.856 -29.601 2.000
3 65 -4.856 -29.601 2.000 -3.878 -28.667 1.413 -15.677 -26.823 1.338
3 65 -15.263 -26.448 -0.078 -15.677 -26.823 1.338 -3.878 -28.667 1.413
3 65 -3.878 -28.667 1.413 -3.472 -28.282 -0.002 -15.263 -26.448 -0.078
3 65 -15.667 -26.845 -1.490 -15.263 -26.448 -0.078 -3.472 -28.282 -0.002
3 65 -3.472 -28.282 -0.002 -3.875 -28.673 -1.416 -15.667 -26.845 -1.490
3 65 -16.652 -27.781 -2.071 -15.667 -26.845 -1.490 -3.875 -28.673 -1.416
3 65 -3.875 -28.673 -1.416 -4.852 -29.609 -2.000 -16.652 -27.781 -2.071
3 65 -17.641 -28.708 -1.480 -16.652 -27.781 -2.071 -4.852 -29.609 -2.000
3 65 -4.852 -29.609 -2.000 -5.830 -30.543 -1.413 -17.641 -28.708 -1.480
3 65 -18.055 -29.083 -0.064 -17.641 -28.708 -1.480 -5.830 -30.543 -1.413
3 65 -5.830 -30.543 -1.413 -6.236 -30.928 0.002 -18.055 -29.083 -0.064
3 65 -17.651 -28.686 1.348 -18.055 -29.083 -0.064 -6.236 -30.928 0.002
3 65 -6.236 -30.928 0.002 -5.833 -30.538 1.415 -17.651 -28.686 1.348
3 65 -16.666 -27.750 1.929 -17.651 -28.686 1.348 -5.833 -30.538 1.415
3 65 -5.833 -30.538 1.415 -4.856 -29.601 2.000 -16.666 -27.750 1.929
3 65 -4.856 -29.601 2.000 -0.893 -29.985 2.000 -0.364 -28.778 1.414
3 65 -0.364 -28.778 1.414 -3.878 -28.667 1.413 -4.856 -29.601 2.000
3 65 -3.878 -28.667 1.413 -0.364 -28.778 1.414 -0.146 -28.278 0.000
3 65 -0.146 -28.278 0.000 -3.472 -28.282 -0.002 -3.878 -28.667 1.413
3 65 -3.472 -28.282 -0.002 -0.146 -28.278 0.000 -0.364 -28.778 -1.414
3 65 -0.364 -28.778 -1.414 -3.875 -28.673 -1.416 -3.472 -28.282 -0.002
3 65 -3.875 -28.673 -1.416 -0.364 -28.778 -1.414 -0.893 -29.985 -2.000
3 65 -0.893 -29.985 -2.000 -4.852 -29.609 -2.000 -3.875 -28.673 -1.416
3 65 -4.852 -29.609 -2.000 -0.893 -29.985 -2.000 -1.421 -31.191 -1.414
3 65 -1.421 -31.191 -1.414 -5.830 -30.543 -1.413 -4.852 -29.609 -2.000
3 65 -5.830 -30.543 -1.413 -1.421 -31.191 -1.414 -1.640 -31.691 0.000
3 65 -1.640 -31.691 0.000 -6.236 -30.928 0.002 -5.830 -30.543 -1.413
3 65 -5.833 -30.538 1.415 -6.236 -30.928 0.002 -1.640 -31.691 0.000
3 65 -1.640 -31.691 0.000 -1.421 -31.191 1.414 -5.833 -30.538 1.415
3 65 -5.833 -30.538 1.415 -1.421 -31.191 1.414 -0.893 -29.985 2.000
3 65 -0.893 -29.985 2.000 -4.856 -29.601 2.000 -5.833 -30.538 1.415
3 65 -0.893 -29.985 2.000 3.084 -29.840 2.000 2.939 -28.433 1.414
3 65 2.939 -28.433 1.414 -0.364 -28.778 1.414 -0.893 -29.985 2.000
3 65 -0.364 -28.778 1.414 2.939 -28.433 1.414 2.879 -27.850 0.000
3 65 2.879 -27.850 0.000 -0.146 -28.278 0.000 -0.364 -28.778 1.414
3 65 -0.146 -28.278 0.000 2.879 -27.850 0.000 2.939 -28.433 -1.414
3 65 2.939 -28.433 -1.414 -0.364 -28.778 -1.414 -0.146 -28.278 0.000
3 65 -0.364 -28.778 -1.414 2.939 -28.433 -1.414 3.084 -29.840 -2.000
3 65 3.084 -29.840 -2.000 -0.893 -29.985 -2.000 -0.364 -28.778 -1.414
3 65 -0.893 -29.985 -2.000 3.084 -29.840 -2.000 3.230 -31.246 -1.414
3 65 3.230 -31.246 -1.414 -1.421 -31.191 -1.414 -0.893 -29.985 -2.000
3 65 -1.640 -31.691 0.000 -1.421 -31.191 -1.414 3.230 -31.246 -1.414
3 65 3.230 -31.246 -1.414 3.290 -31.829 0.000 -1.640 -31.691 0.000
3 65 -1.421 -31.191 1.414 -1.640 -31.691 0.000 3.290 -31.829 0.000
3 65 3.290 -31.829 0.000 3.230 -31.246 1.414 -1.421 -31.191 1.414
3 65 -1.421 -31.191 1.414 3.230 -31.246 1.414 3.084 -29.840 2.000
3 65 3.084 -29.840 2.000 -0.893 -29.985 2.000 -1.421 -31.191 1.414
3 65 2.939 -28.433 1.414 3.084 -29.840 2.000 7.007 -29.167 2.000
3 65 7.007 -29.167 2.000 6.676 -27.792 1.414 2.939 -28.433 1.414
3 65 2.879 -27.850 0.000 2.939 -28.433 1.414 6.676 -27.792 1.414
3 65 6.676 -27.792 1.414 6.539 -27.223 0.000 2.879 -27.850 0.000
3 65 2.939 -28.433 -1.414 2.879 -27.850 0.000 6.539 -27.223 0.000
3 65 6.539 -27.223 0.000 6.676 -27.792 -1.414 2.939 -28.433 -1.414
3 65 3.084 -29.840 -2.000 2.939 -28.433 -1.414 6.676 -27.792 -1.414
3 65 6.676 -27.792 -1.414 7.007 -29.167 -2.000 3.084 -29.840 -2.000
3 65 3.230 -31.246 -1.414 3.084 -29.840 -2.000 7.007 -29.167 -2.000
3 65 7.007 -29.167 -2.000 7.337 -30.542 -1.414 3.230 -31.246 -1.414
3 65 3.290 -31.829 0.000 3.230 -31.246 -1.414 7.337 -30.542 -1.414
3 65 7.337 -30.542 -1.414 7.474 -31.112 0.000 3.290 -31.829 0.000
3 65 3.230 -31.246 1.414 3.290 -31.829 0.000 7.474 -31.112 0.000
3 65 7.474 -31.112 0.000 7.337 -30.542 1.414 3.230 -31.246 1.414
3 65 3.084 -29.840 2.000 3.230 -31.246 1.414 7.337 -30.542 1.414
3 65 7.337 -30.542 1.414 7.007 -29.167 2.000 3.084 -29.840 2.000
3 65 6.676 -27.792 1.414 7.007 -29.167 2.000 10.806 -27.983 2.000
3 65 10.806 -27.983 2.000 10.297 -26.664 1.414 6.676 -27.792 1.414
3 65 6.539 -27.223 0.000 6.676 -27.792 1.414 10.297 -26.664 1.414
3 65 10.297 -26.664 1.414 10.086 -26.117 0.000 6.539 -27.223 0.000
3 65 6.676 -27.792 -1.414 6.539 -27.223 0.000 10.086 -26.117 0.000
3 65 10.086 -26.117 0.000 10.297 -26.664 -1.414 6.676 -27.792 -1.414
3 65 7.007 -29.167 -2.000 6.676 -27.792 -1.414 10.297 -26.664 -1.414
3 65 10.297 -26.664 -1.414 10.806 -27.983 -2.000 7.007 -29.167 -2.000
3 65 7.337 -30.542 -1.414 7.007 -29.167 -2.000 10.806 -27.983 -2.000
3 65 10.806 -27.983 -2.000 11.315 -29.302 -1.414 7.337 -30.542 -1.414
3 65 7.474 -31.112 0.000 7.337 -30.542 -1.414 11.315 -29.302 -1.414
3 65 11.315 -29.302 -1.414 11.526 -29.849 0.000 7.474 -31.112 0.000
3 65 7.337 -30.542 1.414 7.474 -31.112 0.000 11.526 -29.849 0.000
3 65 11.526 -29.849 0.000 11.315 -29.302 1.414 7.337 -30.542 1.414
3 65 7.007 -29.167 2.000 7.337 -30.542 1.414 11.315 -29.302 1.414
3 65 11.315 -29.302 1.414 10.806 -27.983 2.000 7.007 -29.167 2.000
3 65 10.297 -26.664 1.414 10.806 -27.983 2.000 14.415 -26.307 2.000
3 65 14.415 -26.307 2.000 13.736 -25.067 1.414 10.297 -26.664 1.414
3 65 10.086 -26.117 0.000 10.297 -26.664 1.414 13.736 -25.067 1.414
3 65 13.736 -25.067 1.414 13.455 -24.553 0.000 10.086 -26.117 0.000
3 65 10.297 -26.664 -1.414 10.086 -26.117 0.000 13.455 -24.553 0.000
3 65 13.455 -24.553 0.000 13.736 -25.067 -1.414 10.297 -26.664 -1.414
3 65 10.806 -27.983 -2.000 10.297 -26.664 -1.414 13.736 -25.067 -1.414
3 65 13.736 -25.067 -1.414 14.415 -26.307 -2.000 10.806 -27.983 -2.000
3 65 11.315 -29.302 -1.414 10.806 -27.983 -2.000 14.415 -26.307 -2.000
3 65 14.415 -26.307 -2.000 15.095 -27.548 -1.414 11.315 -29.302 -1.414
3 65 11.526 -29.849 0.000 11.315 -29.302 -1.414 15.095 -27.548 -1.414
3 65 15.095 -27.548 -1.414 15.376 -28.061 0.000 11.526 -29.849 0.000
3 65 11.315 -29.302 1.414 11.526 -29.849 0.000 15.376 -28.061 0.000
3 65 15.376 -28.061 0.000 15.095 -27.548 1.414 11.315 -29.302 1.414
3 65 10.806 -27.983 2.000 11.315 -29.302 1.414 15.095 -27.548 1.414
3 65 15.095 -27.548 1.414 14.415 -26.307 2.000 10.806 -27.983 2.000
3 65 13.736 -25.067 1.414 14.415 -26.307 2.000 17.771 -24.168 2.000
3 65 17.771 -24.168 2.000 16.933 -23.029 1.414 13.736 -25.067 1.414
3 65 13.455 -24.553 0.000 13.736 -25.067 1.414 16.933 -23.029 1.414
3 65 16.933 -23.029 1.414 16.586 -22.557 0.000 13.455 -24.553 0.000
3 65 13.736 -25.067 -1.414 13.455 -24.553 0.000 16.586 -22.557 0.000
3 65 16.586 -22.557 0.000 16.933 -23.029 -1.414 13.736 -25.067 -1.414
3 65 14.415 -26.307 -2.000 13.736 -25.067 -1.414 16.933 -23.029 -1.414
3 65 16.933 -23.029 -1.414 17.771 -24.168 -2.000 14.415 -26.307 -2.000
3 65 15.095 -27.548 -1.414 14.415 -26.307 -2.000 17.771 -24.168 -2.000
3 65 17.771 -24.168 -2.000 18.609 -25.308 -1.414 15.095 -27.548 -1.414
3 65 15.376 -28.061 0.000 15.095 -27.548 -1.414 18.609 -25.308 -1.414
3 65 18.609 -25.308 -1.414 18.956 -25.779 0.000 15.376 -28.061 0.000
3 65 15.095 -27.548 1.414 15.376 -28.061 0.000 18.956 -25.779 0.000
3 65 18.956 -25.779 0.000 18.609 -25.308 1.414 15.095 -27.548 1.414
3 65 14.415 -26.307 2.000 15.095 -27.548 1.414 18.609 -25.308 1.414
3 65 18.609 -25.308 1.414 17.771 -24.168 2.000 14.415 -26.307 2.000
3 65 16.933 -23.029 1.414 17.771 -24.168 2.000 20.813 -21.602 2.000
3 65 20.813 -21.602 2.000 19.831 -20.584 1.414 16.933 -23.029 1.414
3 65 16.586 -22.557 0.000 16.933 -23.029 1.414 19.831 -20.584 1.414
3 65 19.831 -20.584 1.414 19.425 -20.162 0.000 16.586 -22.557 0.000
3 65 16.933 -23.029 -1.414 16.586 -22.557 0.000 19.425 -20.162 0.000
3 65 19.425 -20.162 0.000 19.831 -20.584 -1.414 16.933 -23.029 -1.414
3 65 17.771 -24.168 -2.000 16.933 -23.029 -1.414 19.831 -20.584 -1.414
3 65 19.831 -20.584 -1.414 20.813 -21.602 -2.000 17.771 -24.168 -2.000
3 65 18.609 -25.308 -1.414 17.771 -24.168 -2.000 20.813 -21.602 -2.000
3 65 20.813 -21.602 -2.000 21.794 -22.620 -1.414 18.609 -25.308 -1.414
3 65 18.956 -25.779 0.000 18.609 -25.308 -1.414 21.794 -22.620 -1.414
3 65 21.794 -22.620 -1.414 22.201 -23.042 0.000 18.956 -25.779 0.000
3 65 18.609 -25.308 1.414 18.956 -25.779 0.000 22.201 -23.042 0.000
3 65 22.201 -23.042 0.000 21.794 -22.620 1.414 18.609 -25.308 1.414
3 65 17.771 -24.168 2.000 18.609 -25.308 1.414 21.794 -22.620 1.414
3 65 21.794 -22.620 1.414 20.813 -21.602 2.000 17.771 -24.168 2.000
3 65 19.831 -20.584 1.414 20.813 -21.602 2.000 23.490 -18.657 2.000
3 65 23.490 -18.657 2.000 22.382 -17.777 1.414 19.831 -20.584 1.414
3 65 19.425 -20.162 0.000 19.831 -20.584 1.414 22.382 -17.777 1.414
3 65 22.382 -17.777 1.414 21.924 -17.413 0.000 19.425 -20.162 0.000
3 65 19.831 -20.584 -1.414 19.425 -20.162 0.000 21.924 -17.413 0.000
3 65 21.924 -17.413 0.000 22.382 -17.777 -1.414 19.831 -20.584 -1.414
3 65 20.813 -21.602 -2.000 19.831 -20.584 -1.414 22.382 -17.777 -1.414
3 65 22.382 -17.777 -1.414 23.490 -18.657 -2.000 20.813 -21.602 -2.000
3 65 21.794 -22.620 -1.414 20.813 -21.602 -2.000 23.490 -18.657 -2.000
3 65 23.490 -18.657 -2.000 24.597 -19.537 -1.414 21.794 -22.620 -1.414
3 65 22.201 -23.042 0.000 21.794 -22.620 -1.414 24.597 -19.537 -1.414
3 65 24.597 -19.537 -1.414 25.055 -19.901 0.000 22.201 -23.042 0.000
3 65 21.794 -22.620 1.414 22.201 -23.042 0.000 25.055 -19.901 0.000
3 65 25.055 -19.901 0.000 24.597 -19.537 1.414 21.794 -22.620 1.414
3 65 20.813 -21.602 2.000 21.794 -22.620 1.414 24.597 -19.537 1.414
3 65 24.597 -19.537 1.414 23.490 -18.657 2.000 20.813 -21.602 2.000
3 65 22.382 -17.777 1.414 23.490 -18.657 2.000 25.753 -15.384 2.000
3 65 25.753 -15.384 2.000 24.539 -14.659 1.414 22.382 -17.777 1.414
3 65 21.924 -17.413 0.000 22.382 -17.777 1.414 24.539 -14.659 1.414
3 65 24.539 -14.659 1.414 24.037 -14.358 0.000 21.924 -17.413 0.000
3 65 22.382 -17.777 -1.414 21.924 -17.413 0.000 24.037 -14.358 0.000
3 65 24.037 -14.358 0.000 24.539 -14.659 -1.414 22.382 -17.777 -1.414
3 65 23.490 -18.657 -2.000 22.382 -17.777 -1.414 24.539 -14.659 -1.414
3 65 24.539 -14.659 -1.414 25.753 -15.384 -2.000 23.490 -18.657 -2.000
3 65 24.597 -19.537 -1.414 23.490 -18.657 -2.000 25.753 -15.384 -2.000
3 65 25.753 -15.384 -2.000 26.967 -16.110 -1.414 24.597 -19.537 -1.414
3 65 25.055 -19.901 0.000 24.597 -19.537 -1.414 26.967 -16.110 -1.414
3 65 26.967 -16.110 -1.414 27.470 -16.410 0.000 25.055 -19.901 0.000
3 65 24.597 -19.537 1.414 25.055 -19.901 0.000 27.470 -16.410 0.000
3 65 27.470 -16.410 0.000 26.967 -16.110 1.414 24.597 -19.537 1.414
3 65 23.490 -18.657 2.000 24.597 -19.537 1.414 26.967 -16.110 1.414
3 65 26.967 -16.110 1.414 25.753 -15.384 2.000 23.490 -18.657 2.000
3 65 24.539 -14.659 1.414 25.753 -15.384 2.000 27.564 -11.840 2.000
3 65 27.564 -11.840 2.000 26.264 -11.282 1.414 24.539 -14.659 1.414
3 65 24.037 -14.358 0.000 24.539 -14.659 1.414 26.264 -11.282 1.414
3 65 26.264 -11.282 1.414 25.726 -11.051 0.000 24.037 -14.358 0.000
3 65 24.539 -14.659 -1.414 24.037 -14.358 0.000 25.726 -11.051 0.000
3 65 25.726 -11.051 0.000 26.264 -11.282 -1.414 24.539 -14.659 -1.414
3 65 25.753 -15.384 -2.000 24.539 -14.659 -1.414 26.264 -11.282 -1.414
3 65 26.264 -11.282 -1.414 27.564 -11.840 -2.000 25.753 -15.384 -2.000
3 65 26.967 -16.110 -1.414 25.753 -15.384 -2.000 27.564 -11.840 -2.000
3 65 27.564 -11.840 -2.000 28.863 -12.398 -1.414 26.967 -16.110 -1.414
3 65 27.470 -16.410 0.000 26.967 -16.110 -1.414 28.863 -12.398 -1.414
3 65 28.863 -12.398 -1.414 29.402 -12.629 0.000 27.470 -16.410 0.000
3 65 26.967 -16.110 1.414 27.470 -16.410 0.000 29.402 -12.629 0.000
3 65 29.402 -12.629 0.000 28.863 -12.398 1.414 26.967 -16.110 1.414
3 65 25.753 -15.384 2.000 26.967 -16.110 1.414 28.863 -12.398 1.414
3 65 28.863 -12.398 1.414 27.564 -11.840 2.000 25.753 -15.384 2.000
3 65 26.264 -11.282 1.414 27.564 -11.840 2.000 28.886 -8.087 2.000
3 65 28.886 -8.087 2.000 27.523 -7.710 1.414 26.264 -11.282 1.414
3 65 25.726 -11.051 0.000 26.264 -11.282 1.414 27.523 -7.710 1.414
3 65 27.523 -7.710 1.414 26.959 -7.554 0.000 25.726 -11.051 0.000
3 65 26.264 -11.282 -1.414 25.726 -11.051 0.000 26.959 -7.554 0.000
3 65 26.959 -7.554 0.000 27.523 -7.710 -1.414 26.264 -11.282 -1.414
3 65 27.564 -11.840 -2.000 26.264 -11.282 -1.414 27.523 -7.710 -1.414
3 65 27.523 -7.710 -1.414 28.886 -8.087 -2.000 27.564 -11.840 -2.000
3 65 28.863 -12.398 -1.414 27.564 -11.840 -2.000 28.886 -8.087 -2.000
3 65 28.886 -8.087 -2.000 30.250 -8.463 -1.414 28.863 -12.398 -1.414
3 65 29.402 -12.629 0.000 28.863 -12.398 -1.414 30.250 -8.463 -1.414
3 65 30.250 -8.463 -1.414 30.814 -8.619 0.000 29.402 -12.629 0.000
3 65 28.863 -12.398 1.414 29.402 -12.629 0.000 30.814 -8.619 0.000
3 65 30.814 -8.619 0.000 30.250 -8.463 1.414 28.863 -12.398 1.414
3 65 27.564 -11.840 2.000 28.863 -12.398 1.414 30.250 -8.463 1.414
3 65 30.250 -8.463 1.414 28.886 -8.087 2.000 27.564 -11.840 2.000
3 65 27.523 -7.710 1.414 28.886 -8.087 2.000 29.777 -3.697 2.000
3 65 29.777 -3.697 2.000 28.375 -3.516 1.414 27.523 -7.710 1.414
3 65 26.959 -7.554 0.000 27.523 -7.710 1.414 28.375 -3.516 1.414
3 65 28.375 -3.516 1.414 27.794 -3.441 0.000 26.959 -7.554 0.000
3 65 27.523 -7.710 -1.414 26.959 -7.554 0.000 27.794 -3.441 0.000
3 65 27.794 -3.441 0.000 28.375 -3.516 -1.414 27.523 -7.710 -1.414
3 65 28.886 -8.087 -2.000 27.523 -7.710 -1.414 28.375 -3.516 -1.414
3 65 28.375 -3.516 -1.414 29.777 -3.697 -2.000 28.886 -8.087 -2.000
3 65 30.250 -8.463 -1.414 28.886 -8.087 -2.000 29.777 -3.697 -2.000
3 65 29.777 -3.697 -2.000 31.180 -3.879 -1.414 30.250 -8.463 -1.414
3 65 30.814 -8.619 0.000 30.250 -8.463 -1.414 31.180 -3.879 -1.414
3 65 31.180 -3.879 -1.414 31.761 -3.954 0.000 30.814 -8.619 0.000
3 65 30.250 -8.463 1.414 30.814 -8.619 0.000 31.761 -3.954 0.000
3 65 31.761 -3.954 0.000 31.180 -3.879 1.414 30.250 -8.463 1.414
3 65 28.886 -8.087 2.000 30.250 -8.463 1.414 31.180 -3.879 1.414
3 65 31.180 -3.879 1.414 29.777 -3.697 2.000 28.886 -8.087 2.000
3 65 28.375 -3.516 1.414 29.777 -3.697 2.000 30.005 0.277 2.000
3 65 30.005 0.277 2.000 28.591 0.264 1.414 28.375 -3.516 1.414
3 65 27.794 -3.441 0.000 28.375 -3.516 1.414 28.591 0.264 1.414
3 65 28.591 0.264 1.414 28.005 0.258 0.000 27.794 -3.441 0.000
3 65 28.375 -3.516 -1.414 27.794 -3.441 0.000 28.005 0.258 0.000
3 65 28.005 0.258 0.000 28.591 0.264 -1.414 28.375 -3.516 -1.414
3 65 29.777 -3.697 -2.000 28.375 -3.516 -1.414 28.591 0.264 -1.414
3 65 28.591 0.264 -1.414 30.005 0.277 -2.000 29.777 -3.697 -2.000
3 65 31.180 -3.879 -1.414 29.777 -3.697 -2.000 30.005 0.277 -2.000
3 65 30.005 0.277 -2.000 31.419 0.290 -1.414 31.180 -3.879 -1.414
3 65 31.761 -3.954 0.000 31.180 -3.879 -1.414 31.419 0.290 -1.414
3 65 31.419 0.290 -1.414 32.005 0.295 0.000 31.761 -3.954 0.000
3 65 31.180 -3.879 1.414 31.761 -3.954 0.000 32.005 0.295 0.000
3 65 32.005 0.295 0.000 31.419 0.290 1.414 31.180 -3.879 1.414
3 65 29.777 -3.697 2.000 31.180 -3.879 1.414 31.419 0.290 1.414
3 65 31.419 0.290 1.414 30.005 0.277 2.000 29.777 -3.697 2.000
3 65 28.591 0.264 1.414 30.005 0.277 2.000 29.705 4.246 2.000
3 65 29.705 4.246 2.000 28.305 4.047 1.414 28.591 0.264 1.414
3 65 28.005 0.258 0.000 28.591 0.264 1.414 28.305 4.047 1.414
3 65 28.305 4.047 1.414 27.725 3.964 0.000 28.005 0.258 0.000
3 65 28.591 0.264 -1.414 28.005 0.258 0.000 27.725 3.964 0.000
3 65 27.725 3.964 0.000 28.305 4.047 -1.414 28.591 0.264 -1.414
3 65 30.005 0.277 -2.000 28.591 0.264 -1.414 28.305 4.047 -1.414
3 65 28.305 4.047 -1.414 29.705 4.246 -2.000 30.005 0.277 -2.000
3 65 31.419 0.290 -1.414 30.005 0.277 -2.000 29.705 4.246 -2.000
3 65 29.705 4.246 -2.000 31.105 4.446 -1.414 31.419 0.290 -1.414
3 65 32.005 0.295 0.000 31.419 0.290 -1.414 31.105 4.446 -1.414
3 65 31.105 4.446 -1.414 31.685 4.528 0.000 32.005 0.295 0.000
3 65 31.419 0.290 1.414 32.005 0.295 0.000 31.685 4.528 0.000
3 65 31.685 4.528 0.000 31.105 4.446 1.414 31.419 0.290 1.414
3 65 30.005 0.277 2.000 31.419 0.290 1.414 31.105 4.446 1.414
3 65 31.105 4.446 1.414 29.705 4.246 2.000 30.005 0.277 2.000
3 65 28.305 4.047 1.414 29.705 4.246 2.000 28.884 8.141 2.000
3 65 28.884 8.141 2.000 27.523 7.757 1.414 28.305 4.047 1.414
3 65 27.725 3.964 0.000 28.305 4.047 1.414 27.523 7.757 1.414
3 65 27.523 7.757 1.414 26.959 7.598 0.000 27.725 3.964 0.000
3 65 28.305 4.047 -1.414 27.725 3.964 0.000 26.959 7.598 0.000
3 65 26.959 7.598 0.000 27.523 7.757 -1.414 28.305 4.047 -1.414
3 65 29.705 4.246 -2.000 28.305 4.047 -1.414 27.523 7.757 -1.414
3 65 27.523 7.757 -1.414 28.884 8.141 -2.000 29.705 4.246 -2.000
3 65 31.105 4.446 -1.414 29.705 4.246 -2.000 28.884 8.141 -2.000
3 65 28.884 8.141 -2.000 30.245 8.526 -1.414 31.105 4.446 -1.414
3 65 31.685 4.528 0.000 31.105 4.446 -1.414 30.245 8.526 -1.414
3 65 30.245 8.526 -1.414 30.809 8.685 0.000 31.685 4.528 0.000
3 65 31.105 4.446 1.414 31.685 4.528 0.000 30.809 8.685 0.000
3 65 30.809 8.685 0.000 30.245 8.526 1.414 31.105 4.446 1.414
3 65 29.705 4.246 2.000 31.105 4.446 1.414 30.245 8.526 1.414
3 65 30.245 8.526 1.414 28.884 8.141 2.000 29.705 4.246 2.000
3 65 27.523 7.757 1.414 28.884 8.141 2.000 27.547 11.891 2.000
3 65 27.547 11.891 2.000 26.249 11.330 1.414 27.523 7.757 1.414
3 65 26.959 7.598 0.000 27.523 7.757 1.414 26.249 11.330 1.414
3 65 26.249 11.330 1.414 25.711 11.097 0.000 26.959 7.598 0.000
3 65 27.523 7.757 -1.414 26.959 7.598 0.000 25.711 11.097 0.000
3 65 25.711 11.097 0.000 26.249 11.330 -1.414 27.523 7.757 -1.414
3 65 28.884 8.141 -2.000 27.523 7.757 -1.414 26.249 11.330 -1.414
3 65 26.249 11.330 -1.414 27.547 11.891 -2.000 28.884 8.141 -2.000
3 65 30.245 8.526 -1.414 28.884 8.141 -2.000 27.547 11.891 -2.000
3 65 27.547 11.891 -2.000 28.845 12.452 -1.414 30.245 8.526 -1.414
3 65 30.809 8.685 0.000 30.245 8.526 -1.414 28.845 12.452 -1.414
3 65 28.845 12.452 -1.414 29.383 12.685 0.000 30.809 8.685 0.000
3 65 30.245 8.526 1.414 30.809 8.685 0.000 29.383 12.685 0.000
3 65 29.383 12.685 0.000 28.845 12.452 1.414 30.245 8.526 1.414
3 65 28.884 8.141 2.000 30.245 8.526 1.414 28.845 12.452 1.414
3 65 28.845 12.452 1.414 27.547 11.891 2.000 28.884 8.141 2.000
3 65 26.249 11.330 1.414 27.547 11.891 2.000 25.731 15.433 2.000
3 65 25.731 15.433 2.000 24.518 14.706 1.414 26.249 11.330 1.414
3 65 25.711 11.097 0.000 26.249 11.330 1.414 24.518 14.706 1.414
3 65 24.518 14.706 1.414 24.016 14.405 0.000 25.711 11.097 0.000
3 65 26.249 11.330 -1.414 25.711 11.097 0.000 24.016 14.405 0.000
3 65 24.016 14.405 0.000 24.518 14.706 -1.414 26.249 11.330 -1.414
3 65 27.547 11.891 -2.000 26.249 11.330 -1.414 24.518 14.706 -1.414
3 65 24.518 14.706 -1.414 25.731 15.433 -2.000 27.547 11.891 -2.000
3 65 28.845 12.452 -1.414 27.547 11.891 -2.000 25.731 15.433 -2.000
3 65 25.731 15.433 -2.000 26.944 16.160 -1.414 28.845 12.452 -1.414
3 65 29.383 12.685 0.000 28.845 12.452 -1.414 26.944 16.160 -1.414
3 65 26.944 16.160 -1.414 27.446 16.462 0.000 29.383 12.685 0.000
3 65 28.845 12.452 1.414 29.383 12.685 0.000 27.446 16.462 0.000
3 65 27.446 16.462 0.000 26.944 16.160 1.414 28.845 12.452 1.414
3 65 27.547 11.891 2.000 28.845 12.452 1.414 26.944 16.160 1.414
3 65 26.944 16.160 1.414 25.731 15.433 2.000 27.547 11.891 2.000
3 65 24.518 14.706 1.414 25.731 15.433 2.000 23.462 18.704 2.000
3 65 23.462 18.704 2.000 22.356 17.822 1.414 24.518 14.706 1.414
3 65 24.016 14.405 0.000 24.518 14.706 1.414 22.356 17.822 1.414
3 65 22.356 17.822 1.414 21.898 17.457 0.000 24.016 14.405 0.000
3 65 24.518 14.706 -1.414 24.016 14.405 0.000 21.898 17.457 0.000
3 65 21.898 17.457 0.000 22.356 17.822 -1.414 24.518 14.706 -1.414
3 65 25.731 15.433 -2.000 24.518 14.706 -1.414 22.356 17.822 -1.414
3 65 22.356 17.822 -1.414 23.462 18.704 -2.000 25.731 15.433 -2.000
3 65 26.944 16.160 -1.414 25.731 15.433 -2.000 23.462 18.704 -2.000
3 65 23.462 18.704 -2.000 24.568 19.585 -1.414 26.944 16.160 -1.414
3 65 27.446 16.462 0.000 26.944 16.160 -1.414 24.568 19.585 -1.414
3 65 24.568 19.585 -1.414 25.026 19.950 0.000 27.446 16.462 0.000
3 65 26.944 16.160 1.414 27.446 16.462 0.000 25.026 19.950 0.000
3 65 25.026 19.950 0.000 24.568 19.585 1.414 26.944 16.160 1.414
3 65 25.731 15.433 2.000 26.944 16.160 1.414 24.568 19.585 1.414
3 65 24.568 19.585 1.414 23.462 18.704 2.000 25.731 15.433 2.000
3 65 22.356 17.822 1.414 23.462 18.704 2.000 20.782 21.646 2.000
3 65 20.782 21.646 2.000 19.802 20.626 1.414 22.356 17.822 1.414
3 65 21.898 17.457 0.000 22.356 17.822 1.414 19.802 20.626 1.414
3 65 19.802 20.626 1.414 19.397 20.203 0.000 21.898 17.457 0.000
3 65 22.356 17.822 -1.414 21.898 17.457 0.000 19.397 20.203 0.000
3 65 19.397 20.203 0.000 19.802 20.626 -1.414 22.356 17.822 -1.414
3 65 23.462 18.704 -2.000 22.356 17.822 -1.414 19.802 20.626 -1.414
3 65 19.802 20.626 -1.414 20.782 21.646 -2.000 23.462 18.704 -2.000
3 65 24.568 19.585 -1.414 23.462 18.704 -2.000 20.782 21.646 -2.000
3 65 20.782 21.646 -2.000 21.761 22.667 -1.414 24.568 19.585 -1.414
3 65 25.026 19.950 0.000 24.568 19.585 -1.414 21.761 22.667 -1.414
3 65 21.761 22.667 -1.414 22.166 23.090 0.000 25.026 19.950 0.000
3 65 24.568 19.585 1.414 25.026 19.950 0.000 22.166 23.090 0.000
3 65 22.166 23.090 0.000 21.761 22.667 1.414 24.568 19.585 1.414
3 65 23.462 18.704 2.000 24.568 19.585 1.414 21.761 22.667 1.414
3 65 21.761 22.667 1.414 20.782 21.646 2.000 23.462 18.704 2.000
3 65 19.802 20.626 1.414 20.782 21.646 2.000 17.730 24.203 2.000
3 65 17.730 24.203 2.000 16.895 23.062 1.414 19.802 20.626 1.414
3 65 19.397 20.203 0.000 19.802 20.626 1.414 16.895 23.062 1.414
3 65 16.895 23.062 1.414 16.549 22.589 0.000 19.397 20.203 0.000
3 65 19.802 20.626 -1.414 19.397 20.203 0.000 16.549 22.589 0.000
3 65 16.549 22.589 0.000 16.895 23.062 -1.414 19.802 20.626 -1.414
3 65 20.782 21.646 -2.000 19.802 20.626 -1.414 16.895 23.062 -1.414
3 65 16.895 23.062 -1.414 17.730 24.203 -2.000 20.782 21.646 -2.000
3 65 21.761 22.667 -1.414 20.782 21.646 -2.000 17.730 24.203 -2.000
3 65 17.730 24.203 -2.000 18.566 25.344 -1.414 21.761 22.667 -1.414
3 65 22.166 23.090 0.000 21.761 22.667 -1.414 18.566 25.344 -1.414
3 65 18.566 25.344 -1.414 18.912 25.817 0.000 22.166 23.090 0.000
3 65 21.761 22.667 1.414 22.166 23.090 0.000 18.912 25.817 0.000
3 65 18.912 25.817 0.000 18.566 25.344 1.414 21.761 22.667 1.414
3 65 20.782 21.646 2.000 21.761 22.667 1.414 18.566 25.344 1.414
3 65 18.566 25.344 1.414 17.730 24.203 2.000 20.782 21.646 2.000
3 65 16.895 23.062 1.414 17.730 24.203 2.000 14.371 26.337 2.000
3 65 14.371 26.337 2.000 13.693 25.096 1.414 16.895 23.062 1.414
3 65 16.549 22.589 0.000 16.895 23.062 1.414 13.693 25.096 1.414
3 65 13.693 25.096 1.414 13.413 24.582 0.000 16.549 22.589 0.000
3 65 16.895 23.062 -1.414 16.549 22.589 0.000 13.413 24.582 0.000
3 65 13.413 24.582 0.000 13.693 25.096 -1.414 16.895 23.062 -1.414
3 65 17.730 24.203 -2.000 16.895 23.062 -1.414 13.693 25.096 -1.414
3 65 13.693 25.096 -1.414 14.371 26.337 -2.000 17.730 24.203 -2.000
3 65 18.566 25.344 -1.414 17.730 24.203 -2.000 14.371 26.337 -2.000
3 65 14.371 26.337 -2.000 15.049 27.579 -1.414 18.566 25.344 -1.414
3 65 18.912 25.817 0.000 18.566 25.344 -1.414 15.049 27.579 -1.414
3 65 15.049 27.579 -1.414 15.329 28.093 0.000 18.912 25.817 0.000
3 65 18.566 25.344 1.414 18.912 25.817 0.000 15.329 28.093 0.000
3 65 15.329 28.093 0.000 15.049 27.579 1.414 18.566 25.344 1.414
3 65 17.730 24.203 2.000 18.566 25.344 1.414 15.049 27.579 1.414
3 65 15.049 27.579 1.414 14.371 26.337 2.000 17.730 24.203 2.000
3 65 13.693 25.096 1.414 14.371 26.337 2.000 10.758 28.008 2.000
3 65 10.758 28.008 2.000 10.251 26.688 1.414 13.693 25.096 1.414
3 65 13.413 24.582 0.000 13.693 25.096 1.414 10.251 26.688 1.414
3 65 10.251 26.688 1.414 10.041 26.142 0.000 13.413 24.582 0.000
3 65 13.693 25.096 -1.414 13.413 24.582 0.000 10.041 26.142 0.000
3 65 10.041 26.142 0.000 10.251 26.688 -1.414 13.693 25.096 -1.414
3 65 14.371 26.337 -2.000 13.693 25.096 -1.414 10.251 26.688 -1.414
3 65 10.251 26.688 -1.414 10.758 28.008 -2.000 14.371 26.337 -2.000
3 65 15.049 27.579 -1.414 14.371 26.337 -2.000 10.758 28.008 -2.000
3 65 10.758 28.008 -2.000 11.266 29.328 -1.414 15.049 27.579 -1.414
3 65 15.329 28.093 0.000 15.049 27.579 -1.414 11.266 29.328 -1.414
3 65 11.266 29.328 -1.414 11.476 29.875 0.000 15.329 28.093 0.000
3 65 15.049 27.579 1.414 15.329 28.093 0.000 11.476 29.875 0.000
3 65 11.476 29.875 0.000 11.266 29.328 1.414 15.049 27.579 1.414
3 65 14.371 26.337 2.000 15.049 27.579 1.414 11.266 29.328 1.414
3 65 11.266 29.328 1.414 10.758 28.008 2.000 14.371 26.337 2.000
3 65 10.251 26.688 1.414 10.758 28.008 2.000 6.957 29.188 2.000
3 65 6.957 29.188 2.000 6.629 27.812 1.414 10.251 26.688 1.414
3 65 10.041 26.142 0.000 10.251 26.688 1.414 6.629 27.812 1.414
3 65 6.629 27.812 1.414 6.494 27.242 0.000 10.041 26.142 0.000
3 65 10.251 26.688 -1.414 10.041 26.142 0.000 6.494 27.242 0.000
3 65 6.494 27.242 0.000 6.629 27.812 -1.414 10.251 26.688 -1.414
3 65 10.758 28.008 -2.000 10.251 26.688 -1.414 6.629 27.812 -1.414
3 65 6.629 27.812 -1.414 6.957 29.188 -2.000 10.758 28.008 -2.000
3 65 11.266 29.328 -1.414 10.758 28.008 -2.000 6.957 29.188 -2.000
3 65 6.957 29.188 -2.000 7.284 30.564 -1.414 11.266 29.328 -1.414
3 65 11.476 29.875 0.000 11.266 29.328 -1.414 7.284 30.564 -1.414
3 65 7.284 30.564 -1.414 7.420 31.134 0.000 11.476 29.875 0.000
3 65 11.266 29.328 1.414 11.476 29.875 0.000 7.420 31.134 0.000
3 65 7.420 31.134 0.000 7.284 30.564 1.414 11.266 29.328 1.414
3 65 10.758 28.008 2.000 11.266 29.328 1.414 7.284 30.564 1.414
3 65 7.284 30.564 1.414 6.957 29.188 2.000 10.758 28.008 2.000
3 65 6.629 27.812 1.414 6.957 29.188 2.000 3.031 29.848 2.000
3 65 3.031 29.848 2.000 2.885 28.441 1.414 6.629 27.812 1.414
3 65 6.494 27.242 0.000 6.629 27.812 1.414 2.885 28.441 1.414
3 65 2.885 28.441 1.414 2.824 27.858 0.000 6.494 27.242 0.000
3 65 6.629 27.812 -1.414 6.494 27.242 0.000 2.824 27.858 0.000
3 65 2.824 27.858 0.000 2.885 28.441 -1.414 6.629 27.812 -1.414
3 65 6.957 29.188 -2.000 6.629 27.812 -1.414 2.885 28.441 -1.414
3 65 2.885 28.441 -1.414 3.031 29.848 -2.000 6.957 29.188 -2.000
3 65 7.284 30.564 -1.414 6.957 29.188 -2.000 3.031 29.848 -2.000
3 65 3.031 29.848 -2.000 3.178 31.254 -1.414 7.284 30.564 -1.414
3 65 7.420 31.134 0.000 7.284 30.564 -1.414 3.178 31.254 -1.414
3 65 3.178 31.254 -1.414 3.239 31.837 0.000 7.420 31.134 0.000
3 65 7.284 30.564 1.414 7.420 31.134 0.000 3.239 31.837 0.000
3 65 3.239 31.837 0.000 3.178 31.254 1.414 7.284 30.564 1.414
3 65 6.957 29.188 2.000 7.284 30.564 1.414 3.178 31.254 1.414
3 65 3.178 31.254 1.414 3.031 29.848 2.000 6.957 29.188 2.000
3 65 2.885 28.441 1.414 3.031 29.848 2.000 -0.562 29.995 2.000
3 65 -0.562 29.995 2.000 -0.536 28.581 1.414 2.885 28.441 1.414
3 65 2.824 27.858 0.000 2.885 28.441 1.414 -0.536 28.581 1.414
3 65 -0.536 28.581 1.414 -0.525 27.995 0.000 2.824 27.858 0.000
3 65 2.885 28.441 -1.414 2.824 27.858 0.000 -0.525 27.995 0.000
3 65 -0.525 27.995 0.000 -0.536 28.581 -1.414 2.885 28.441 -1.414
3 65 3.031 29.848 -2.000 2.885 28.441 -1.414 -0.536 28.581 -1.414
3 65 -0.536 28.581 -1.414 -0.562 29.995 -2.000 3.031 29.848 -2.000
3 65 3.178 31.254 -1.414 3.031 29.848 -2.000 -0.562 29.995 -2.000
3 65 -0.562 29.995 -2.000 -0.589 31.409 -1.414 3.178 31.254 -1.414
3 65 3.239 31.837 0.000 3.178 31.254 -1.414 -0.589 31.409 -1.414
3 65 -0.589 31.409 -1.414 -0.600 31.994 0.000 3.239 31.837 0.000
3 65 3.178 31.254 1.414 3.239 31.837 0.000 -0.600 31.994 0.000
3 65 -0.600 31.994 0.000 -0.589 31.409 1.414 3.178 31.254 1.414
3 65 3.031 29.848 2.000 3.178 31.254 1.414 -0.589 31.409 1.414
3 65 -0.589 31.409 1.414 -0.562 29.995 2.000 3.031 29.848 2.000
