0 FILE xpj0104.dat
0 xpj0104
0 Name:  UntitledModel
0 Author:  
0 BL_Item_No xpj0104.dat
0 BFC CERTIFY CCW
3 65 -7.586 0.000 1.414 -9.000 0.000 2.000 -8.117 -3.884 2.000
3 65 -8.117 -3.884 2.000 -6.842 -3.274 1.414 -7.586 0.000 1.414
3 65 -7.000 0.000 0.000 -7.586 0.000 1.414 -6.842 -3.274 1.414
3 65 -6.842 -3.274 1.414 -6.314 -3.021 0.000 -7.000 0.000 0.000
3 65 -7.586 0.000 -1.414 -7.000 0.000 0.000 -6.314 -3.021 0.000
3 65 -6.314 -3.021 0.000 -6.842 -3.274 -1.414 -7.586 0.000 -1.414
3 65 -9.000 0.000 -2.000 -7.586 0.000 -1.414 -6.842 -3.274 -1.414
3 65 -6.842 -3.274 -1.414 -8.117 -3.884 -2.000 -9.000 0.000 -2.000
3 65 -10.414 0.000 -1.414 -9.000 0.000 -2.000 -8.117 -3.884 -2.000
3 65 -8.117 -3.884 -2.000 -9.393 -4.495 -1.414 -10.414 0.000 -1.414
3 65 -11.000 0.000 0.000 -10.414 0.000 -1.414 -9.393 -4.495 -1.414
3 65 -9.393 -4.495 -1.414 -9.921 -4.748 0.000 -11.000 0.000 0.000
3 65 -10.414 0.000 1.414 -11.000 0.000 0.000 -9.921 -4.748 0.000
3 65 -9.921 -4.748 0.000 -9.393 -4.495 1.414 -10.414 0.000 1.414
3 65 -9.000 0.000 2.000 -10.414 0.000 1.414 -9.393 -4.495 1.414
3 65 -9.393 -4.495 1.414 -8.117 -3.884 2.000 -9.000 0.000 2.000
3 65 -6.842 -3.274 1.414 -8.117 -3.884 2.000 -5.645 -7.007 2.000
3 65 -5.645 -7.007 2.000 -4.758 -5.906 1.414 -6.842 -3.274 1.414
3 65 -6.314 -3.021 0.000 -6.842 -3.274 1.414 -4.758 -5.906 1.414
3 65 -4.758 -5.906 1.414 -4.390 -5.449 0.000 -6.314 -3.021 0.000
3 65 -6.842 -3.274 -1.414 -6.314 -3.021 0.000 -4.390 -5.449 0.000
3 65 -4.390 -5.449 0.000 -4.758 -5.906 -1.414 -6.842 -3.274 -1.414
3 65 -8.117 -3.884 -2.000 -6.842 -3.274 -1.414 -4.758 -5.906 -1.414
3 65 -4.758 -5.906 -1.414 -5.645 -7.007 -2.000 -8.117 -3.884 -2.000
3 65 -9.393 -4.495 -1.414 -8.117 -3.884 -2.000 -5.645 -7.007 -2.000
3 65 -5.645 -7.007 -2.000 -6.532 -8.109 -1.414 -9.393 -4.495 -1.414
3 65 -9.921 -4.748 0.000 -9.393 -4.495 -1.414 -6.532 -8.109 -1.414
3 65 -6.532 -8.109 -1.414 -6.899 -8.565 0.000 -9.921 -4.748 0.000
3 65 -9.393 -4.495 1.414 -9.921 -4.748 0.000 -6.899 -8.565 0.000
3 65 -6.899 -8.565 0.000 -6.532 -8.109 1.414 -9.393 -4.495 1.414
3 65 -8.117 -3.884 2.000 -9.393 -4.495 1.414 -6.532 -8.109 1.414
3 65 -6.532 -8.109 1.414 -5.645 -7.007 2.000 -8.117 -3.884 2.000
3 65 -4.758 -5.906 1.414 -5.645 -7.007 2.000 -2.067 -8.757 2.000
3 65 -2.067 -8.757 2.000 -1.667 -7.400 1.414 -4.758 -5.906 1.414
3 65 -4.390 -5.449 0.000 -4.758 -5.906 1.414 -1.667 -7.400 1.414
3 65 -1.667 -7.400 1.414 -1.502 -6.838 0.000 -4.390 -5.449 0.000
3 65 -4.758 -5.906 -1.414 -4.390 -5.449 0.000 -1.502 -6.838 0.000
3 65 -1.502 -6.838 0.000 -1.667 -7.400 -1.414 -4.758 -5.906 -1.414
3 65 -5.645 -7.007 -2.000 -4.758 -5.906 -1.414 -1.667 -7.400 -1.414
3 65 -1.667 -7.400 -1.414 -2.067 -8.757 -2.000 -5.645 -7.007 -2.000
3 65 -6.532 -8.109 -1.414 -5.645 -7.007 -2.000 -2.067 -8.757 -2.000
3 65 -2.067 -8.757 -2.000 -2.467 -10.113 -1.414 -6.532 -8.109 -1.414
3 65 -6.899 -8.565 0.000 -6.532 -8.109 -1.414 -2.467 -10.113 -1.414
3 65 -2.467 -10.113 -1.414 -2.633 -10.675 0.000 -6.899 -8.565 0.000
3 65 -6.532 -8.109 1.414 -6.899 -8.565 0.000 -2.633 -10.675 0.000
3 65 -2.633 -10.675 0.000 -2.467 -10.113 1.414 -6.532 -8.109 1.414
3 65 -5.645 -7.007 2.000 -6.532 -8.109 1.414 -2.467 -10.113 1.414
3 65 -2.467 -10.113 1.414 -2.067 -8.757 2.000 -5.645 -7.007 2.000
3 65 -1.667 -7.400 1.414 -2.067 -8.757 2.000 37.808 -13.503 2.000
3 65 37.808 -13.503 2.000 37.974 -12.099 1.414 -1.667 -7.400 1.414
3 65 -1.502 -6.838 0.000 -1.667 -7.400 1.414 37.974 -12.099 1.414
3 65 37.974 -12.099 1.414 38.043 -11.517 0.000 -1.502 -6.838 0.000
3 65 -1.667 -7.400 -1.414 -1.502 -6.838 0.000 38.043 -11.517 0.000
3 65 38.043 -11.517 0.000 37.974 -12.099 -1.414 -1.667 -7.400 -1.414
3 65 -2.067 -8.757 -2.000 -1.667 -7.400 -1.414 37.974 -12.099 -1.414
3 65 37.974 -12.099 -1.414 37.808 -13.503 -2.000 -2.067 -8.757 -2.000
3 65 -2.467 -10.113 -1.414 -2.067 -8.757 -2.000 37.808 -13.503 -2.000
3 65 37.808 -13.503 -2.000 37.642 -14.908 -1.414 -2.467 -10.113 -1.414
3 65 -2.633 -10.675 0.000 -2.467 -10.113 -1.414 37.642 -14.908 -1.414
3 65 37.642 -14.908 -1.414 37.573 -15.489 0.000 -2.633 -10.675 0.000
3 65 -2.467 -10.113 1.414 -2.633 -10.675 0.000 37.573 -15.489 0.000
3 65 37.573 -15.489 0.000 37.642 -14.908 1.414 -2.467 -10.113 1.414
3 65 -2.067 -8.757 2.000 -2.467 -10.113 1.414 37.642 -14.908 1.414
3 65 37.642 -14.908 1.414 37.808 -13.503 2.000 -2.067 -8.757 2.000
3 65 37.974 -12.099 1.414 37.808 -13.503 2.000 77.693 -18.188 2.000
3 65 77.693 -18.188 2.000 77.858 -16.784 1.414 37.974 -12.099 1.414
3 65 38.043 -11.517 0.000 37.974 -12.099 1.414 77.858 -16.784 1.414
3 65 77.858 -16.784 1.414 77.926 -16.202 0.000 38.043 -11.517 0.000
3 65 37.974 -12.099 -1.414 38.043 -11.517 0.000 77.926 -16.202 0.000
3 65 77.926 -16.202 0.000 77.858 -16.784 -1.414 37.974 -12.099 -1.414
3 65 37.808 -13.503 -2.000 37.974 -12.099 -1.414 77.858 -16.784 -1.414
3 65 77.858 -16.784 -1.414 77.693 -18.188 -2.000 37.808 -13.503 -2.000
3 65 37.642 -14.908 -1.414 37.808 -13.503 -2.000 77.693 -18.188 -2.000
3 65 77.693 -18.188 -2.000 77.528 -19.593 -1.414 37.642 -14.908 -1.414
3 65 37.573 -15.489 0.000 37.642 -14.908 -1.414 77.528 -19.593 -1.414
3 65 77.528 -19.593 -1.414 77.460 -20.175 0.000 37.573 -15.489 0.000
3 65 37.642 -14.908 1.414 37.573 -15.489 0.000 77.460 -20.175 0.000
3 65 77.460 -20.175 0.000 77.528 -19.593 1.414 37.642 -14.908 1.414
3 65 37.808 -13.503 2.000 37.642 -14.908 1.414 77.528 -19.593 1.414
3 65 77.528 -19.593 1.414 77.693 -18.188 2.000 37.808 -13.503 2.000
3 65 77.858 -16.784 1.414 77.693 -18.188 2.000 117.578 -22.874 2.000
3 65 117.578 -22.874 2.000 117.743 -21.469 1.414 77.858 -16.784 1.414
3 65 77.926 -16.202 0.000 77.858 -16.784 1.414 117.743 -21.469 1.414
3 65 117.743 -21.469 1.414 117.811 -20.887 0.000 77.926 -16.202 0.000
3 65 77.858 -16.784 -1.414 77.926 -16.202 0.000 117.811 -20.887 0.000
3 65 117.811 -20.887 0.000 117.743 -21.469 -1.414 77.858 -16.784 -1.414
3 65 77.693 -18.188 -2.000 77.858 -16.784 -1.414 117.743 -21.469 -1.414
3 65 117.743 -21.469 -1.414 117.578 -22.874 -2.000 77.693 -18.188 -2.000
3 65 77.528 -19.593 -1.414 77.693 -18.188 -2.000 117.578 -22.874 -2.000
3 65 117.578 -22.874 -2.000 117.413 -24.278 -1.414 77.528 -19.593 -1.414
3 65 77.460 -20.175 0.000 77.528 -19.593 -1.414 117.413 -24.278 -1.414
3 65 117.413 -24.278 -1.414 117.345 -24.860 0.000 77.460 -20.175 0.000
3 65 77.528 -19.593 1.414 77.460 -20.175 0.000 117.345 -24.860 0.000
3 65 117.345 -24.860 0.000 117.413 -24.278 1.414 77.528 -19.593 1.414
3 65 77.693 -18.188 2.000 77.528 -19.593 1.414 117.413 -24.278 1.414
3 65 117.413 -24.278 1.414 117.578 -22.874 2.000 77.693 -18.188 2.000
3 65 117.743 -21.469 1.414 117.578 -22.874 2.000 157.463 -27.559 2.000
3 65 157.463 -27.559 2.000 157.627 -26.154 1.414 117.743 -21.469 1.414
3 65 117.811 -20.887 0.000 117.743 -21.469 1.414 157.627 -26.154 1.414
3 65 157.627 -26.154 1.414 157.696 -25.572 0.000 117.811 -20.887 0.000
3 65 117.743 -21.469 -1.414 117.811 -20.887 0.000 157.696 -25.572 0.000
3 65 157.696 -25.572 0.000 157.627 -26.154 -1.414 117.743 -21.469 -1.414
3 65 117.578 -22.874 -2.000 117.743 -21.469 -1.414 157.627 -26.154 -1.414
3 65 157.627 -26.154 -1.414 157.463 -27.559 -2.000 117.578 -22.874 -2.000
3 65 117.413 -24.278 -1.414 117.578 -22.874 -2.000 157.463 -27.559 -2.000
3 65 157.463 -27.559 -2.000 157.298 -28.963 -1.414 117.413 -24.278 -1.414
3 65 117.345 -24.860 0.000 117.413 -24.278 -1.414 157.298 -28.963 -1.414
3 65 157.298 -28.963 -1.414 157.230 -29.545 0.000 117.345 -24.860 0.000
3 65 117.413 -24.278 1.414 117.345 -24.860 0.000 157.230 -29.545 0.000
3 65 157.230 -29.545 0.000 157.298 -28.963 1.414 117.413 -24.278 1.414
3 65 117.578 -22.874 2.000 117.413 -24.278 1.414 157.298 -28.963 1.414
3 65 157.298 -28.963 1.414 157.463 -27.559 2.000 117.578 -22.874 2.000
3 65 157.627 -26.154 1.414 157.463 -27.559 2.000 177.407 -29.889 2.000
3 65 177.407 -29.889 2.000 177.503 -28.478 1.414 157.627 -26.154 1.414
3 65 157.696 -25.572 0.000 157.627 -26.154 1.414 177.503 -28.478 1.414
3 65 177.503 -28.478 1.414 177.543 -27.894 0.000 157.696 -25.572 0.000
3 65 157.627 -26.154 -1.414 157.696 -25.572 0.000 177.543 -27.894 0.000
3 65 177.543 -27.894 0.000 177.503 -28.478 -1.414 157.627 -26.154 -1.414
3 65 157.463 -27.559 -2.000 157.627 -26.154 -1.414 177.503 -28.478 -1.414
3 65 177.503 -28.478 -1.414 177.407 -29.889 -2.000 157.463 -27.559 -2.000
3 65 157.298 -28.963 -1.414 157.463 -27.559 -2.000 177.407 -29.889 -2.000
3 65 177.407 -29.889 -2.000 177.310 -31.300 -1.414 157.298 -28.963 -1.414
3 65 157.230 -29.545 0.000 157.298 -28.963 -1.414 177.310 -31.300 -1.414
3 65 177.310 -31.300 -1.414 177.271 -31.885 0.000 157.230 -29.545 0.000
3 65 157.298 -28.963 1.414 157.230 -29.545 0.000 177.271 -31.885 0.000
3 65 177.271 -31.885 0.000 177.310 -31.300 1.414 157.298 -28.963 1.414
3 65 157.463 -27.559 2.000 157.298 -28.963 1.414 177.310 -31.300 1.414
3 65 177.310 -31.300 1.414 177.407 -29.889 2.000 157.463 -27.559 2.000
3 65 177.503 -28.478 1.414 177.407 -29.889 2.000 181.419 -29.969 2.000
3 65 181.419 -29.969 2.000 181.353 -28.557 1.414 177.503 -28.478 1.414
3 65 177.543 -27.894 0.000 177.503 -28.478 1.414 181.353 -28.557 1.414
3 65 181.353 -28.557 1.414 181.326 -27.971 0.000 177.543 -27.894 0.000
3 65 177.503 -28.478 -1.414 177.543 -27.894 0.000 181.326 -27.971 0.000
3 65 181.326 -27.971 0.000 181.353 -28.557 -1.414 177.503 -28.478 -1.414
3 65 177.407 -29.889 -2.000 177.503 -28.478 -1.414 181.353 -28.557 -1.414
3 65 181.353 -28.557 -1.414 181.419 -29.969 -2.000 177.407 -29.889 -2.000
3 65 177.310 -31.300 -1.414 177.407 -29.889 -2.000 181.419 -29.969 -2.000
3 65 181.419 -29.969 -2.000 181.486 -31.382 -1.414 177.310 -31.300 -1.414
3 65 177.271 -31.885 0.000 177.310 -31.300 -1.414 181.486 -31.382 -1.414
3 65 181.486 -31.382 -1.414 181.513 -31.967 0.000 177.271 -31.885 0.000
3 65 177.310 -31.300 1.414 177.271 -31.885 0.000 181.513 -31.967 0.000
3 65 181.513 -31.967 0.000 181.486 -31.382 1.414 177.310 -31.300 1.414
3 65 177.407 -29.889 2.000 177.310 -31.300 1.414 181.486 -31.382 1.414
3 65 181.486 -31.382 1.414 181.419 -29.969 2.000 177.407 -29.889 2.000
3 65 181.353 -28.557 1.414 181.419 -29.969 2.000 185.407 -29.514 2.000
3 65 185.407 -29.514 2.000 185.152 -28.123 1.414 181.353 -28.557 1.414
3 65 181.326 -27.971 0.000 181.353 -28.557 1.414 185.152 -28.123 1.414
3 65 185.152 -28.123 1.414 185.046 -27.547 0.000 181.326 -27.971 0.000
3 65 181.353 -28.557 -1.414 181.326 -27.971 0.000 185.046 -27.547 0.000
3 65 185.046 -27.547 0.000 185.152 -28.123 -1.414 181.353 -28.557 -1.414
3 65 181.419 -29.969 -2.000 181.353 -28.557 -1.414 185.152 -28.123 -1.414
3 65 185.152 -28.123 -1.414 185.407 -29.514 -2.000 181.419 -29.969 -2.000
3 65 181.486 -31.382 -1.414 181.419 -29.969 -2.000 185.407 -29.514 -2.000
3 65 185.407 -29.514 -2.000 185.662 -30.905 -1.414 181.486 -31.382 -1.414
3 65 181.513 -31.967 0.000 181.486 -31.382 -1.414 185.662 -30.905 -1.414
3 65 185.662 -30.905 -1.414 185.768 -31.481 0.000 181.513 -31.967 0.000
3 65 181.486 -31.382 1.414 181.513 -31.967 0.000 185.768 -31.481 0.000
3 65 185.768 -31.481 0.000 185.662 -30.905 1.414 181.486 -31.382 1.414
3 65 181.419 -29.969 2.000 181.486 -31.382 1.414 185.662 -30.905 1.414
3 65 185.662 -30.905 1.414 185.407 -29.514 2.000 181.419 -29.969 2.000
3 65 185.152 -28.123 1.414 185.407 -29.514 2.000 189.297 -28.525 2.000
3 65 189.297 -28.525 2.000 188.858 -27.180 1.414 185.152 -28.123 1.414
3 65 185.046 -27.547 0.000 185.152 -28.123 1.414 188.858 -27.180 1.414
3 65 188.858 -27.180 1.414 188.677 -26.624 0.000 185.046 -27.547 0.000
3 65 185.152 -28.123 -1.414 185.046 -27.547 0.000 188.677 -26.624 0.000
3 65 188.677 -26.624 0.000 188.858 -27.180 -1.414 185.152 -28.123 -1.414
3 65 185.407 -29.514 -2.000 185.152 -28.123 -1.414 188.858 -27.180 -1.414
3 65 188.858 -27.180 -1.414 189.297 -28.525 -2.000 185.407 -29.514 -2.000
3 65 185.662 -30.905 -1.414 185.407 -29.514 -2.000 189.297 -28.525 -2.000
3 65 189.297 -28.525 -2.000 189.736 -29.869 -1.414 185.662 -30.905 -1.414
3 65 185.768 -31.481 0.000 185.662 -30.905 -1.414 189.736 -29.869 -1.414
3 65 189.736 -29.869 -1.414 189.917 -30.426 0.000 185.768 -31.481 0.000
3 65 185.662 -30.905 1.414 185.768 -31.481 0.000 189.917 -30.426 0.000
3 65 189.917 -30.426 0.000 189.736 -29.869 1.414 185.662 -30.905 1.414
3 65 185.407 -29.514 2.000 185.662 -30.905 1.414 189.736 -29.869 1.414
3 65 189.736 -29.869 1.414 189.297 -28.525 2.000 185.407 -29.514 2.000
3 65 188.858 -27.180 1.414 189.297 -28.525 2.000 193.022 -27.030 2.000
3 65 193.022 -27.030 2.000 192.408 -25.756 1.414 188.858 -27.180 1.414
3 65 188.677 -26.624 0.000 188.858 -27.180 1.414 192.408 -25.756 1.414
3 65 192.408 -25.756 1.414 192.154 -25.228 0.000 188.677 -26.624 0.000
3 65 188.858 -27.180 -1.414 188.677 -26.624 0.000 192.154 -25.228 0.000
3 65 192.154 -25.228 0.000 192.408 -25.756 -1.414 188.858 -27.180 -1.414
3 65 189.297 -28.525 -2.000 188.858 -27.180 -1.414 192.408 -25.756 -1.414
3 65 192.408 -25.756 -1.414 193.022 -27.030 -2.000 189.297 -28.525 -2.000
3 65 189.736 -29.869 -1.414 189.297 -28.525 -2.000 193.022 -27.030 -2.000
3 65 193.022 -27.030 -2.000 193.635 -28.304 -1.414 189.736 -29.869 -1.414
3 65 189.917 -30.426 0.000 189.736 -29.869 -1.414 193.635 -28.304 -1.414
3 65 193.635 -28.304 -1.414 193.889 -28.832 0.000 189.917 -30.426 0.000
3 65 189.736 -29.869 1.414 189.917 -30.426 0.000 193.889 -28.832 0.000
3 65 193.889 -28.832 0.000 193.635 -28.304 1.414 189.736 -29.869 1.414
3 65 189.297 -28.525 2.000 189.736 -29.869 1.414 193.635 -28.304 1.414
3 65 193.635 -28.304 1.414 193.022 -27.030 2.000 189.297 -28.525 2.000
3 65 192.408 -25.756 1.414 193.022 -27.030 2.000 196.513 -25.051 2.000
3 65 196.513 -25.051 2.000 195.736 -23.870 1.414 192.408 -25.756 1.414
3 65 192.154 -25.228 0.000 192.408 -25.756 1.414 195.736 -23.870 1.414
3 65 195.736 -23.870 1.414 195.413 -23.381 0.000 192.154 -25.228 0.000
3 65 192.408 -25.756 -1.414 192.154 -25.228 0.000 195.413 -23.381 0.000
3 65 195.413 -23.381 0.000 195.736 -23.870 -1.414 192.408 -25.756 -1.414
3 65 193.022 -27.030 -2.000 192.408 -25.756 -1.414 195.736 -23.870 -1.414
3 65 195.736 -23.870 -1.414 196.513 -25.051 -2.000 193.022 -27.030 -2.000
3 65 193.635 -28.304 -1.414 193.022 -27.030 -2.000 196.513 -25.051 -2.000
3 65 196.513 -25.051 -2.000 197.291 -26.232 -1.414 193.635 -28.304 -1.414
3 65 193.889 -28.832 0.000 193.635 -28.304 -1.414 197.291 -26.232 -1.414
3 65 197.291 -26.232 -1.414 197.613 -26.721 0.000 193.889 -28.832 0.000
3 65 193.635 -28.304 1.414 193.889 -28.832 0.000 197.613 -26.721 0.000
3 65 197.613 -26.721 0.000 197.291 -26.232 1.414 193.635 -28.304 1.414
3 65 193.022 -27.030 2.000 193.635 -28.304 1.414 197.291 -26.232 1.414
3 65 197.291 -26.232 1.414 196.513 -25.051 2.000 193.022 -27.030 2.000
3 65 195.736 -23.870 1.414 196.513 -25.051 2.000 199.711 -22.625 2.000
3 65 199.711 -22.625 2.000 198.782 -21.559 1.414 195.736 -23.870 1.414
3 65 195.413 -23.381 0.000 195.736 -23.870 1.414 198.782 -21.559 1.414
3 65 198.782 -21.559 1.414 198.397 -21.117 0.000 195.413 -23.381 0.000
3 65 195.736 -23.870 -1.414 195.413 -23.381 0.000 198.397 -21.117 0.000
3 65 198.397 -21.117 0.000 198.782 -21.559 -1.414 195.736 -23.870 -1.414
3 65 196.513 -25.051 -2.000 195.736 -23.870 -1.414 198.782 -21.559 -1.414
3 65 198.782 -21.559 -1.414 199.711 -22.625 -2.000 196.513 -25.051 -2.000
3 65 197.291 -26.232 -1.414 196.513 -25.051 -2.000 199.711 -22.625 -2.000
3 65 199.711 -22.625 -2.000 200.640 -23.691 -1.414 197.291 -26.232 -1.414
3 65 197.613 -26.721 0.000 197.291 -26.232 -1.414 200.640 -23.691 -1.414
3 65 200.640 -23.691 -1.414 201.025 -24.133 0.000 197.613 -26.721 0.000
3 65 197.291 -26.232 1.414 197.613 -26.721 0.000 201.025 -24.133 0.000
3 65 201.025 -24.133 0.000 200.640 -23.691 1.414 197.291 -26.232 1.414
3 65 196.513 -25.051 2.000 197.291 -26.232 1.414 200.640 -23.691 1.414
3 65 200.640 -23.691 1.414 199.711 -22.625 2.000 196.513 -25.051 2.000
3 65 198.782 -21.559 1.414 199.711 -22.625 2.000 202.552 -19.789 2.000
3 65 202.552 -19.789 2.000 201.488 -18.857 1.414 198.782 -21.559 1.414
3 65 198.397 -21.117 0.000 198.782 -21.559 1.414 201.488 -18.857 1.414
3 65 201.488 -18.857 1.414 201.048 -18.470 0.000 198.397 -21.117 0.000
3 65 198.782 -21.559 -1.414 198.397 -21.117 0.000 201.048 -18.470 0.000
3 65 201.048 -18.470 0.000 201.488 -18.857 -1.414 198.782 -21.559 -1.414
3 65 199.711 -22.625 -2.000 198.782 -21.559 -1.414 201.488 -18.857 -1.414
3 65 201.488 -18.857 -1.414 202.552 -19.789 -2.000 199.711 -22.625 -2.000
3 65 200.640 -23.691 -1.414 199.711 -22.625 -2.000 202.552 -19.789 -2.000
3 65 202.552 -19.789 -2.000 203.615 -20.721 -1.414 200.640 -23.691 -1.414
3 65 201.025 -24.133 0.000 200.640 -23.691 -1.414 203.615 -20.721 -1.414
3 65 203.615 -20.721 -1.414 204.055 -21.108 0.000 201.025 -24.133 0.000
3 65 200.640 -23.691 1.414 201.025 -24.133 0.000 204.055 -21.108 0.000
3 65 204.055 -21.108 0.000 203.615 -20.721 1.414 200.640 -23.691 1.414
3 65 199.711 -22.625 2.000 200.640 -23.691 1.414 203.615 -20.721 1.414
3 65 203.615 -20.721 1.414 202.552 -19.789 2.000 199.711 -22.625 2.000
3 65 201.488 -18.857 1.414 202.552 -19.789 2.000 204.992 -16.603 2.000
3 65 204.992 -16.603 2.000 203.814 -15.820 1.414 201.488 -18.857 1.414
3 65 201.048 -18.470 0.000 201.488 -18.857 1.414 203.814 -15.820 1.414
3 65 203.814 -15.820 1.414 203.326 -15.496 0.000 201.048 -18.470 0.000
3 65 201.488 -18.857 -1.414 201.048 -18.470 0.000 203.326 -15.496 0.000
3 65 203.326 -15.496 0.000 203.814 -15.820 -1.414 201.488 -18.857 -1.414
3 65 202.552 -19.789 -2.000 201.488 -18.857 -1.414 203.814 -15.820 -1.414
3 65 203.814 -15.820 -1.414 204.992 -16.603 -2.000 202.552 -19.789 -2.000
3 65 203.615 -20.721 -1.414 202.552 -19.789 -2.000 204.992 -16.603 -2.000
3 65 204.992 -16.603 -2.000 206.170 -17.386 -1.414 203.615 -20.721 -1.414
3 65 204.055 -21.108 0.000 203.615 -20.721 -1.414 206.170 -17.386 -1.414
3 65 206.170 -17.386 -1.414 206.658 -17.710 0.000 204.055 -21.108 0.000
3 65 203.615 -20.721 1.414 204.055 -21.108 0.000 206.658 -17.710 0.000
3 65 206.658 -17.710 0.000 206.170 -17.386 1.414 203.615 -20.721 1.414
3 65 202.552 -19.789 2.000 203.615 -20.721 1.414 206.170 -17.386 1.414
3 65 206.170 -17.386 1.414 204.992 -16.603 2.000 202.552 -19.789 2.000
3 65 203.814 -15.820 1.414 204.992 -16.603 2.000 206.985 -13.119 2.000
3 65 206.985 -13.119 2.000 205.714 -12.500 1.414 203.814 -15.820 1.414
3 65 203.326 -15.496 0.000 203.814 -15.820 1.414 205.714 -12.500 1.414
3 65 205.714 -12.500 1.414 205.187 -12.243 0.000 203.326 -15.496 0.000
3 65 203.814 -15.820 -1.414 203.326 -15.496 0.000 205.187 -12.243 0.000
3 65 205.187 -12.243 0.000 205.714 -12.500 -1.414 203.814 -15.820 -1.414
3 65 204.992 -16.603 -2.000 203.814 -15.820 -1.414 205.714 -12.500 -1.414
3 65 205.714 -12.500 -1.414 206.985 -13.119 -2.000 204.992 -16.603 -2.000
3 65 206.170 -17.386 -1.414 204.992 -16.603 -2.000 206.985 -13.119 -2.000
3 65 206.985 -13.119 -2.000 208.257 -13.738 -1.414 206.170 -17.386 -1.414
3 65 206.658 -17.710 0.000 206.170 -17.386 -1.414 208.257 -13.738 -1.414
3 65 208.257 -13.738 -1.414 208.784 -13.994 0.000 206.658 -17.710 0.000
3 65 206.170 -17.386 1.414 206.658 -17.710 0.000 208.784 -13.994 0.000
3 65 208.784 -13.994 0.000 208.257 -13.738 1.414 206.170 -17.386 1.414
3 65 204.992 -16.603 2.000 206.170 -17.386 1.414 208.257 -13.738 1.414
3 65 208.257 -13.738 1.414 206.985 -13.119 2.000 204.992 -16.603 2.000
3 65 205.714 -12.500 1.414 206.985 -13.119 2.000 208.498 -9.401 2.000
3 65 208.498 -9.401 2.000 207.155 -8.958 1.414 205.714 -12.500 1.414
3 65 205.187 -12.243 0.000 205.714 -12.500 1.414 207.155 -8.958 1.414
3 65 207.155 -8.958 1.414 206.599 -8.775 0.000 205.187 -12.243 0.000
3 65 205.714 -12.500 -1.414 205.187 -12.243 0.000 206.599 -8.775 0.000
3 65 206.599 -8.775 0.000 207.155 -8.958 -1.414 205.714 -12.500 -1.414
3 65 206.985 -13.119 -2.000 205.714 -12.500 -1.414 207.155 -8.958 -1.414
3 65 207.155 -8.958 -1.414 208.498 -9.401 -2.000 206.985 -13.119 -2.000
3 65 208.257 -13.738 -1.414 206.985 -13.119 -2.000 208.498 -9.401 -2.000
3 65 208.498 -9.401 -2.000 209.841 -9.844 -1.414 208.257 -13.738 -1.414
3 65 208.784 -13.994 0.000 208.257 -13.738 -1.414 209.841 -9.844 -1.414
3 65 209.841 -9.844 -1.414 210.398 -10.027 0.000 208.784 -13.994 0.000
3 65 208.257 -13.738 1.414 208.784 -13.994 0.000 210.398 -10.027 0.000
3 65 210.398 -10.027 0.000 209.841 -9.844 1.414 208.257 -13.738 1.414
3 65 206.985 -13.119 2.000 208.257 -13.738 1.414 209.841 -9.844 1.414
3 65 209.841 -9.844 1.414 208.498 -9.401 2.000 206.985 -13.119 2.000
3 65 207.155 -8.958 1.414 208.498 -9.401 2.000 209.494 -5.512 2.000
3 65 209.494 -5.512 2.000 208.103 -5.253 1.414 207.155 -8.958 1.414
3 65 206.599 -8.775 0.000 207.155 -8.958 1.414 208.103 -5.253 1.414
3 65 208.103 -5.253 1.414 207.527 -5.146 0.000 206.599 -8.775 0.000
3 65 207.155 -8.958 -1.414 206.599 -8.775 0.000 207.527 -5.146 0.000
3 65 207.527 -5.146 0.000 208.103 -5.253 -1.414 207.155 -8.958 -1.414
3 65 208.498 -9.401 -2.000 207.155 -8.958 -1.414 208.103 -5.253 -1.414
3 65 208.103 -5.253 -1.414 209.494 -5.512 -2.000 208.498 -9.401 -2.000
3 65 209.841 -9.844 -1.414 208.498 -9.401 -2.000 209.494 -5.512 -2.000
3 65 209.494 -5.512 -2.000 210.884 -5.771 -1.414 209.841 -9.844 -1.414
3 65 210.398 -10.027 0.000 209.841 -9.844 -1.414 210.884 -5.771 -1.414
3 65 210.884 -5.771 -1.414 211.460 -5.879 0.000 210.398 -10.027 0.000
3 65 209.841 -9.844 1.414 210.398 -10.027 0.000 211.460 -5.879 0.000
3 65 211.460 -5.879 0.000 210.884 -5.771 1.414 209.841 -9.844 1.414
3 65 208.498 -9.401 2.000 209.841 -9.844 1.414 210.884 -5.771 1.414
3 65 210.884 -5.771 1.414 209.494 -5.512 2.000 208.498 -9.401 2.000
3 65 208.103 -5.253 1.414 209.494 -5.512 2.000 209.967 -1.526 2.000
3 65 209.967 -1.526 2.000 208.554 -1.454 1.414 208.103 -5.253 1.414
3 65 207.527 -5.146 0.000 208.103 -5.253 1.414 208.554 -1.454 1.414
3 65 208.554 -1.454 1.414 207.969 -1.424 0.000 207.527 -5.146 0.000
3 65 208.103 -5.253 -1.414 207.527 -5.146 0.000 207.969 -1.424 0.000
3 65 207.969 -1.424 0.000 208.554 -1.454 -1.414 208.103 -5.253 -1.414
3 65 209.494 -5.512 -2.000 208.103 -5.253 -1.414 208.554 -1.454 -1.414
3 65 208.554 -1.454 -1.414 209.967 -1.526 -2.000 209.494 -5.512 -2.000
3 65 210.884 -5.771 -1.414 209.494 -5.512 -2.000 209.967 -1.526 -2.000
3 65 209.967 -1.526 -2.000 211.379 -1.599 -1.414 210.884 -5.771 -1.414
3 65 211.460 -5.879 0.000 210.884 -5.771 -1.414 211.379 -1.599 -1.414
3 65 211.379 -1.599 -1.414 211.964 -1.629 0.000 211.460 -5.879 0.000
3 65 210.884 -5.771 1.414 211.460 -5.879 0.000 211.964 -1.629 0.000
3 65 211.964 -1.629 0.000 211.379 -1.599 1.414 210.884 -5.771 1.414
3 65 209.494 -5.512 2.000 210.884 -5.771 1.414 211.379 -1.599 1.414
3 65 211.379 -1.599 1.414 209.967 -1.526 2.000 209.494 -5.512 2.000
3 65 208.554 -1.454 1.414 209.967 -1.526 2.000 209.903 2.487 2.000
3 65 209.903 2.487 2.000 208.494 2.371 1.414 208.554 -1.454 1.414
3 65 207.969 -1.424 0.000 208.554 -1.454 1.414 208.494 2.371 1.414
3 65 208.494 2.371 1.414 207.910 2.323 0.000 207.969 -1.424 0.000
3 65 208.554 -1.454 -1.414 207.969 -1.424 0.000 207.910 2.323 0.000
3 65 207.910 2.323 0.000 208.494 2.371 -1.414 208.554 -1.454 -1.414
3 65 209.967 -1.526 -2.000 208.554 -1.454 -1.414 208.494 2.371 -1.414
3 65 208.494 2.371 -1.414 209.903 2.487 -2.000 209.967 -1.526 -2.000
3 65 211.379 -1.599 -1.414 209.967 -1.526 -2.000 209.903 2.487 -2.000
3 65 209.903 2.487 -2.000 211.313 2.603 -1.414 211.379 -1.599 -1.414
3 65 211.964 -1.629 0.000 211.379 -1.599 -1.414 211.313 2.603 -1.414
3 65 211.313 2.603 -1.414 211.897 2.652 0.000 211.964 -1.629 0.000
3 65 211.379 -1.599 1.414 211.964 -1.629 0.000 211.897 2.652 0.000
3 65 211.897 2.652 0.000 211.313 2.603 1.414 211.379 -1.599 1.414
3 65 209.967 -1.526 2.000 211.379 -1.599 1.414 211.313 2.603 1.414
3 65 211.313 2.603 1.414 209.903 2.487 2.000 209.967 -1.526 2.000
3 65 208.494 2.371 1.414 209.903 2.487 2.000 209.308 6.457 2.000
3 65 209.308 6.457 2.000 207.926 6.156 1.414 208.494 2.371 1.414
3 65 207.910 2.323 0.000 208.494 2.371 1.414 207.926 6.156 1.414
3 65 207.926 6.156 1.414 207.353 6.032 0.000 207.910 2.323 0.000
3 65 208.494 2.371 -1.414 207.910 2.323 0.000 207.353 6.032 0.000
3 65 207.353 6.032 0.000 207.926 6.156 -1.414 208.494 2.371 -1.414
3 65 209.903 2.487 -2.000 208.494 2.371 -1.414 207.926 6.156 -1.414
3 65 207.926 6.156 -1.414 209.308 6.457 -2.000 209.903 2.487 -2.000
3 65 211.313 2.603 -1.414 209.903 2.487 -2.000 209.308 6.457 -2.000
3 65 209.308 6.457 -2.000 210.690 6.757 -1.414 211.313 2.603 -1.414
3 65 211.897 2.652 0.000 211.313 2.603 -1.414 210.690 6.757 -1.414
3 65 210.690 6.757 -1.414 211.262 6.882 0.000 211.897 2.652 0.000
3 65 211.313 2.603 1.414 211.897 2.652 0.000 211.262 6.882 0.000
3 65 211.262 6.882 0.000 210.690 6.757 1.414 211.313 2.603 1.414
3 65 209.903 2.487 2.000 211.313 2.603 1.414 210.690 6.757 1.414
3 65 210.690 6.757 1.414 209.308 6.457 2.000 209.903 2.487 2.000
3 65 207.926 6.156 1.414 209.308 6.457 2.000 208.339 9.836 2.000
3 65 208.339 9.836 2.000 207.006 9.364 1.414 207.926 6.156 1.414
3 65 207.353 6.032 0.000 207.926 6.156 1.414 207.006 9.364 1.414
3 65 207.006 9.364 1.414 206.454 9.169 0.000 207.353 6.032 0.000
3 65 207.926 6.156 -1.414 207.353 6.032 0.000 206.454 9.169 0.000
3 65 206.454 9.169 0.000 207.006 9.364 -1.414 207.926 6.156 -1.414
3 65 209.308 6.457 -2.000 207.926 6.156 -1.414 207.006 9.364 -1.414
3 65 207.006 9.364 -1.414 208.339 9.836 -2.000 209.308 6.457 -2.000
3 65 210.690 6.757 -1.414 209.308 6.457 -2.000 208.339 9.836 -2.000
3 65 208.339 9.836 -2.000 209.673 10.307 -1.414 210.690 6.757 -1.414
3 65 211.262 6.882 0.000 210.690 6.757 -1.414 209.673 10.307 -1.414
3 65 209.673 10.307 -1.414 210.225 10.503 0.000 211.262 6.882 0.000
3 65 210.690 6.757 1.414 211.262 6.882 0.000 210.225 10.503 0.000
3 65 210.225 10.503 0.000 209.673 10.307 1.414 210.690 6.757 1.414
3 65 209.308 6.457 2.000 210.690 6.757 1.414 209.673 10.307 1.414
3 65 209.673 10.307 1.414 208.339 9.836 2.000 209.308 6.457 2.000
3 65 207.006 9.364 1.414 208.339 9.836 2.000 206.774 13.530 2.000
3 65 206.774 13.530 2.000 205.511 12.893 1.414 207.006 9.364 1.414
3 65 206.454 9.169 0.000 207.006 9.364 1.414 205.511 12.893 1.414
3 65 205.511 12.893 1.414 204.989 12.629 0.000 206.454 9.169 0.000
3 65 207.006 9.364 -1.414 206.454 9.169 0.000 204.989 12.629 0.000
3 65 204.989 12.629 0.000 205.511 12.893 -1.414 207.006 9.364 -1.414
3 65 208.339 9.836 -2.000 207.006 9.364 -1.414 205.511 12.893 -1.414
3 65 205.511 12.893 -1.414 206.774 13.530 -2.000 208.339 9.836 -2.000
3 65 209.673 10.307 -1.414 208.339 9.836 -2.000 206.774 13.530 -2.000
3 65 206.774 13.530 -2.000 208.036 14.168 -1.414 209.673 10.307 -1.414
3 65 210.225 10.503 0.000 209.673 10.307 -1.414 208.036 14.168 -1.414
3 65 208.036 14.168 -1.414 208.559 14.432 0.000 210.225 10.503 0.000
3 65 209.673 10.307 1.414 210.225 10.503 0.000 208.559 14.432 0.000
3 65 208.559 14.432 0.000 208.036 14.168 1.414 209.673 10.307 1.414
3 65 208.339 9.836 2.000 209.673 10.307 1.414 208.036 14.168 1.414
3 65 208.036 14.168 1.414 206.774 13.530 2.000 208.339 9.836 2.000
3 65 205.511 12.893 1.414 206.774 13.530 2.000 204.729 16.983 2.000
3 65 204.729 16.983 2.000 203.563 16.183 1.414 205.511 12.893 1.414
3 65 204.989 12.629 0.000 205.511 12.893 1.414 203.563 16.183 1.414
3 65 203.563 16.183 1.414 203.080 15.851 0.000 204.989 12.629 0.000
3 65 205.511 12.893 -1.414 204.989 12.629 0.000 203.080 15.851 0.000
3 65 203.080 15.851 0.000 203.563 16.183 -1.414 205.511 12.893 -1.414
3 65 206.774 13.530 -2.000 205.511 12.893 -1.414 203.563 16.183 -1.414
3 65 203.563 16.183 -1.414 204.729 16.983 -2.000 206.774 13.530 -2.000
3 65 208.036 14.168 -1.414 206.774 13.530 -2.000 204.729 16.983 -2.000
3 65 204.729 16.983 -2.000 205.895 17.784 -1.414 208.036 14.168 -1.414
3 65 208.559 14.432 0.000 208.036 14.168 -1.414 205.895 17.784 -1.414
3 65 205.895 17.784 -1.414 206.378 18.115 0.000 208.559 14.432 0.000
3 65 208.036 14.168 1.414 208.559 14.432 0.000 206.378 18.115 0.000
3 65 206.378 18.115 0.000 205.895 17.784 1.414 208.036 14.168 1.414
3 65 206.774 13.530 2.000 208.036 14.168 1.414 205.895 17.784 1.414
3 65 205.895 17.784 1.414 204.729 16.983 2.000 206.774 13.530 2.000
3 65 203.563 16.183 1.414 204.729 16.983 2.000 202.241 20.132 2.000
3 65 202.241 20.132 2.000 201.193 19.183 1.414 203.563 16.183 1.414
3 65 203.080 15.851 0.000 203.563 16.183 1.414 201.193 19.183 1.414
3 65 201.193 19.183 1.414 200.759 18.790 0.000 203.080 15.851 0.000
3 65 203.563 16.183 -1.414 203.080 15.851 0.000 200.759 18.790 0.000
3 65 200.759 18.790 0.000 201.193 19.183 -1.414 203.563 16.183 -1.414
3 65 204.729 16.983 -2.000 203.563 16.183 -1.414 201.193 19.183 -1.414
3 65 201.193 19.183 -1.414 202.241 20.132 -2.000 204.729 16.983 -2.000
3 65 205.895 17.784 -1.414 204.729 16.983 -2.000 202.241 20.132 -2.000
3 65 202.241 20.132 -2.000 203.289 21.081 -1.414 205.895 17.784 -1.414
3 65 206.378 18.115 0.000 205.895 17.784 -1.414 203.289 21.081 -1.414
3 65 203.289 21.081 -1.414 203.723 21.475 0.000 206.378 18.115 0.000
3 65 205.895 17.784 1.414 206.378 18.115 0.000 203.723 21.475 0.000
3 65 203.723 21.475 0.000 203.289 21.081 1.414 205.895 17.784 1.414
3 65 204.729 16.983 2.000 205.895 17.784 1.414 203.289 21.081 1.414
3 65 203.289 21.081 1.414 202.241 20.132 2.000 204.729 16.983 2.000
3 65 201.193 19.183 1.414 202.241 20.132 2.000 199.353 22.919 2.000
3 65 199.353 22.919 2.000 198.441 21.838 1.414 201.193 19.183 1.414
3 65 200.759 18.790 0.000 201.193 19.183 1.414 198.441 21.838 1.414
3 65 198.441 21.838 1.414 198.063 21.391 0.000 200.759 18.790 0.000
3 65 201.193 19.183 -1.414 200.759 18.790 0.000 198.063 21.391 0.000
3 65 198.063 21.391 0.000 198.441 21.838 -1.414 201.193 19.183 -1.414
3 65 202.241 20.132 -2.000 201.193 19.183 -1.414 198.441 21.838 -1.414
3 65 198.441 21.838 -1.414 199.353 22.919 -2.000 202.241 20.132 -2.000
3 65 203.289 21.081 -1.414 202.241 20.132 -2.000 199.353 22.919 -2.000
3 65 199.353 22.919 -2.000 200.266 24.000 -1.414 203.289 21.081 -1.414
3 65 203.723 21.475 0.000 203.289 21.081 -1.414 200.266 24.000 -1.414
3 65 200.266 24.000 -1.414 200.643 24.447 0.000 203.723 21.475 0.000
3 65 203.289 21.081 1.414 203.723 21.475 0.000 200.643 24.447 0.000
3 65 200.643 24.447 0.000 200.266 24.000 1.414 203.289 21.081 1.414
3 65 202.241 20.132 2.000 203.289 21.081 1.414 200.266 24.000 1.414
3 65 200.266 24.000 1.414 199.353 22.919 2.000 202.241 20.132 2.000
3 65 198.441 21.838 1.414 199.353 22.919 2.000 196.122 25.298 2.000
3 65 196.122 25.298 2.000 195.361 24.105 1.414 198.441 21.838 1.414
3 65 198.063 21.391 0.000 198.441 21.838 1.414 195.361 24.105 1.414
3 65 195.361 24.105 1.414 195.047 23.611 0.000 198.063 21.391 0.000
3 65 198.441 21.838 -1.414 198.063 21.391 0.000 195.047 23.611 0.000
3 65 195.047 23.611 0.000 195.361 24.105 -1.414 198.441 21.838 -1.414
3 65 199.353 22.919 -2.000 198.441 21.838 -1.414 195.361 24.105 -1.414
3 65 195.361 24.105 -1.414 196.122 25.298 -2.000 199.353 22.919 -2.000
3 65 200.266 24.000 -1.414 199.353 22.919 -2.000 196.122 25.298 -2.000
3 65 196.122 25.298 -2.000 196.882 26.490 -1.414 200.266 24.000 -1.414
3 65 200.643 24.447 0.000 200.266 24.000 -1.414 196.882 26.490 -1.414
3 65 196.882 26.490 -1.414 197.197 26.984 0.000 200.643 24.447 0.000
3 65 200.266 24.000 1.414 200.643 24.447 0.000 197.197 26.984 0.000
3 65 197.197 26.984 0.000 196.882 26.490 1.414 200.266 24.000 1.414
3 65 199.353 22.919 2.000 200.266 24.000 1.414 196.882 26.490 1.414
3 65 196.882 26.490 1.414 196.122 25.298 2.000 199.353 22.919 2.000
3 65 195.361 24.105 1.414 196.122 25.298 2.000 192.601 27.224 2.000
3 65 192.601 27.224 2.000 192.007 25.940 1.414 195.361 24.105 1.414
3 65 195.047 23.611 0.000 195.361 24.105 1.414 192.007 25.940 1.414
3 65 192.007 25.940 1.414 191.761 25.409 0.000 195.047 23.611 0.000
3 65 195.361 24.105 -1.414 195.047 23.611 0.000 191.761 25.409 0.000
3 65 191.761 25.409 0.000 192.007 25.940 -1.414 195.361 24.105 -1.414
3 65 196.122 25.298 -2.000 195.361 24.105 -1.414 192.007 25.940 -1.414
3 65 192.007 25.940 -1.414 192.601 27.224 -2.000 196.122 25.298 -2.000
3 65 196.882 26.490 -1.414 196.122 25.298 -2.000 192.601 27.224 -2.000
3 65 192.601 27.224 -2.000 193.195 28.507 -1.414 196.882 26.490 -1.414
3 65 197.197 26.984 0.000 196.882 26.490 -1.414 193.195 28.507 -1.414
3 65 193.195 28.507 -1.414 193.442 29.038 0.000 197.197 26.984 0.000
3 65 196.882 26.490 1.414 197.197 26.984 0.000 193.442 29.038 0.000
3 65 193.442 29.038 0.000 193.195 28.507 1.414 196.882 26.490 1.414
3 65 196.122 25.298 2.000 196.882 26.490 1.414 193.195 28.507 1.414
3 65 193.195 28.507 1.414 192.601 27.224 2.000 196.122 25.298 2.000
3 65 192.007 25.940 1.414 192.601 27.224 2.000 188.855 28.662 2.000
3 65 188.855 28.662 2.000 188.438 27.311 1.414 192.007 25.940 1.414
3 65 191.761 25.409 0.000 192.007 25.940 1.414 188.438 27.311 1.414
3 65 188.438 27.311 1.414 188.265 26.751 0.000 191.761 25.409 0.000
3 65 192.007 25.940 -1.414 191.761 25.409 0.000 188.265 26.751 0.000
3 65 188.265 26.751 0.000 188.438 27.311 -1.414 192.007 25.940 -1.414
3 65 192.601 27.224 -2.000 192.007 25.940 -1.414 188.438 27.311 -1.414
3 65 188.438 27.311 -1.414 188.855 28.662 -2.000 192.601 27.224 -2.000
3 65 193.195 28.507 -1.414 192.601 27.224 -2.000 188.855 28.662 -2.000
3 65 188.855 28.662 -2.000 189.272 30.014 -1.414 193.195 28.507 -1.414
3 65 193.442 29.038 0.000 193.195 28.507 -1.414 189.272 30.014 -1.414
3 65 189.272 30.014 -1.414 189.445 30.573 0.000 193.442 29.038 0.000
3 65 193.195 28.507 1.414 193.442 29.038 0.000 189.445 30.573 0.000
3 65 189.445 30.573 0.000 189.272 30.014 1.414 193.195 28.507 1.414
3 65 192.601 27.224 2.000 193.195 28.507 1.414 189.272 30.014 1.414
3 65 189.272 30.014 1.414 188.855 28.662 2.000 192.601 27.224 2.000
3 65 188.438 27.311 1.414 188.855 28.662 2.000 184.950 29.585 2.000
3 65 184.950 29.585 2.000 184.717 28.191 1.414 188.438 27.311 1.414
3 65 188.265 26.751 0.000 188.438 27.311 1.414 184.717 28.191 1.414
3 65 184.717 28.191 1.414 184.620 27.613 0.000 188.265 26.751 0.000
3 65 188.438 27.311 -1.414 188.265 26.751 0.000 184.620 27.613 0.000
3 65 184.620 27.613 0.000 184.717 28.191 -1.414 188.438 27.311 -1.414
3 65 188.855 28.662 -2.000 188.438 27.311 -1.414 184.717 28.191 -1.414
3 65 184.717 28.191 -1.414 184.950 29.585 -2.000 188.855 28.662 -2.000
3 65 189.272 30.014 -1.414 188.855 28.662 -2.000 184.950 29.585 -2.000
3 65 184.950 29.585 -2.000 185.183 30.980 -1.414 189.272 30.014 -1.414
3 65 189.445 30.573 0.000 189.272 30.014 -1.414 185.183 30.980 -1.414
3 65 185.183 30.980 -1.414 185.279 31.558 0.000 189.445 30.573 0.000
3 65 189.272 30.014 1.414 189.445 30.573 0.000 185.279 31.558 0.000
3 65 185.279 31.558 0.000 185.183 30.980 1.414 189.272 30.014 1.414
3 65 188.855 28.662 2.000 189.272 30.014 1.414 185.183 30.980 1.414
3 65 185.183 30.980 1.414 184.950 29.585 2.000 188.855 28.662 2.000
3 65 184.717 28.191 1.414 184.950 29.585 2.000 180.957 29.982 2.000
3 65 180.957 29.982 2.000 180.911 28.569 1.414 184.717 28.191 1.414
3 65 184.620 27.613 0.000 184.717 28.191 1.414 180.911 28.569 1.414
3 65 180.911 28.569 1.414 180.893 27.983 0.000 184.620 27.613 0.000
3 65 184.717 28.191 -1.414 184.620 27.613 0.000 180.893 27.983 0.000
3 65 180.893 27.983 0.000 180.911 28.569 -1.414 184.717 28.191 -1.414
3 65 184.950 29.585 -2.000 184.717 28.191 -1.414 180.911 28.569 -1.414
3 65 180.911 28.569 -1.414 180.957 29.982 -2.000 184.950 29.585 -2.000
3 65 185.183 30.980 -1.414 184.950 29.585 -2.000 180.957 29.982 -2.000
3 65 180.957 29.982 -2.000 181.002 31.396 -1.414 185.183 30.980 -1.414
3 65 185.279 31.558 0.000 185.183 30.980 -1.414 181.002 31.396 -1.414
3 65 181.002 31.396 -1.414 181.021 31.981 0.000 185.279 31.558 0.000
3 65 185.183 30.980 1.414 185.279 31.558 0.000 181.021 31.981 0.000
3 65 181.021 31.981 0.000 181.002 31.396 1.414 185.183 30.980 1.414
3 65 184.950 29.585 2.000 185.183 30.980 1.414 181.002 31.396 1.414
3 65 181.002 31.396 1.414 180.957 29.982 2.000 184.950 29.585 2.000
3 65 180.911 28.569 1.414 180.957 29.982 2.000 176.946 29.842 2.000
3 65 176.946 29.842 2.000 177.053 28.432 1.414 180.911 28.569 1.414
3 65 180.893 27.983 0.000 180.911 28.569 1.414 177.053 28.432 1.414
3 65 177.053 28.432 1.414 177.098 27.848 0.000 180.893 27.983 0.000
3 65 180.911 28.569 -1.414 180.893 27.983 0.000 177.098 27.848 0.000
3 65 177.098 27.848 0.000 177.053 28.432 -1.414 180.911 28.569 -1.414
3 65 180.957 29.982 -2.000 180.911 28.569 -1.414 177.053 28.432 -1.414
3 65 177.053 28.432 -1.414 176.946 29.842 -2.000 180.957 29.982 -2.000
3 65 181.002 31.396 -1.414 180.957 29.982 -2.000 176.946 29.842 -2.000
3 65 176.946 29.842 -2.000 176.839 31.253 -1.414 181.002 31.396 -1.414
3 65 181.021 31.981 0.000 181.002 31.396 -1.414 176.839 31.253 -1.414
3 65 176.839 31.253 -1.414 176.795 31.837 0.000 181.021 31.981 0.000
3 65 181.002 31.396 1.414 181.021 31.981 0.000 176.795 31.837 0.000
3 65 176.795 31.837 0.000 176.839 31.253 1.414 181.002 31.396 1.414
3 65 180.957 29.982 2.000 181.002 31.396 1.414 176.839 31.253 1.414
3 65 176.839 31.253 1.414 176.946 29.842 2.000 180.957 29.982 2.000
3 65 177.053 28.432 1.414 176.946 29.842 2.000 153.015 27.036 2.000
3 65 153.015 27.036 2.000 153.180 25.632 1.414 177.053 28.432 1.414
3 65 177.098 27.848 0.000 177.053 28.432 1.414 153.180 25.632 1.414
3 65 153.180 25.632 1.414 153.248 25.050 0.000 177.098 27.848 0.000
3 65 177.053 28.432 -1.414 177.098 27.848 0.000 153.248 25.050 0.000
3 65 153.248 25.050 0.000 153.180 25.632 -1.414 177.053 28.432 -1.414
3 65 176.946 29.842 -2.000 177.053 28.432 -1.414 153.180 25.632 -1.414
3 65 153.180 25.632 -1.414 153.015 27.036 -2.000 176.946 29.842 -2.000
3 65 176.839 31.253 -1.414 176.946 29.842 -2.000 153.015 27.036 -2.000
3 65 153.015 27.036 -2.000 152.850 28.441 -1.414 176.839 31.253 -1.414
3 65 176.795 31.837 0.000 176.839 31.253 -1.414 152.850 28.441 -1.414
3 65 152.850 28.441 -1.414 152.782 29.023 0.000 176.795 31.837 0.000
3 65 176.839 31.253 1.414 176.795 31.837 0.000 152.782 29.023 0.000
3 65 152.782 29.023 0.000 152.850 28.441 1.414 176.839 31.253 1.414
3 65 176.946 29.842 2.000 176.839 31.253 1.414 152.850 28.441 1.414
3 65 152.850 28.441 1.414 153.015 27.036 2.000 176.946 29.842 2.000
3 65 153.180 25.632 1.414 153.015 27.036 2.000 113.130 22.351 2.000
3 65 113.130 22.351 2.000 113.295 20.947 1.414 153.180 25.632 1.414
3 65 153.248 25.050 0.000 153.180 25.632 1.414 113.295 20.947 1.414
3 65 113.295 20.947 1.414 113.363 20.365 0.000 153.248 25.050 0.000
3 65 153.180 25.632 -1.414 153.248 25.050 0.000 113.363 20.365 0.000
3 65 113.363 20.365 0.000 113.295 20.947 -1.414 153.180 25.632 -1.414
3 65 153.015 27.036 -2.000 153.180 25.632 -1.414 113.295 20.947 -1.414
3 65 113.295 20.947 -1.414 113.130 22.351 -2.000 153.015 27.036 -2.000
3 65 152.850 28.441 -1.414 153.015 27.036 -2.000 113.130 22.351 -2.000
3 65 113.130 22.351 -2.000 112.965 23.756 -1.414 152.850 28.441 -1.414
3 65 152.782 29.023 0.000 152.850 28.441 -1.414 112.965 23.756 -1.414
3 65 112.965 23.756 -1.414 112.897 24.337 0.000 152.782 29.023 0.000
3 65 152.850 28.441 1.414 152.782 29.023 0.000 112.897 24.337 0.000
3 65 112.897 24.337 0.000 112.965 23.756 1.414 152.850 28.441 1.414
3 65 153.015 27.036 2.000 152.850 28.441 1.414 112.965 23.756 1.414
3 65 112.965 23.756 1.414 113.130 22.351 2.000 153.015 27.036 2.000
3 65 113.295 20.947 1.414 113.130 22.351 2.000 73.245 17.666 2.000
3 65 73.245 17.666 2.000 73.410 16.261 1.414 113.295 20.947 1.414
3 65 113.363 20.365 0.000 113.295 20.947 1.414 73.410 16.261 1.414
3 65 73.410 16.261 1.414 73.478 15.680 0.000 113.363 20.365 0.000
3 65 113.295 20.947 -1.414 113.363 20.365 0.000 73.478 15.680 0.000
3 65 73.478 15.680 0.000 73.410 16.261 -1.414 113.295 20.947 -1.414
3 65 113.130 22.351 -2.000 113.295 20.947 -1.414 73.410 16.261 -1.414
3 65 73.410 16.261 -1.414 73.245 17.666 -2.000 113.130 22.351 -2.000
3 65 112.965 23.756 -1.414 113.130 22.351 -2.000 73.245 17.666 -2.000
3 65 73.245 17.666 -2.000 73.080 19.070 -1.414 112.965 23.756 -1.414
3 65 112.897 24.337 0.000 112.965 23.756 -1.414 73.080 19.070 -1.414
3 65 73.080 19.070 -1.414 73.012 19.652 0.000 112.897 24.337 0.000
3 65 112.965 23.756 1.414 112.897 24.337 0.000 73.012 19.652 0.000
3 65 73.012 19.652 0.000 73.080 19.070 1.414 112.965 23.756 1.414
3 65 113.130 22.351 2.000 112.965 23.756 1.414 73.080 19.070 1.414
3 65 73.080 19.070 1.414 73.245 17.666 2.000 113.130 22.351 2.000
3 65 73.410 16.261 1.414 73.245 17.666 2.000 33.360 12.981 2.000
3 65 33.360 12.981 2.000 33.525 11.576 1.414 73.410 16.261 1.414
3 65 73.478 15.680 0.000 73.410 16.261 1.414 33.525 11.576 1.414
3 65 33.525 11.576 1.414 33.593 10.994 0.000 73.478 15.680 0.000
3 65 73.410 16.261 -1.414 73.478 15.680 0.000 33.593 10.994 0.000
3 65 33.593 10.994 0.000 33.525 11.576 -1.414 73.410 16.261 -1.414
3 65 73.245 17.666 -2.000 73.410 16.261 -1.414 33.525 11.576 -1.414
3 65 33.525 11.576 -1.414 33.360 12.981 -2.000 73.245 17.666 -2.000
3 65 73.080 19.070 -1.414 73.245 17.666 -2.000 33.360 12.981 -2.000
3 65 33.360 12.981 -2.000 33.195 14.385 -1.414 73.080 19.070 -1.414
3 65 73.012 19.652 0.000 73.080 19.070 -1.414 33.195 14.385 -1.414
3 65 33.195 14.385 -1.414 33.127 14.967 0.000 73.012 19.652 0.000
3 65 73.080 19.070 1.414 73.012 19.652 0.000 33.127 14.967 0.000
3 65 33.127 14.967 0.000 33.195 14.385 1.414 73.080 19.070 1.414
3 65 73.245 17.666 2.000 73.080 19.070 1.414 33.195 14.385 1.414
3 65 33.195 14.385 1.414 33.360 12.981 2.000 73.245 17.666 2.000
3 65 33.525 11.576 1.414 33.360 12.981 2.000 1.452 9.232 2.000
3 65 1.452 9.232 2.000 1.636 7.830 1.414 33.525 11.576 1.414
3 65 33.593 10.994 0.000 33.525 11.576 1.414 1.636 7.830 1.414
3 65 1.636 7.830 1.414 1.712 7.249 0.000 33.593 10.994 0.000
3 65 33.525 11.576 -1.414 33.593 10.994 0.000 1.712 7.249 0.000
3 65 1.712 7.249 0.000 1.636 7.830 -1.414 33.525 11.576 -1.414
3 65 33.360 12.981 -2.000 33.525 11.576 -1.414 1.636 7.830 -1.414
3 65 1.636 7.830 -1.414 1.452 9.232 -2.000 33.360 12.981 -2.000
3 65 33.195 14.385 -1.414 33.360 12.981 -2.000 1.452 9.232 -2.000
3 65 1.452 9.232 -2.000 1.268 10.635 -1.414 33.195 14.385 -1.414
3 65 33.127 14.967 0.000 33.195 14.385 -1.414 1.268 10.635 -1.414
3 65 1.268 10.635 -1.414 1.192 11.215 0.000 33.127 14.967 0.000
3 65 33.195 14.385 1.414 33.127 14.967 0.000 1.192 11.215 0.000
3 65 1.192 11.215 0.000 1.268 10.635 1.414 33.195 14.385 1.414
3 65 33.360 12.981 2.000 33.195 14.385 1.414 1.268 10.635 1.414
3 65 1.268 10.635 1.414 1.452 9.232 2.000 33.360 12.981 2.000
3 65 1.636 7.830 1.414 1.452 9.232 2.000 -2.519 8.656 2.000
3 65 -2.519 8.656 2.000 -2.068 7.316 1.414 1.636 7.830 1.414
3 65 1.712 7.249 0.000 1.636 7.830 1.414 -2.068 7.316 1.414
3 65 -2.068 7.316 1.414 -1.881 6.761 0.000 1.712 7.249 0.000
3 65 1.636 7.830 -1.414 1.712 7.249 0.000 -1.881 6.761 0.000
3 65 -1.881 6.761 0.000 -2.068 7.316 -1.414 1.636 7.830 -1.414
3 65 1.452 9.232 -2.000 1.636 7.830 -1.414 -2.068 7.316 -1.414
3 65 -2.068 7.316 -1.414 -2.519 8.656 -2.000 1.452 9.232 -2.000
3 65 1.268 10.635 -1.414 1.452 9.232 -2.000 -2.519 8.656 -2.000
3 65 -2.519 8.656 -2.000 -2.970 9.997 -1.414 1.268 10.635 -1.414
3 65 1.192 11.215 0.000 1.268 10.635 -1.414 -2.970 9.997 -1.414
3 65 -2.970 9.997 -1.414 -3.157 10.552 0.000 1.192 11.215 0.000
3 65 1.268 10.635 1.414 1.192 11.215 0.000 -3.157 10.552 0.000
3 65 -3.157 10.552 0.000 -2.970 9.997 1.414 1.268 10.635 1.414
3 65 1.452 9.232 2.000 1.268 10.635 1.414 -2.970 9.997 1.414
3 65 -2.970 9.997 1.414 -2.519 8.656 2.000 1.452 9.232 2.000
3 65 -2.068 7.316 1.414 -2.519 8.656 2.000 -6.012 6.725 2.000
3 65 -6.012 6.725 2.000 -5.070 5.670 1.414 -2.068 7.316 1.414
3 65 -1.881 6.761 0.000 -2.068 7.316 1.414 -5.070 5.670 1.414
3 65 -5.070 5.670 1.414 -4.680 5.233 0.000 -1.881 6.761 0.000
3 65 -2.068 7.316 -1.414 -1.881 6.761 0.000 -4.680 5.233 0.000
3 65 -4.680 5.233 0.000 -5.070 5.670 -1.414 -2.068 7.316 -1.414
3 65 -2.519 8.656 -2.000 -2.068 7.316 -1.414 -5.070 5.670 -1.414
3 65 -5.070 5.670 -1.414 -6.012 6.725 -2.000 -2.519 8.656 -2.000
3 65 -2.970 9.997 -1.414 -2.519 8.656 -2.000 -6.012 6.725 -2.000
3 65 -6.012 6.725 -2.000 -6.953 7.780 -1.414 -2.970 9.997 -1.414
3 65 -3.157 10.552 0.000 -2.970 9.997 -1.414 -6.953 7.780 -1.414
3 65 -6.953 7.780 -1.414 -7.343 8.217 0.000 -3.157 10.552 0.000
3 65 -2.970 9.997 1.414 -3.157 10.552 0.000 -7.343 8.217 0.000
3 65 -7.343 8.217 0.000 -6.953 7.780 1.414 -2.970 9.997 1.414
3 65 -2.519 8.656 2.000 -2.970 9.997 1.414 -6.953 7.780 1.414
3 65 -6.953 7.780 1.414 -6.012 6.725 2.000 -2.519 8.656 2.000
3 65 -5.070 5.670 1.414 -6.012 6.725 2.000 -8.326 3.472 2.000
3 65 -8.326 3.472 2.000 -7.026 2.914 1.414 -5.070 5.670 1.414
3 65 -4.680 5.233 0.000 -5.070 5.670 1.414 -7.026 2.914 1.414
3 65 -7.026 2.914 1.414 -6.488 2.683 0.000 -4.680 5.233 0.000
3 65 -5.070 5.670 -1.414 -4.680 5.233 0.000 -6.488 2.683 0.000
3 65 -6.488 2.683 0.000 -7.026 2.914 -1.414 -5.070 5.670 -1.414
3 65 -6.012 6.725 -2.000 -5.070 5.670 -1.414 -7.026 2.914 -1.414
3 65 -7.026 2.914 -1.414 -8.326 3.472 -2.000 -6.012 6.725 -2.000
3 65 -6.953 7.780 -1.414 -6.012 6.725 -2.000 -8.326 3.472 -2.000
3 65 -8.326 3.472 -2.000 -9.626 4.029 -1.414 -6.953 7.780 -1.414
3 65 -7.343 8.217 0.000 -6.953 7.780 -1.414 -9.626 4.029 -1.414
3 65 -9.626 4.029 -1.414 -10.164 4.260 0.000 -7.343 8.217 0.000
3 65 -6.953 7.780 1.414 -7.343 8.217 0.000 -10.164 4.260 0.000
3 65 -10.164 4.260 0.000 -9.626 4.029 1.414 -6.953 7.780 1.414
3 65 -6.012 6.725 2.000 -6.953 7.780 1.414 -9.626 4.029 1.414
3 65 -9.626 4.029 1.414 -8.326 3.472 2.000 -6.012 6.725 2.000
3 65 -7.026 2.914 1.414 -8.326 3.472 2.000 -9.000 0.000 2.000
3 65 -9.000 0.000 2.000 -7.586 0.000 1.414 -7.026 2.914 1.414
3 65 -6.488 2.683 0.000 -7.026 2.914 1.414 -7.586 0.000 1.414
3 65 -7.586 0.000 1.414 -7.000 0.000 0.000 -6.488 2.683 0.000
3 65 -7.026 2.914 -1.414 -6.488 2.683 0.000 -7.000 0.000 0.000
3 65 -7.000 0.000 0.000 -7.586 0.000 -1.414 -7.026 2.914 -1.414
3 65 -8.326 3.472 -2.000 -7.026 2.914 -1.414 -7.586 0.000 -1.414
3 65 -7.586 0.000 -1.414 -9.000 0.000 -2.000 -8.326 3.472 -2.000
3 65 -9.626 4.029 -1.414 -8.326 3.472 -2.000 -9.000 0.000 -2.000
3 65 -9.000 0.000 -2.000 -10.414 0.000 -1.414 -9.626 4.029 -1.414
3 65 -10.164 4.260 0.000 -9.626 4.029 -1.414 -10.414 0.000 -1.414
3 65 -10.414 0.000 -1.414 -11.000 0.000 0.000 -10.164 4.260 0.000
3 65 -9.626 4.029 1.414 -10.164 4.260 0.000 -11.000 0.000 0.000
3 65 -11.000 0.000 0.000 -10.414 0.000 1.414 -9.626 4.029 1.414
3 65 -8.326 3.472 2.000 -9.626 4.029 1.414 -10.414 0.000 1.414
3 65 -10.414 0.000 1.414 -9.000 0.000 2.000 -8.326 3.472 2.000
