0 FILE xpj0123.dat
0 xpj0123
0 Name:  UntitledModel
0 Author:  
0 BL_Item_No xpj0123.dat
0 BFC CERTIFY CCW
3 16 36.964 -12.897 -18.431 37.447 -12.846 -19.883 37.091 -8.612 -18.607
3 16 37.091 -8.612 -18.607 36.673 -9.434 -17.386 36.964 -12.897 -18.431
3 16 35.601 -13.040 -17.748 36.964 -12.897 -18.431 36.673 -9.434 -17.386
3 16 36.673 -9.434 -17.386 35.338 -9.897 -16.798 35.601 -13.040 -17.748
3 16 34.158 -13.192 -18.234 35.601 -13.040 -17.748 35.338 -9.897 -16.798
3 16 35.338 -9.897 -16.798 33.867 -9.729 -17.188 34.158 -13.192 -18.234
3 16 33.478 -13.263 -19.604 34.158 -13.192 -18.234 33.867 -9.729 -17.188
3 16 33.867 -9.729 -17.188 33.123 -9.029 -18.328 33.478 -13.263 -19.604
3 16 33.961 -13.212 -21.055 33.478 -13.263 -19.604 33.123 -9.029 -18.328
3 16 33.123 -9.029 -18.328 33.541 -8.207 -19.550 33.961 -13.212 -21.055
3 16 35.324 -13.069 -21.738 33.961 -13.212 -21.055 33.541 -8.207 -19.550
3 16 33.541 -8.207 -19.550 34.877 -7.744 -20.138 35.324 -13.069 -21.738
3 16 36.767 -12.917 -21.253 35.324 -13.069 -21.738 34.877 -7.744 -20.138
3 16 34.877 -7.744 -20.138 36.347 -7.912 -19.747 36.767 -12.917 -21.253
3 16 37.447 -12.846 -19.883 36.767 -12.917 -21.253 36.347 -7.912 -19.747
3 16 36.347 -7.912 -19.747 37.091 -8.612 -18.607 37.447 -12.846 -19.883
3 16 36.673 -9.434 -17.386 37.091 -8.612 -18.607 37.033 -6.025 -15.575
3 16 37.033 -6.025 -15.575 36.627 -7.350 -14.925 36.673 -9.434 -17.386
3 16 35.338 -9.897 -16.798 36.673 -9.434 -17.386 36.627 -7.350 -14.925
3 16 36.627 -7.350 -14.925 35.296 -8.026 -14.586 35.338 -9.897 -16.798
3 16 33.867 -9.729 -17.188 35.338 -9.897 -16.798 35.296 -8.026 -14.586
3 16 35.296 -8.026 -14.586 33.820 -7.657 -14.755 33.867 -9.729 -17.188
3 16 33.123 -9.029 -18.328 33.867 -9.729 -17.188 33.820 -7.657 -14.755
3 16 33.820 -7.657 -14.755 33.064 -6.459 -15.335 33.123 -9.029 -18.328
3 16 33.541 -8.207 -19.550 33.123 -9.029 -18.328 33.064 -6.459 -15.335
3 16 33.064 -6.459 -15.335 33.470 -5.134 -15.984 33.541 -8.207 -19.550
3 16 34.877 -7.744 -20.138 33.541 -8.207 -19.550 33.470 -5.134 -15.984
3 16 33.470 -5.134 -15.984 34.800 -4.458 -16.324 34.877 -7.744 -20.138
3 16 36.347 -7.912 -19.747 34.877 -7.744 -20.138 34.800 -4.458 -16.324
3 16 34.800 -4.458 -16.324 36.276 -4.827 -16.154 36.347 -7.912 -19.747
3 16 37.091 -8.612 -18.607 36.347 -7.912 -19.747 36.276 -4.827 -16.154
3 16 36.276 -4.827 -16.154 37.033 -6.025 -15.575 37.091 -8.612 -18.607
3 16 36.627 -7.350 -14.925 37.033 -6.025 -15.575 37.130 -5.225 -11.338
3 16 37.130 -5.225 -11.338 36.688 -6.684 -11.199 36.627 -7.350 -14.925
3 16 35.296 -8.026 -14.586 36.627 -7.350 -14.925 36.688 -6.684 -11.199
3 16 36.688 -6.684 -11.199 35.348 -7.421 -11.270 35.296 -8.026 -14.586
3 16 33.820 -7.657 -14.755 35.296 -8.026 -14.586 35.348 -7.421 -11.270
3 16 35.348 -7.421 -11.270 33.895 -7.003 -11.511 33.820 -7.657 -14.755
3 16 33.064 -6.459 -15.335 33.820 -7.657 -14.755 33.895 -7.003 -11.511
3 16 33.895 -7.003 -11.511 33.180 -5.677 -11.780 33.064 -6.459 -15.335
3 16 33.470 -5.134 -15.984 33.064 -6.459 -15.335 33.180 -5.677 -11.780
3 16 33.180 -5.677 -11.780 33.622 -4.218 -11.920 33.470 -5.134 -15.984
3 16 34.800 -4.458 -16.324 33.470 -5.134 -15.984 33.622 -4.218 -11.920
3 16 33.622 -4.218 -11.920 34.962 -3.481 -11.848 34.800 -4.458 -16.324
3 16 36.276 -4.827 -16.154 34.800 -4.458 -16.324 34.962 -3.481 -11.848
3 16 34.962 -3.481 -11.848 36.415 -3.899 -11.607 36.276 -4.827 -16.154
3 16 37.033 -6.025 -15.575 36.276 -4.827 -16.154 36.415 -3.899 -11.607
3 16 36.415 -3.899 -11.607 37.130 -5.225 -11.338 37.033 -6.025 -15.575
3 16 37.130 -5.225 -11.338 35.900 -5.132 -6.962 35.373 -6.562 -7.110
3 16 35.373 -6.562 -7.110 36.688 -6.684 -11.199 37.130 -5.225 -11.338
3 16 36.688 -6.684 -11.199 35.373 -6.562 -7.110 34.075 -7.188 -7.625
3 16 34.075 -7.188 -7.625 35.348 -7.421 -11.270 36.688 -6.684 -11.199
3 16 35.348 -7.421 -11.270 34.075 -7.188 -7.625 32.766 -6.645 -8.204
3 16 32.766 -6.645 -8.204 33.895 -7.003 -11.511 35.348 -7.421 -11.270
3 16 33.895 -7.003 -11.511 32.766 -6.645 -8.204 32.214 -5.251 -8.509
3 16 32.214 -5.251 -8.509 33.180 -5.677 -11.780 33.895 -7.003 -11.511
3 16 33.180 -5.677 -11.780 32.214 -5.251 -8.509 32.741 -3.821 -8.361
3 16 32.741 -3.821 -8.361 33.622 -4.218 -11.920 33.180 -5.677 -11.780
3 16 33.622 -4.218 -11.920 32.741 -3.821 -8.361 34.040 -3.195 -7.847
3 16 34.040 -3.195 -7.847 34.962 -3.481 -11.848 33.622 -4.218 -11.920
3 16 34.962 -3.481 -11.848 34.040 -3.195 -7.847 35.348 -3.738 -7.267
3 16 35.348 -3.738 -7.267 36.415 -3.899 -11.607 34.962 -3.481 -11.848
3 16 36.415 -3.899 -11.607 35.348 -3.738 -7.267 35.900 -5.132 -6.962
3 16 35.900 -5.132 -6.962 37.130 -5.225 -11.338 36.415 -3.899 -11.607
3 16 35.900 -5.132 -6.962 33.718 -5.356 -3.172 33.027 -6.657 -3.588
3 16 33.027 -6.657 -3.588 35.373 -6.562 -7.110 35.900 -5.132 -6.962
3 16 35.373 -6.562 -7.110 33.027 -6.657 -3.588 31.781 -7.007 -4.405
3 16 31.781 -7.007 -4.405 34.075 -7.188 -7.625 35.373 -6.562 -7.110
3 16 34.075 -7.188 -7.625 31.781 -7.007 -4.405 30.709 -6.201 -5.144
3 16 30.709 -6.201 -5.144 32.766 -6.645 -8.204 34.075 -7.188 -7.625
3 16 32.766 -6.645 -8.204 30.709 -6.201 -5.144 30.440 -4.712 -5.372
3 16 30.440 -4.712 -5.372 32.214 -5.251 -8.509 32.766 -6.645 -8.204
3 16 32.214 -5.251 -8.509 30.440 -4.712 -5.372 31.131 -3.411 -4.956
3 16 31.131 -3.411 -4.956 32.741 -3.821 -8.361 32.214 -5.251 -8.509
3 16 32.741 -3.821 -8.361 31.131 -3.411 -4.956 32.378 -3.061 -4.139
3 16 32.378 -3.061 -4.139 34.040 -3.195 -7.847 32.741 -3.821 -8.361
3 16 34.040 -3.195 -7.847 32.378 -3.061 -4.139 33.449 -3.866 -3.400
3 16 33.449 -3.866 -3.400 35.348 -3.738 -7.267 34.040 -3.195 -7.847
3 16 35.348 -3.738 -7.267 33.449 -3.866 -3.400 33.718 -5.356 -3.172
3 16 33.718 -5.356 -3.172 35.900 -5.132 -6.962 35.348 -3.738 -7.267
3 16 33.718 -5.356 -3.172 31.034 -5.762 0.075 30.169 -6.810 -0.631
3 16 30.169 -6.810 -0.631 33.027 -6.657 -3.588 33.718 -5.356 -3.172
3 16 33.027 -6.657 -3.588 30.169 -6.810 -0.631 28.998 -6.761 -1.615
3 16 28.998 -6.761 -1.615 31.781 -7.007 -4.405 33.027 -6.657 -3.588
3 16 31.781 -7.007 -4.405 28.998 -6.761 -1.615 28.207 -5.645 -2.302
3 16 28.207 -5.645 -2.302 30.709 -6.201 -5.144 31.781 -7.007 -4.405
3 16 30.709 -6.201 -5.144 28.207 -5.645 -2.302 28.259 -4.115 -2.289
3 16 28.259 -4.115 -2.289 30.440 -4.712 -5.372 30.709 -6.201 -5.144
3 16 30.440 -4.712 -5.372 28.259 -4.115 -2.289 29.124 -3.068 -1.583
3 16 29.124 -3.068 -1.583 31.131 -3.411 -4.956 30.440 -4.712 -5.372
3 16 31.131 -3.411 -4.956 29.124 -3.068 -1.583 30.295 -3.117 -0.599
3 16 30.295 -3.117 -0.599 32.378 -3.061 -4.139 31.131 -3.411 -4.956
3 16 32.378 -3.061 -4.139 30.295 -3.117 -0.599 31.086 -4.233 0.088
3 16 31.086 -4.233 0.088 33.449 -3.866 -3.400 32.378 -3.061 -4.139
3 16 33.449 -3.866 -3.400 31.086 -4.233 0.088 31.034 -5.762 0.075
3 16 31.034 -5.762 0.075 33.718 -5.356 -3.172 33.449 -3.866 -3.400
3 16 31.034 -5.762 0.075 28.007 -6.220 2.883 27.016 -6.883 1.922
3 16 27.016 -6.883 1.922 30.169 -6.810 -0.631 31.034 -5.762 0.075
3 16 30.169 -6.810 -0.631 27.016 -6.883 1.922 25.985 -6.376 0.911
3 16 25.985 -6.376 0.911 28.998 -6.761 -1.615 30.169 -6.810 -0.631
3 16 28.998 -6.761 -1.615 25.985 -6.376 0.911 25.518 -4.997 0.441
3 16 25.518 -4.997 0.441 28.207 -5.645 -2.302 28.998 -6.761 -1.615
3 16 28.207 -5.645 -2.302 25.518 -4.997 0.441 25.887 -3.552 0.787
3 16 25.887 -3.552 0.787 28.259 -4.115 -2.289 28.207 -5.645 -2.302
3 16 28.259 -4.115 -2.289 25.887 -3.552 0.787 26.878 -2.889 1.748
3 16 26.878 -2.889 1.748 29.124 -3.068 -1.583 28.259 -4.115 -2.289
3 16 29.124 -3.068 -1.583 26.878 -2.889 1.748 27.908 -3.396 2.760
3 16 27.908 -3.396 2.760 30.295 -3.117 -0.599 29.124 -3.068 -1.583
3 16 30.295 -3.117 -0.599 27.908 -3.396 2.760 28.376 -4.775 3.230
3 16 28.376 -4.775 3.230 31.086 -4.233 0.088 30.295 -3.117 -0.599
3 16 31.086 -4.233 0.088 28.376 -4.775 3.230 28.007 -6.220 2.883
3 16 28.007 -6.220 2.883 31.034 -5.762 0.075 31.086 -4.233 0.088
3 16 28.007 -6.220 2.883 24.766 -6.574 5.367 23.743 -6.806 4.252
3 16 23.743 -6.806 4.252 27.016 -6.883 1.922 28.007 -6.220 2.883
3 16 27.016 -6.883 1.922 23.743 -6.806 4.252 22.909 -5.899 3.343
3 16 22.909 -5.899 3.343 25.985 -6.376 0.911 27.016 -6.883 1.922
3 16 25.985 -6.376 0.911 22.909 -5.899 3.343 22.754 -4.386 3.172
3 16 22.754 -4.386 3.172 25.518 -4.997 0.441 25.985 -6.376 0.911
3 16 25.518 -4.997 0.441 22.754 -4.386 3.172 23.368 -3.153 3.838
3 16 23.368 -3.153 3.838 25.887 -3.552 0.787 25.518 -4.997 0.441
3 16 25.887 -3.552 0.787 23.368 -3.153 3.838 24.392 -2.921 4.953
3 16 24.392 -2.921 4.953 26.878 -2.889 1.748 25.887 -3.552 0.787
3 16 26.878 -2.889 1.748 24.392 -2.921 4.953 25.226 -3.828 5.862
3 16 25.226 -3.828 5.862 27.908 -3.396 2.760 26.878 -2.889 1.748
3 16 27.908 -3.396 2.760 25.226 -3.828 5.862 25.381 -5.341 6.033
3 16 25.381 -5.341 6.033 28.376 -4.775 3.230 27.908 -3.396 2.760
3 16 28.376 -4.775 3.230 25.381 -5.341 6.033 24.766 -6.574 5.367
3 16 24.766 -6.574 5.367 28.007 -6.220 2.883 28.376 -4.775 3.230
3 16 24.766 -6.574 5.367 21.452 -6.775 7.683 20.466 -6.633 6.521
3 16 20.466 -6.633 6.521 23.743 -6.806 4.252 24.766 -6.574 5.367
3 16 23.743 -6.806 4.252 20.466 -6.633 6.521 19.831 -5.455 5.778
3 16 19.831 -5.455 5.778 22.909 -5.899 3.343 23.743 -6.806 4.252
3 16 22.909 -5.899 3.343 19.831 -5.455 5.778 19.919 -3.930 5.889
3 16 19.919 -3.930 5.889 22.754 -4.386 3.172 22.909 -5.899 3.343
3 16 22.754 -4.386 3.172 19.919 -3.930 5.889 20.678 -2.953 6.790
3 16 20.678 -2.953 6.790 23.368 -3.153 3.838 22.754 -4.386 3.172
3 16 23.368 -3.153 3.838 20.678 -2.953 6.790 21.664 -3.095 7.952
3 16 21.664 -3.095 7.952 24.392 -2.921 4.953 23.368 -3.153 3.838
3 16 24.392 -2.921 4.953 21.664 -3.095 7.952 22.299 -4.273 8.695
3 16 22.299 -4.273 8.695 25.226 -3.828 5.862 24.392 -2.921 4.953
3 16 25.226 -3.828 5.862 22.299 -4.273 8.695 22.211 -5.797 8.584
3 16 22.211 -5.797 8.584 25.381 -5.341 6.033 25.226 -3.828 5.862
3 16 25.381 -5.341 6.033 22.211 -5.797 8.584 21.452 -6.775 7.683
3 16 21.452 -6.775 7.683 24.766 -6.574 5.367 25.381 -5.341 6.033
3 16 21.452 -6.775 7.683 18.134 -6.868 9.942 17.171 -6.454 8.827
3 16 17.171 -6.454 8.827 20.466 -6.633 6.521 21.452 -6.775 7.683
3 16 20.466 -6.633 6.521 17.171 -6.454 8.827 16.679 -5.119 8.262
3 16 16.679 -5.119 8.262 19.831 -5.455 5.778 20.466 -6.633 6.521
3 16 19.831 -5.455 5.778 16.679 -5.119 8.262 16.946 -3.645 8.579
3 16 16.946 -3.645 8.579 19.919 -3.930 5.889 19.831 -5.455 5.778
3 16 19.919 -3.930 5.889 16.946 -3.645 8.579 17.816 -2.896 9.592
3 16 17.816 -2.896 9.592 20.678 -2.953 6.790 19.919 -3.930 5.889
3 16 20.678 -2.953 6.790 17.816 -2.896 9.592 18.779 -3.311 10.707
3 16 18.779 -3.311 10.707 21.664 -3.095 7.952 20.678 -2.953 6.790
3 16 21.664 -3.095 7.952 18.779 -3.311 10.707 19.271 -4.646 11.272
3 16 19.271 -4.646 11.272 22.299 -4.273 8.695 21.664 -3.095 7.952
3 16 22.299 -4.273 8.695 19.271 -4.646 11.272 19.004 -6.119 10.955
3 16 19.004 -6.119 10.955 22.211 -5.797 8.584 22.299 -4.273 8.695
3 16 22.211 -5.797 8.584 19.004 -6.119 10.955 18.134 -6.868 9.942
3 16 18.134 -6.868 9.942 21.452 -6.775 7.683 22.211 -5.797 8.584
3 16 18.134 -6.868 9.942 14.994 -6.896 12.446 13.978 -6.296 11.471
3 16 13.978 -6.296 11.471 17.171 -6.454 8.827 18.134 -6.868 9.942
3 16 17.171 -6.454 8.827 13.978 -6.296 11.471 13.580 -4.876 11.061
3 16 13.580 -4.876 11.061 16.679 -5.119 8.262 17.171 -6.454 8.827
3 16 16.679 -5.119 8.262 13.580 -4.876 11.061 14.032 -3.468 11.456
3 16 14.032 -3.468 11.456 16.946 -3.645 8.579 16.679 -5.119 8.262
3 16 16.946 -3.645 8.579 14.032 -3.468 11.456 15.070 -2.897 12.426
3 16 15.070 -2.897 12.426 17.816 -2.896 9.592 16.946 -3.645 8.579
3 16 17.816 -2.896 9.592 15.070 -2.897 12.426 16.085 -3.497 13.401
3 16 16.085 -3.497 13.401 18.779 -3.311 10.707 17.816 -2.896 9.592
3 16 18.779 -3.311 10.707 16.085 -3.497 13.401 16.484 -4.916 13.811
3 16 16.484 -4.916 13.811 19.271 -4.646 11.272 18.779 -3.311 10.707
3 16 19.271 -4.646 11.272 16.484 -4.916 13.811 16.032 -6.324 13.416
3 16 16.032 -6.324 13.416 19.004 -6.119 10.955 19.271 -4.646 11.272
3 16 19.004 -6.119 10.955 16.032 -6.324 13.416 14.994 -6.896 12.446
3 16 14.994 -6.896 12.446 18.134 -6.868 9.942 19.004 -6.119 10.955
3 16 14.994 -6.896 12.446 12.390 -6.761 15.492 11.494 -6.093 14.445
3 16 11.494 -6.093 14.445 13.978 -6.296 11.471 14.994 -6.896 12.446
3 16 13.978 -6.296 11.471 11.494 -6.093 14.445 11.205 -4.648 14.031
3 16 11.205 -4.648 14.031 13.580 -4.876 11.061 13.978 -6.296 11.471
3 16 14.032 -3.468 11.456 13.580 -4.876 11.061 11.205 -4.648 14.031
3 16 11.205 -4.648 14.031 11.693 -3.272 14.492 14.032 -3.468 11.456
3 16 15.070 -2.897 12.426 14.032 -3.468 11.456 11.693 -3.272 14.492
3 16 11.693 -3.272 14.492 12.671 -2.771 15.557 15.070 -2.897 12.426
3 16 15.070 -2.897 12.426 12.671 -2.771 15.557 13.567 -3.439 16.603
3 16 13.567 -3.439 16.603 16.085 -3.497 13.401 15.070 -2.897 12.426
3 16 16.085 -3.497 13.401 13.567 -3.439 16.603 13.856 -4.884 17.017
3 16 13.856 -4.884 17.017 16.484 -4.916 13.811 16.085 -3.497 13.401
3 16 16.032 -6.324 13.416 16.484 -4.916 13.811 13.856 -4.884 17.017
3 16 13.856 -4.884 17.017 13.368 -6.260 16.557 16.032 -6.324 13.416
3 16 14.994 -6.896 12.446 16.032 -6.324 13.416 13.368 -6.260 16.557
3 16 13.368 -6.260 16.557 12.390 -6.761 15.492 14.994 -6.896 12.446
3 16 11.494 -6.093 14.445 12.390 -6.761 15.492 9.034 -6.563 17.627
3 16 9.034 -6.563 17.627 8.512 -5.917 16.341 11.494 -6.093 14.445
3 16 11.205 -4.648 14.031 11.494 -6.093 14.445 8.512 -5.917 16.341
3 16 8.512 -5.917 16.341 8.377 -4.481 15.828 11.205 -4.648 14.031
3 16 11.693 -3.272 14.492 11.205 -4.648 14.031 8.377 -4.481 15.828
3 16 8.377 -4.481 15.828 8.709 -3.096 16.389 11.693 -3.272 14.492
3 16 12.671 -2.771 15.557 11.693 -3.272 14.492 8.709 -3.096 16.389
3 16 8.709 -3.096 16.389 9.313 -2.573 17.695 12.671 -2.771 15.557
3 16 13.567 -3.439 16.603 12.671 -2.771 15.557 9.313 -2.573 17.695
3 16 9.313 -2.573 17.695 9.836 -3.219 18.981 13.567 -3.439 16.603
3 16 13.856 -4.884 17.017 13.567 -3.439 16.603 9.836 -3.219 18.981
3 16 9.836 -3.219 18.981 9.970 -4.655 19.493 13.856 -4.884 17.017
3 16 13.368 -6.260 16.557 13.856 -4.884 17.017 9.970 -4.655 19.493
3 16 9.970 -4.655 19.493 9.638 -6.040 18.932 13.368 -6.260 16.557
3 16 12.390 -6.761 15.492 13.368 -6.260 16.557 9.638 -6.040 18.932
3 16 9.638 -6.040 18.932 9.034 -6.563 17.627 12.390 -6.761 15.492
3 16 8.512 -5.917 16.341 9.034 -6.563 17.627 5.191 -6.311 18.642
3 16 5.191 -6.311 18.642 5.086 -5.693 17.246 8.512 -5.917 16.341
3 16 8.377 -4.481 15.828 8.512 -5.917 16.341 5.086 -5.693 17.246
3 16 5.086 -5.693 17.246 5.124 -4.268 16.687 8.377 -4.481 15.828
3 16 8.709 -3.096 16.389 8.377 -4.481 15.828 5.124 -4.268 16.687
3 16 5.124 -4.268 16.687 5.283 -2.872 17.294 8.709 -3.096 16.389
3 16 9.313 -2.573 17.695 8.709 -3.096 16.389 5.283 -2.872 17.294
3 16 5.283 -2.872 17.294 5.470 -2.322 18.710 9.313 -2.573 17.695
3 16 9.836 -3.219 18.981 9.313 -2.573 17.695 5.470 -2.322 18.710
3 16 5.470 -2.322 18.710 5.575 -2.940 20.107 9.836 -3.219 18.981
3 16 9.970 -4.655 19.493 9.836 -3.219 18.981 5.575 -2.940 20.107
3 16 5.575 -2.940 20.107 5.536 -4.365 20.665 9.970 -4.655 19.493
3 16 9.638 -6.040 18.932 9.970 -4.655 19.493 5.536 -4.365 20.665
3 16 5.536 -4.365 20.665 5.377 -5.761 20.058 9.638 -6.040 18.932
3 16 9.034 -6.563 17.627 9.638 -6.040 18.932 5.377 -5.761 20.058
3 16 5.377 -5.761 20.058 5.191 -6.311 18.642 9.034 -6.563 17.627
3 16 5.086 -5.693 17.246 5.191 -6.311 18.642 1.223 -6.030 18.449
3 16 1.223 -6.030 18.449 1.548 -5.442 17.074 5.086 -5.693 17.246
3 16 5.124 -4.268 16.687 5.086 -5.693 17.246 1.548 -5.442 17.074
3 16 1.548 -5.442 17.074 1.765 -4.030 16.524 5.124 -4.268 16.687
3 16 5.283 -2.872 17.294 5.124 -4.268 16.687 1.765 -4.030 16.524
3 16 1.765 -4.030 16.524 1.746 -2.621 17.122 5.283 -2.872 17.294
3 16 5.470 -2.322 18.710 5.283 -2.872 17.294 1.746 -2.621 17.122
3 16 1.746 -2.621 17.122 1.502 -2.041 18.518 5.470 -2.322 18.710
3 16 5.575 -2.940 20.107 5.470 -2.322 18.710 1.502 -2.041 18.518
3 16 1.502 -2.041 18.518 1.176 -2.629 19.893 5.575 -2.940 20.107
3 16 5.536 -4.365 20.665 5.575 -2.940 20.107 1.176 -2.629 19.893
3 16 1.176 -2.629 19.893 0.960 -4.041 20.442 5.536 -4.365 20.665
3 16 5.377 -5.761 20.058 5.536 -4.365 20.665 0.960 -4.041 20.442
3 16 0.960 -4.041 20.442 0.979 -5.450 19.844 5.377 -5.761 20.058
3 16 5.191 -6.311 18.642 5.377 -5.761 20.058 0.979 -5.450 19.844
3 16 0.979 -5.450 19.844 1.223 -6.030 18.449 5.191 -6.311 18.642
3 16 1.548 -5.442 17.074 1.223 -6.030 18.449 -2.524 -5.744 17.051
3 16 -2.524 -5.744 17.051 -1.927 -5.176 15.761 1.548 -5.442 17.074
3 16 1.765 -4.030 16.524 1.548 -5.442 17.074 -1.927 -5.176 15.761
3 16 -1.927 -5.176 15.761 -1.584 -3.773 15.253 1.765 -4.030 16.524
3 16 1.746 -2.621 17.122 1.765 -4.030 16.524 -1.584 -3.773 15.253
3 16 -1.584 -3.773 15.253 -1.696 -2.358 15.825 1.746 -2.621 17.122
3 16 1.502 -2.041 18.518 1.746 -2.621 17.122 -1.696 -2.358 15.825
3 16 -1.696 -2.358 15.825 -2.197 -1.759 17.142 1.502 -2.041 18.518
3 16 1.176 -2.629 19.893 1.502 -2.041 18.518 -2.197 -1.759 17.142
3 16 -2.197 -1.759 17.142 -2.793 -2.327 18.432 1.176 -2.629 19.893
3 16 0.960 -4.041 20.442 1.176 -2.629 19.893 -2.793 -2.327 18.432
3 16 -2.793 -2.327 18.432 -3.136 -3.730 18.940 0.960 -4.041 20.442
3 16 0.979 -5.450 19.844 0.960 -4.041 20.442 -3.136 -3.730 18.940
3 16 -3.136 -3.730 18.940 -3.024 -5.145 18.368 0.979 -5.450 19.844
3 16 1.223 -6.030 18.449 0.979 -5.450 19.844 -3.024 -5.145 18.368
3 16 -3.024 -5.145 18.368 -2.524 -5.744 17.051 1.223 -6.030 18.449
3 16 -2.524 -5.744 17.051 -9.766 -4.966 13.748 -9.083 -4.485 12.466
3 16 -9.083 -4.485 12.466 -1.927 -5.176 15.761 -2.524 -5.744 17.051
3 16 -1.927 -5.176 15.761 -9.083 -4.485 12.466 -8.671 -3.121 11.905
3 16 -8.671 -3.121 11.905 -1.584 -3.773 15.253 -1.927 -5.176 15.761
3 16 -1.584 -3.773 15.253 -8.671 -3.121 11.905 -8.772 -1.674 12.394
3 16 -8.772 -1.674 12.394 -1.696 -2.358 15.825 -1.584 -3.773 15.253
3 16 -1.696 -2.358 15.825 -8.772 -1.674 12.394 -9.326 -0.991 13.646
3 16 -9.326 -0.991 13.646 -2.197 -1.759 17.142 -1.696 -2.358 15.825
3 16 -2.197 -1.759 17.142 -9.326 -0.991 13.646 -10.009 -1.472 14.929
3 16 -10.009 -1.472 14.929 -2.793 -2.327 18.432 -2.197 -1.759 17.142
3 16 -2.793 -2.327 18.432 -10.009 -1.472 14.929 -10.421 -2.836 15.490
3 16 -10.421 -2.836 15.490 -3.136 -3.730 18.940 -2.793 -2.327 18.432
3 16 -3.136 -3.730 18.940 -10.421 -2.836 15.490 -10.320 -4.283 15.001
3 16 -10.320 -4.283 15.001 -3.024 -5.145 18.368 -3.136 -3.730 18.940
3 16 -3.024 -5.145 18.368 -10.320 -4.283 15.001 -9.766 -4.966 13.748
3 16 -9.766 -4.966 13.748 -2.524 -5.744 17.051 -3.024 -5.145 18.368
3 16 -9.766 -4.966 13.748 -13.365 -4.637 12.106 -12.635 -4.305 10.802
3 16 -12.635 -4.305 10.802 -9.083 -4.485 12.466 -9.766 -4.966 13.748
3 16 -9.083 -4.485 12.466 -12.635 -4.305 10.802 -12.167 -3.016 10.121
3 16 -12.167 -3.016 10.121 -8.671 -3.121 11.905 -9.083 -4.485 12.466
3 16 -8.671 -3.121 11.905 -12.167 -3.016 10.121 -12.234 -1.526 10.463
3 16 -12.234 -1.526 10.463 -8.772 -1.674 12.394 -8.671 -3.121 11.905
3 16 -8.772 -1.674 12.394 -12.234 -1.526 10.463 -12.798 -0.706 11.626
3 16 -12.798 -0.706 11.626 -9.326 -0.991 13.646 -8.772 -1.674 12.394
3 16 -9.326 -0.991 13.646 -12.798 -0.706 11.626 -13.528 -1.038 12.930
3 16 -13.528 -1.038 12.930 -10.009 -1.472 14.929 -9.326 -0.991 13.646
3 16 -10.009 -1.472 14.929 -13.528 -1.038 12.930 -13.997 -2.327 13.610
3 16 -13.997 -2.327 13.610 -10.421 -2.836 15.490 -10.009 -1.472 14.929
3 16 -10.421 -2.836 15.490 -13.997 -2.327 13.610 -13.929 -3.817 13.269
3 16 -13.929 -3.817 13.269 -10.320 -4.283 15.001 -10.421 -2.836 15.490
3 16 -10.320 -4.283 15.001 -13.929 -3.817 13.269 -13.365 -4.637 12.106
3 16 -13.365 -4.637 12.106 -9.766 -4.966 13.748 -10.320 -4.283 15.001
3 16 -13.365 -4.637 12.106 -16.916 -4.354 10.330 -16.137 -4.174 9.025
3 16 -16.137 -4.174 9.025 -12.635 -4.305 10.802 -13.365 -4.637 12.106
3 16 -12.635 -4.305 10.802 -16.137 -4.174 9.025 -15.603 -2.973 8.240
3 16 -15.603 -2.973 8.240 -12.167 -3.016 10.121 -12.635 -4.305 10.802
3 16 -12.167 -3.016 10.121 -15.603 -2.973 8.240 -15.629 -1.455 8.435
3 16 -15.629 -1.455 8.435 -12.234 -1.526 10.463 -12.167 -3.016 10.121
3 16 -12.234 -1.526 10.463 -15.629 -1.455 8.435 -16.198 -0.509 9.495
3 16 -16.198 -0.509 9.495 -12.798 -0.706 11.626 -12.234 -1.526 10.463
3 16 -12.798 -0.706 11.626 -16.198 -0.509 9.495 -16.978 -0.689 10.800
3 16 -16.978 -0.689 10.800 -13.528 -1.038 12.930 -12.798 -0.706 11.626
3 16 -13.528 -1.038 12.930 -16.978 -0.689 10.800 -17.511 -1.890 11.585
3 16 -17.511 -1.890 11.585 -13.997 -2.327 13.610 -13.528 -1.038 12.930
3 16 -13.997 -2.327 13.610 -17.511 -1.890 11.585 -17.486 -3.408 11.390
3 16 -17.486 -3.408 11.390 -13.929 -3.817 13.269 -13.997 -2.327 13.610
3 16 -13.929 -3.817 13.269 -17.486 -3.408 11.390 -16.916 -4.354 10.330
3 16 -16.916 -4.354 10.330 -13.365 -4.637 12.106 -13.929 -3.817 13.269
3 16 -16.916 -4.354 10.330 -20.425 -4.112 8.444 -19.591 -4.126 7.160
3 16 -19.591 -4.126 7.160 -16.137 -4.174 9.025 -16.916 -4.354 10.330
3 16 -16.137 -4.174 9.025 -19.591 -4.126 7.160 -18.970 -3.053 6.262
3 16 -18.970 -3.053 6.262 -15.603 -2.973 8.240 -16.137 -4.174 9.025
3 16 -15.603 -2.973 8.240 -18.970 -3.053 6.262 -18.925 -1.523 6.275
3 16 -18.925 -1.523 6.275 -15.629 -1.455 8.435 -15.603 -2.973 8.240
3 16 -15.629 -1.455 8.435 -18.925 -1.523 6.275 -19.483 -0.432 7.192
3 16 -19.483 -0.432 7.192 -16.198 -0.509 9.495 -15.629 -1.455 8.435
3 16 -16.198 -0.509 9.495 -19.483 -0.432 7.192 -20.317 -0.419 8.476
3 16 -20.317 -0.419 8.476 -16.978 -0.689 10.800 -16.198 -0.509 9.495
3 16 -16.978 -0.689 10.800 -20.317 -0.419 8.476 -20.939 -1.491 9.374
3 16 -20.939 -1.491 9.374 -17.511 -1.890 11.585 -16.978 -0.689 10.800
3 16 -17.511 -1.890 11.585 -20.939 -1.491 9.374 -20.983 -3.021 9.361
3 16 -20.983 -3.021 9.361 -17.486 -3.408 11.390 -17.511 -1.890 11.585
3 16 -17.486 -3.408 11.390 -20.983 -3.021 9.361 -20.425 -4.112 8.444
3 16 -20.425 -4.112 8.444 -16.916 -4.354 10.330 -17.486 -3.408 11.390
3 16 -20.425 -4.112 8.444 -23.877 -3.904 6.416 -22.990 -4.154 5.194
3 16 -22.990 -4.154 5.194 -19.591 -4.126 7.160 -20.425 -4.112 8.444
3 16 -19.591 -4.126 7.160 -22.990 -4.154 5.194 -22.256 -3.263 4.189
3 16 -22.256 -3.263 4.189 -18.970 -3.053 6.262 -19.591 -4.126 7.160
3 16 -18.970 -3.053 6.262 -22.256 -3.263 4.189 -22.104 -1.753 3.990
3 16 -22.104 -1.753 3.990 -18.925 -1.523 6.275 -18.970 -3.053 6.262
3 16 -18.925 -1.523 6.275 -22.104 -1.753 3.990 -22.624 -0.508 4.713
3 16 -22.624 -0.508 4.713 -19.483 -0.432 7.192 -18.925 -1.523 6.275
3 16 -19.483 -0.432 7.192 -22.624 -0.508 4.713 -23.511 -0.258 5.935
3 16 -23.511 -0.258 5.935 -20.317 -0.419 8.476 -19.483 -0.432 7.192
3 16 -20.317 -0.419 8.476 -23.511 -0.258 5.935 -24.245 -1.149 6.940
3 16 -24.245 -1.149 6.940 -20.939 -1.491 9.374 -20.317 -0.419 8.476
3 16 -20.939 -1.491 9.374 -24.245 -1.149 6.940 -24.397 -2.659 7.139
3 16 -24.397 -2.659 7.139 -20.983 -3.021 9.361 -20.939 -1.491 9.374
3 16 -20.983 -3.021 9.361 -24.397 -2.659 7.139 -23.877 -3.904 6.416
3 16 -23.877 -3.904 6.416 -20.425 -4.112 8.444 -20.983 -3.021 9.361
3 16 -23.877 -3.904 6.416 -27.245 -3.729 4.191 -26.313 -4.249 3.094
3 16 -26.313 -4.249 3.094 -22.990 -4.154 5.194 -23.877 -3.904 6.416
3 16 -22.990 -4.154 5.194 -26.313 -4.249 3.094 -25.441 -3.599 2.017
3 16 -25.441 -3.599 2.017 -22.256 -3.263 4.189 -22.990 -4.154 5.194
3 16 -22.256 -3.263 4.189 -25.441 -3.599 2.017 -25.139 -2.160 1.591
3 16 -25.139 -2.160 1.591 -22.104 -1.753 3.990 -22.256 -3.263 4.189
3 16 -22.104 -1.753 3.990 -25.139 -2.160 1.591 -25.584 -0.775 2.066
3 16 -25.584 -0.775 2.066 -22.624 -0.508 4.713 -22.104 -1.753 3.990
3 16 -22.624 -0.508 4.713 -25.584 -0.775 2.066 -26.516 -0.255 3.163
3 16 -26.516 -0.255 3.163 -23.511 -0.258 5.935 -22.624 -0.508 4.713
3 16 -23.511 -0.258 5.935 -26.516 -0.255 3.163 -27.389 -0.904 4.240
3 16 -27.389 -0.904 4.240 -24.245 -1.149 6.940 -23.511 -0.258 5.935
3 16 -24.245 -1.149 6.940 -27.389 -0.904 4.240 -27.691 -2.343 4.666
3 16 -27.691 -2.343 4.666 -24.397 -2.659 7.139 -24.245 -1.149 6.940
3 16 -24.397 -2.659 7.139 -27.691 -2.343 4.666 -27.245 -3.729 4.191
3 16 -27.245 -3.729 4.191 -23.877 -3.904 6.416 -24.397 -2.659 7.139
3 16 -27.245 -3.729 4.191 -30.462 -3.624 1.674 -29.503 -4.416 0.781
3 16 -29.503 -4.416 0.781 -26.313 -4.249 3.094 -27.245 -3.729 4.191
3 16 -26.313 -4.249 3.094 -29.503 -4.416 0.781 -28.476 -4.053 -0.295
3 16 -28.476 -4.053 -0.295 -25.441 -3.599 2.017 -26.313 -4.249 3.094
3 16 -25.441 -3.599 2.017 -28.476 -4.053 -0.295 -27.983 -2.748 -0.924
3 16 -27.983 -2.748 -0.924 -25.139 -2.160 1.591 -25.441 -3.599 2.017
3 16 -25.139 -2.160 1.591 -27.983 -2.748 -0.924 -28.311 -1.265 -0.737
3 16 -28.311 -1.265 -0.737 -25.584 -0.775 2.066 -25.139 -2.160 1.591
3 16 -25.584 -0.775 2.066 -28.311 -1.265 -0.737 -29.269 -0.472 0.156
3 16 -29.269 -0.472 0.156 -26.516 -0.255 3.163 -25.584 -0.775 2.066
3 16 -26.516 -0.255 3.163 -29.269 -0.472 0.156 -30.296 -0.835 1.231
3 16 -30.296 -0.835 1.231 -27.389 -0.904 4.240 -26.516 -0.255 3.163
3 16 -27.389 -0.904 4.240 -30.296 -0.835 1.231 -30.790 -2.140 1.860
3 16 -30.790 -2.140 1.860 -27.691 -2.343 4.666 -27.389 -0.904 4.240
3 16 -27.691 -2.343 4.666 -30.790 -2.140 1.860 -30.462 -3.624 1.674
3 16 -30.462 -3.624 1.674 -27.245 -3.729 4.191 -27.691 -2.343 4.666
3 16 -30.462 -3.624 1.674 -33.424 -3.666 -1.234 -32.465 -4.689 -1.847
3 16 -32.465 -4.689 -1.847 -29.503 -4.416 0.781 -30.462 -3.624 1.674
3 16 -29.503 -4.416 0.781 -32.465 -4.689 -1.847 -31.281 -4.619 -2.815
3 16 -31.281 -4.619 -2.815 -28.476 -4.053 -0.295 -29.503 -4.416 0.781
3 16 -28.476 -4.053 -0.295 -31.281 -4.619 -2.815 -30.566 -3.496 -3.570
3 16 -30.566 -3.496 -3.570 -27.983 -2.748 -0.924 -28.476 -4.053 -0.295
3 16 -27.983 -2.748 -0.924 -30.566 -3.496 -3.570 -30.738 -1.978 -3.671
3 16 -30.738 -1.978 -3.671 -28.311 -1.265 -0.737 -27.983 -2.748 -0.924
3 16 -28.311 -1.265 -0.737 -30.738 -1.978 -3.671 -31.697 -0.955 -3.058
3 16 -31.697 -0.955 -3.058 -29.269 -0.472 0.156 -28.311 -1.265 -0.737
3 16 -29.269 -0.472 0.156 -31.697 -0.955 -3.058 -32.881 -1.025 -2.090
3 16 -32.881 -1.025 -2.090 -30.296 -0.835 1.231 -29.269 -0.472 0.156
3 16 -30.296 -0.835 1.231 -32.881 -1.025 -2.090 -33.596 -2.148 -1.335
3 16 -33.596 -2.148 -1.335 -30.790 -2.140 1.860 -30.296 -0.835 1.231
3 16 -30.790 -2.140 1.860 -33.596 -2.148 -1.335 -33.424 -3.666 -1.234
3 16 -33.424 -3.666 -1.234 -30.462 -3.624 1.674 -30.790 -2.140 1.860
3 16 -33.424 -3.666 -1.234 -35.970 -3.979 -4.611 -35.033 -5.157 -4.893
3 16 -35.033 -5.157 -4.893 -32.465 -4.689 -1.847 -33.424 -3.666 -1.234
3 16 -32.465 -4.689 -1.847 -35.033 -5.157 -4.893 -33.702 -5.329 -5.628
3 16 -33.702 -5.329 -5.628 -31.281 -4.619 -2.815 -32.465 -4.689 -1.847
3 16 -31.281 -4.619 -2.815 -33.702 -5.329 -5.628 -32.756 -4.395 -6.388
3 16 -32.756 -4.395 -6.388 -30.566 -3.496 -3.570 -31.281 -4.619 -2.815
3 16 -30.566 -3.496 -3.570 -32.756 -4.395 -6.388 -32.750 -2.902 -6.726
3 16 -32.750 -2.902 -6.726 -30.738 -1.978 -3.671 -30.566 -3.496 -3.570
3 16 -30.738 -1.978 -3.671 -32.750 -2.902 -6.726 -33.687 -1.725 -6.445
3 16 -33.687 -1.725 -6.445 -31.697 -0.955 -3.058 -30.738 -1.978 -3.671
3 16 -31.697 -0.955 -3.058 -33.687 -1.725 -6.445 -35.018 -1.553 -5.709
3 16 -35.018 -1.553 -5.709 -32.881 -1.025 -2.090 -31.697 -0.955 -3.058
3 16 -32.881 -1.025 -2.090 -35.018 -1.553 -5.709 -35.963 -2.486 -4.949
3 16 -35.963 -2.486 -4.949 -33.596 -2.148 -1.335 -32.881 -1.025 -2.090
3 16 -33.596 -2.148 -1.335 -35.963 -2.486 -4.949 -35.970 -3.979 -4.611
3 16 -35.970 -3.979 -4.611 -33.424 -3.666 -1.234 -33.596 -2.148 -1.335
3 16 -35.970 -3.979 -4.611 -37.850 -4.699 -8.470 -36.957 -5.940 -8.396
3 16 -36.957 -5.940 -8.396 -35.033 -5.157 -4.893 -35.970 -3.979 -4.611
3 16 -35.033 -5.157 -4.893 -36.957 -5.940 -8.396 -35.509 -6.256 -8.780
3 16 -35.509 -6.256 -8.780 -33.702 -5.329 -5.628 -35.033 -5.157 -4.893
3 16 -33.702 -5.329 -5.628 -35.509 -6.256 -8.780 -34.355 -5.462 -9.399
3 16 -34.355 -5.462 -9.399 -32.756 -4.395 -6.388 -33.702 -5.329 -5.628
3 16 -32.756 -4.395 -6.388 -34.355 -5.462 -9.399 -34.171 -4.024 -9.888
3 16 -34.171 -4.024 -9.888 -32.750 -2.902 -6.726 -32.756 -4.395 -6.388
3 16 -32.750 -2.902 -6.726 -34.171 -4.024 -9.888 -35.065 -2.783 -9.963
3 16 -35.065 -2.783 -9.963 -33.687 -1.725 -6.445 -32.750 -2.902 -6.726
3 16 -33.687 -1.725 -6.445 -35.065 -2.783 -9.963 -36.512 -2.467 -9.578
3 16 -36.512 -2.467 -9.578 -35.018 -1.553 -5.709 -33.687 -1.725 -6.445
3 16 -35.018 -1.553 -5.709 -36.512 -2.467 -9.578 -37.666 -3.260 -8.960
3 16 -37.666 -3.260 -8.960 -35.963 -2.486 -4.949 -35.018 -1.553 -5.709
3 16 -35.963 -2.486 -4.949 -37.666 -3.260 -8.960 -37.850 -4.699 -8.470
3 16 -37.850 -4.699 -8.470 -35.970 -3.979 -4.611 -35.963 -2.486 -4.949
3 16 -37.850 -4.699 -8.470 -38.722 -5.875 -12.596 -37.904 -7.086 -12.141
3 16 -37.904 -7.086 -12.141 -36.957 -5.940 -8.396 -37.850 -4.699 -8.470
3 16 -36.957 -5.940 -8.396 -37.904 -7.086 -12.141 -36.415 -7.441 -12.121
3 16 -36.415 -7.441 -12.121 -35.509 -6.256 -8.780 -36.957 -5.940 -8.396
3 16 -35.509 -6.256 -8.780 -36.415 -7.441 -12.121 -35.127 -6.731 -12.548
3 16 -35.127 -6.731 -12.548 -34.355 -5.462 -9.399 -35.509 -6.256 -8.780
3 16 -34.355 -5.462 -9.399 -35.127 -6.731 -12.548 -34.796 -5.373 -13.172
3 16 -34.796 -5.373 -13.172 -34.171 -4.024 -9.888 -34.355 -5.462 -9.399
3 16 -34.171 -4.024 -9.888 -34.796 -5.373 -13.172 -35.614 -4.162 -13.627
3 16 -35.614 -4.162 -13.627 -35.065 -2.783 -9.963 -34.171 -4.024 -9.888
3 16 -35.065 -2.783 -9.963 -35.614 -4.162 -13.627 -37.103 -3.808 -13.647
3 16 -37.103 -3.808 -13.647 -36.512 -2.467 -9.578 -35.065 -2.783 -9.963
3 16 -36.512 -2.467 -9.578 -37.103 -3.808 -13.647 -38.391 -4.517 -13.220
3 16 -38.391 -4.517 -13.220 -37.666 -3.260 -8.960 -36.512 -2.467 -9.578
3 16 -37.666 -3.260 -8.960 -38.391 -4.517 -13.220 -38.722 -5.875 -12.596
3 16 -38.722 -5.875 -12.596 -37.850 -4.699 -8.470 -37.666 -3.260 -8.960
3 16 -38.722 -5.875 -12.596 -38.669 -7.744 -16.300 -37.943 -8.699 -15.350
3 16 -37.943 -8.699 -15.350 -37.904 -7.086 -12.141 -38.722 -5.875 -12.596
3 16 -37.904 -7.086 -12.141 -37.943 -8.699 -15.350 -36.478 -8.964 -14.993
3 16 -36.478 -8.964 -14.993 -36.415 -7.441 -12.121 -37.904 -7.086 -12.141
3 16 -36.415 -7.441 -12.121 -36.478 -8.964 -14.993 -35.133 -8.385 -15.440
3 16 -35.133 -8.385 -15.440 -35.127 -6.731 -12.548 -36.415 -7.441 -12.121
3 16 -35.127 -6.731 -12.548 -35.133 -8.385 -15.440 -34.696 -7.300 -16.428
3 16 -34.696 -7.300 -16.428 -34.796 -5.373 -13.172 -35.127 -6.731 -12.548
3 16 -35.614 -4.162 -13.627 -34.796 -5.373 -13.172 -34.696 -7.300 -16.428
3 16 -34.696 -7.300 -16.428 -35.423 -6.346 -17.378 -35.614 -4.162 -13.627
3 16 -35.614 -4.162 -13.627 -35.423 -6.346 -17.378 -36.888 -6.080 -17.735
3 16 -36.888 -6.080 -17.735 -37.103 -3.808 -13.647 -35.614 -4.162 -13.627
3 16 -37.103 -3.808 -13.647 -36.888 -6.080 -17.735 -38.232 -6.659 -17.288
3 16 -38.232 -6.659 -17.288 -38.391 -4.517 -13.220 -37.103 -3.808 -13.647
3 16 -38.391 -4.517 -13.220 -38.232 -6.659 -17.288 -38.669 -7.744 -16.300
3 16 -38.669 -7.744 -16.300 -38.722 -5.875 -12.596 -38.391 -4.517 -13.220
3 16 -37.943 -8.699 -15.350 -38.669 -7.744 -16.300 -38.357 -11.073 -18.423
3 16 -38.357 -11.073 -18.423 -37.708 -11.414 -17.079 -37.943 -8.699 -15.350
3 16 -36.478 -8.964 -14.993 -37.943 -8.699 -15.350 -37.708 -11.414 -17.079
3 16 -37.708 -11.414 -17.079 -36.275 -11.432 -16.543 -36.478 -8.964 -14.993
3 16 -35.133 -8.385 -15.440 -36.478 -8.964 -14.993 -36.275 -11.432 -16.543
3 16 -36.275 -11.432 -16.543 -34.896 -11.118 -17.129 -35.133 -8.385 -15.440
3 16 -34.696 -7.300 -16.428 -35.133 -8.385 -15.440 -34.896 -11.118 -17.129
3 16 -34.896 -11.118 -17.129 -34.379 -10.655 -18.493 -34.696 -7.300 -16.428
3 16 -35.423 -6.346 -17.378 -34.696 -7.300 -16.428 -34.379 -10.655 -18.493
3 16 -34.379 -10.655 -18.493 -35.028 -10.315 -19.837 -35.423 -6.346 -17.378
3 16 -36.888 -6.080 -17.735 -35.423 -6.346 -17.378 -35.028 -10.315 -19.837
3 16 -35.028 -10.315 -19.837 -36.462 -10.296 -20.374 -36.888 -6.080 -17.735
3 16 -38.232 -6.659 -17.288 -36.888 -6.080 -17.735 -36.462 -10.296 -20.374
3 16 -36.462 -10.296 -20.374 -37.840 -10.610 -19.788 -38.232 -6.659 -17.288
3 16 -38.669 -7.744 -16.300 -38.232 -6.659 -17.288 -37.840 -10.610 -19.788
3 16 -37.840 -10.610 -19.788 -38.357 -11.073 -18.423 -38.669 -7.744 -16.300
3 16 -37.708 -11.414 -17.079 -38.357 -11.073 -18.423 -37.945 -15.007 -18.523
3 16 -37.945 -15.007 -18.523 -37.374 -14.607 -17.160 -37.708 -11.414 -17.079
3 16 -36.275 -11.432 -16.543 -37.708 -11.414 -17.079 -37.374 -14.607 -17.160
3 16 -37.374 -14.607 -17.160 -35.973 -14.319 -16.616 -36.275 -11.432 -16.543
3 16 -34.896 -11.118 -17.129 -36.275 -11.432 -16.543 -35.973 -14.319 -16.616
3 16 -35.973 -14.319 -16.616 -34.562 -14.312 -17.210 -34.896 -11.118 -17.129
3 16 -34.379 -10.655 -18.493 -34.896 -11.118 -17.129 -34.562 -14.312 -17.210
3 16 -34.562 -14.312 -17.210 -33.968 -14.589 -18.593 -34.379 -10.655 -18.493
3 16 -35.028 -10.315 -19.837 -34.379 -10.655 -18.493 -33.968 -14.589 -18.593
3 16 -33.968 -14.589 -18.593 -34.539 -14.988 -19.956 -35.028 -10.315 -19.837
3 16 -36.462 -10.296 -20.374 -35.028 -10.315 -19.837 -34.539 -14.988 -19.956
3 16 -34.539 -14.988 -19.956 -35.940 -15.276 -20.500 -36.462 -10.296 -20.374
3 16 -37.840 -10.610 -19.788 -36.462 -10.296 -20.374 -35.940 -15.276 -20.500
3 16 -35.940 -15.276 -20.500 -37.351 -15.284 -19.906 -37.840 -10.610 -19.788
3 16 -38.357 -11.073 -18.423 -37.840 -10.610 -19.788 -37.351 -15.284 -19.906
3 16 -37.351 -15.284 -19.906 -37.945 -15.007 -18.523 -38.357 -11.073 -18.423
3 16 -37.374 -14.607 -17.160 -37.945 -15.007 -18.523 -37.550 -18.442 -16.601
3 16 -37.550 -18.442 -16.601 -37.054 -17.396 -15.600 -37.374 -14.607 -17.160
3 16 -35.973 -14.319 -16.616 -37.374 -14.607 -17.160 -37.054 -17.396 -15.600
3 16 -37.054 -17.396 -15.600 -35.683 -16.840 -15.205 -35.973 -14.319 -16.616
3 16 -34.562 -14.312 -17.210 -35.973 -14.319 -16.616 -35.683 -16.840 -15.205
3 16 -35.683 -16.840 -15.205 -34.241 -17.100 -15.649 -34.562 -14.312 -17.210
3 16 -33.968 -14.589 -18.593 -34.562 -14.312 -17.210 -34.241 -17.100 -15.649
3 16 -34.241 -17.100 -15.649 -33.573 -18.024 -16.670 -33.968 -14.589 -18.593
3 16 -34.539 -14.988 -19.956 -33.968 -14.589 -18.593 -33.573 -18.024 -16.670
3 16 -33.573 -18.024 -16.670 -34.070 -19.070 -17.671 -34.539 -14.988 -19.956
3 16 -35.940 -15.276 -20.500 -34.539 -14.988 -19.956 -34.070 -19.070 -17.671
3 16 -34.070 -19.070 -17.671 -35.440 -19.626 -18.066 -35.940 -15.276 -20.500
3 16 -37.351 -15.284 -19.906 -35.940 -15.276 -20.500 -35.440 -19.626 -18.066
3 16 -35.440 -19.626 -18.066 -36.882 -19.365 -17.622 -37.351 -15.284 -19.906
3 16 -37.945 -15.007 -18.523 -37.351 -15.284 -19.906 -36.882 -19.365 -17.622
3 16 -36.882 -19.365 -17.622 -37.550 -18.442 -16.601 -37.945 -15.007 -18.523
3 16 -37.054 -17.396 -15.600 -37.550 -18.442 -16.601 -37.282 -20.426 -13.189
3 16 -37.282 -20.426 -13.189 -36.836 -19.007 -12.830 -37.054 -17.396 -15.600
3 16 -35.683 -16.840 -15.205 -37.054 -17.396 -15.600 -36.836 -19.007 -12.830
3 16 -36.836 -19.007 -12.830 -35.486 -18.296 -12.702 -35.683 -16.840 -15.205
3 16 -34.241 -17.100 -15.649 -35.683 -16.840 -15.205 -35.486 -18.296 -12.702
3 16 -35.486 -18.296 -12.702 -34.023 -18.711 -12.879 -34.241 -17.100 -15.649
3 16 -33.573 -18.024 -16.670 -34.241 -17.100 -15.649 -34.023 -18.711 -12.879
3 16 -34.023 -18.711 -12.879 -33.305 -20.008 -13.259 -33.573 -18.024 -16.670
3 16 -34.070 -19.070 -17.671 -33.573 -18.024 -16.670 -33.305 -20.008 -13.259
3 16 -33.305 -20.008 -13.259 -33.751 -21.428 -13.618 -34.070 -19.070 -17.671
3 16 -35.440 -19.626 -18.066 -34.070 -19.070 -17.671 -33.751 -21.428 -13.618
3 16 -33.751 -21.428 -13.618 -35.101 -22.138 -13.746 -35.440 -19.626 -18.066
3 16 -36.882 -19.365 -17.622 -35.440 -19.626 -18.066 -35.101 -22.138 -13.746
3 16 -35.101 -22.138 -13.746 -36.563 -21.724 -13.568 -36.882 -19.365 -17.622
3 16 -37.550 -18.442 -16.601 -36.882 -19.365 -17.622 -36.563 -21.724 -13.568
3 16 -36.563 -21.724 -13.568 -37.282 -20.426 -13.189 -37.550 -18.442 -16.601
3 16 -36.836 -19.007 -12.830 -37.282 -20.426 -13.189 -37.188 -20.327 -8.906
3 16 -37.188 -20.327 -8.906 -36.744 -18.900 -9.239 -36.836 -19.007 -12.830
3 16 -35.486 -18.296 -12.702 -36.836 -19.007 -12.830 -36.744 -18.900 -9.239
3 16 -36.744 -18.900 -9.239 -35.411 -18.236 -9.590 -35.486 -18.296 -12.702
3 16 -35.486 -18.296 -12.702 -35.411 -18.236 -9.590 -33.968 -18.723 -9.752
3 16 -33.968 -18.723 -9.752 -34.023 -18.711 -12.879 -35.486 -18.296 -12.702
3 16 -33.305 -20.008 -13.259 -34.023 -18.711 -12.879 -33.968 -18.723 -9.752
3 16 -33.968 -18.723 -9.752 -33.263 -20.076 -9.631 -33.305 -20.008 -13.259
3 16 -33.751 -21.428 -13.618 -33.305 -20.008 -13.259 -33.263 -20.076 -9.631
3 16 -33.263 -20.076 -9.631 -33.707 -21.502 -9.298 -33.751 -21.428 -13.618
3 16 -35.101 -22.138 -13.746 -33.751 -21.428 -13.618 -33.707 -21.502 -9.298
3 16 -33.707 -21.502 -9.298 -35.041 -22.167 -8.947 -35.101 -22.138 -13.746
3 16 -36.563 -21.724 -13.568 -35.101 -22.138 -13.746 -35.041 -22.167 -8.947
3 16 -35.041 -22.167 -8.947 -36.483 -21.680 -8.785 -36.563 -21.724 -13.568
3 16 -37.282 -20.426 -13.189 -36.563 -21.724 -13.568 -36.483 -21.680 -8.785
3 16 -36.483 -21.680 -8.785 -37.188 -20.327 -8.906 -37.282 -20.426 -13.189
3 16 -37.188 -20.327 -8.906 -35.737 -18.674 -4.834 -35.310 -17.411 -5.585
3 16 -35.310 -17.411 -5.585 -36.744 -18.900 -9.239 -37.188 -20.327 -8.906
3 16 -36.744 -18.900 -9.239 -35.310 -17.411 -5.585 -34.111 -17.021 -6.454
3 16 -34.111 -17.021 -6.454 -35.411 -18.236 -9.590 -36.744 -18.900 -9.239
3 16 -35.411 -18.236 -9.590 -34.111 -17.021 -6.454 -32.843 -17.733 -6.930
3 16 -32.843 -17.733 -6.930 -33.968 -18.723 -9.752 -35.411 -18.236 -9.590
3 16 -33.968 -18.723 -9.752 -32.843 -17.733 -6.930 -32.248 -19.129 -6.736
3 16 -32.248 -19.129 -6.736 -33.263 -20.076 -9.631 -33.968 -18.723 -9.752
3 16 -33.263 -20.076 -9.631 -32.248 -19.129 -6.736 -32.674 -20.393 -5.984
3 16 -32.674 -20.393 -5.984 -33.707 -21.502 -9.298 -33.263 -20.076 -9.631
3 16 -33.707 -21.502 -9.298 -32.674 -20.393 -5.984 -33.873 -20.783 -5.116
3 16 -33.873 -20.783 -5.116 -35.041 -22.167 -8.947 -33.707 -21.502 -9.298
3 16 -35.041 -22.167 -8.947 -33.873 -20.783 -5.116 -35.141 -20.071 -4.639
3 16 -35.141 -20.071 -4.639 -36.483 -21.680 -8.785 -35.041 -22.167 -8.947
3 16 -36.483 -21.680 -8.785 -35.141 -20.071 -4.639 -35.737 -18.674 -4.834
3 16 -35.737 -18.674 -4.834 -37.188 -20.327 -8.906 -36.483 -21.680 -8.785
3 16 -35.737 -18.674 -4.834 -32.900 -17.141 -1.717 -32.424 -16.031 -2.659
3 16 -32.424 -16.031 -2.659 -35.310 -17.411 -5.585 -35.737 -18.674 -4.834
3 16 -35.310 -17.411 -5.585 -32.424 -16.031 -2.659 -31.372 -15.929 -3.766
3 16 -31.372 -15.929 -3.766 -34.111 -17.021 -6.454 -35.310 -17.411 -5.585
3 16 -34.111 -17.021 -6.454 -31.372 -15.929 -3.766 -30.360 -16.892 -4.390
3 16 -30.360 -16.892 -4.390 -32.843 -17.733 -6.930 -34.111 -17.021 -6.454
3 16 -32.843 -17.733 -6.930 -30.360 -16.892 -4.390 -29.981 -18.358 -4.166
3 16 -29.981 -18.358 -4.166 -32.248 -19.129 -6.736 -32.843 -17.733 -6.930
3 16 -32.248 -19.129 -6.736 -29.981 -18.358 -4.166 -30.457 -19.468 -3.224
3 16 -30.457 -19.468 -3.224 -32.674 -20.393 -5.984 -32.248 -19.129 -6.736
3 16 -32.674 -20.393 -5.984 -30.457 -19.468 -3.224 -31.509 -19.570 -2.117
3 16 -31.509 -19.570 -2.117 -33.873 -20.783 -5.116 -32.674 -20.393 -5.984
3 16 -33.873 -20.783 -5.116 -31.509 -19.570 -2.117 -32.521 -18.607 -1.493
3 16 -32.521 -18.607 -1.493 -35.141 -20.071 -4.639 -33.873 -20.783 -5.116
3 16 -35.141 -20.071 -4.639 -32.521 -18.607 -1.493 -32.900 -17.141 -1.717
3 16 -32.900 -17.141 -1.717 -35.737 -18.674 -4.834 -35.141 -20.071 -4.639
3 16 -32.900 -17.141 -1.717 -29.857 -15.739 0.779 -29.278 -14.828 -0.306
3 16 -29.278 -14.828 -0.306 -32.424 -16.031 -2.659 -32.900 -17.141 -1.717
3 16 -32.424 -16.031 -2.659 -29.278 -14.828 -0.306 -28.272 -15.006 -1.446
3 16 -28.272 -15.006 -1.446 -31.372 -15.929 -3.766 -32.424 -16.031 -2.659
3 16 -31.372 -15.929 -3.766 -28.272 -15.006 -1.446 -27.428 -16.169 -1.973
3 16 -27.428 -16.169 -1.973 -30.360 -16.892 -4.390 -31.372 -15.929 -3.766
3 16 -30.360 -16.892 -4.390 -27.428 -16.169 -1.973 -27.241 -17.636 -1.578
3 16 -27.241 -17.636 -1.578 -29.981 -18.358 -4.166 -30.360 -16.892 -4.390
3 16 -29.981 -18.358 -4.166 -27.241 -17.636 -1.578 -27.820 -18.548 -0.493
3 16 -27.820 -18.548 -0.493 -30.457 -19.468 -3.224 -29.981 -18.358 -4.166
3 16 -30.457 -19.468 -3.224 -27.820 -18.548 -0.493 -28.826 -18.369 0.647
3 16 -28.826 -18.369 0.647 -31.509 -19.570 -2.117 -30.457 -19.468 -3.224
3 16 -31.509 -19.570 -2.117 -28.826 -18.369 0.647 -29.670 -17.206 1.174
3 16 -29.670 -17.206 1.174 -32.521 -18.607 -1.493 -31.509 -19.570 -2.117
3 16 -32.521 -18.607 -1.493 -29.670 -17.206 1.174 -29.857 -15.739 0.779
3 16 -29.857 -15.739 0.779 -32.900 -17.141 -1.717 -32.521 -18.607 -1.493
3 16 -29.857 -15.739 0.779 -26.669 -14.408 2.989 -25.983 -13.747 1.791
3 16 -25.983 -13.747 1.791 -29.278 -14.828 -0.306 -29.857 -15.739 0.779
3 16 -29.278 -14.828 -0.306 -25.983 -13.747 1.791 -25.015 -14.217 0.702
3 16 -25.015 -14.217 0.702 -28.272 -15.006 -1.446 -29.278 -14.828 -0.306
3 16 -28.272 -15.006 -1.446 -25.015 -14.217 0.702 -24.333 -15.544 0.360
3 16 -24.333 -15.544 0.360 -27.428 -16.169 -1.973 -28.272 -15.006 -1.446
3 16 -27.428 -16.169 -1.973 -24.333 -15.544 0.360 -24.335 -16.950 0.965
3 16 -24.335 -16.950 0.965 -27.241 -17.636 -1.578 -27.428 -16.169 -1.973
3 16 -27.241 -17.636 -1.578 -24.335 -16.950 0.965 -25.022 -17.612 2.163
3 16 -25.022 -17.612 2.163 -27.820 -18.548 -0.493 -27.241 -17.636 -1.578
3 16 -27.820 -18.548 -0.493 -25.022 -17.612 2.163 -25.989 -17.141 3.252
3 16 -25.989 -17.141 3.252 -28.826 -18.369 0.647 -27.820 -18.548 -0.493
3 16 -28.826 -18.369 0.647 -25.989 -17.141 3.252 -26.671 -15.814 3.594
3 16 -26.671 -15.814 3.594 -29.670 -17.206 1.174 -28.826 -18.369 0.647
3 16 -29.670 -17.206 1.174 -26.671 -15.814 3.594 -26.669 -14.408 2.989
3 16 -26.669 -14.408 2.989 -29.857 -15.739 0.779 -29.670 -17.206 1.174
3 16 -26.669 -14.408 2.989 -23.368 -13.161 5.013 -22.592 -12.786 3.748
3 16 -22.592 -12.786 3.748 -25.983 -13.747 1.791 -26.669 -14.408 2.989
3 16 -25.983 -13.747 1.791 -22.592 -12.786 3.748 -21.681 -13.536 2.774
3 16 -21.681 -13.536 2.774 -25.015 -14.217 0.702 -25.983 -13.747 1.791
3 16 -25.015 -14.217 0.702 -21.681 -13.536 2.774 -21.168 -14.974 2.661
3 16 -21.168 -14.974 2.661 -24.333 -15.544 0.360 -25.015 -14.217 0.702
3 16 -24.333 -15.544 0.360 -21.168 -14.974 2.661 -21.354 -16.257 3.476
3 16 -21.354 -16.257 3.476 -24.335 -16.950 0.965 -24.333 -15.544 0.360
3 16 -24.335 -16.950 0.965 -21.354 -16.257 3.476 -22.129 -16.632 4.741
3 16 -22.129 -16.632 4.741 -25.022 -17.612 2.163 -24.335 -16.950 0.965
3 16 -25.022 -17.612 2.163 -22.129 -16.632 4.741 -23.040 -15.882 5.716
3 16 -23.040 -15.882 5.716 -25.989 -17.141 3.252 -25.022 -17.612 2.163
3 16 -25.989 -17.141 3.252 -23.040 -15.882 5.716 -23.553 -14.444 5.828
3 16 -23.553 -14.444 5.828 -26.671 -15.814 3.594 -25.989 -17.141 3.252
3 16 -26.671 -15.814 3.594 -23.553 -14.444 5.828 -23.368 -13.161 5.013
3 16 -23.368 -13.161 5.013 -26.669 -14.408 2.989 -26.671 -15.814 3.594
3 16 -23.368 -13.161 5.013 -19.989 -12.018 6.927 -19.156 -11.931 5.646
3 16 -19.156 -11.931 5.646 -22.592 -12.786 3.748 -23.368 -13.161 5.013
3 16 -22.592 -12.786 3.748 -19.156 -11.931 5.646 -18.323 -12.921 4.827
3 16 -18.323 -12.921 4.827 -21.681 -13.536 2.774 -22.592 -12.786 3.748
3 16 -21.681 -13.536 2.774 -18.323 -12.921 4.827 -17.979 -14.407 4.951
3 16 -17.979 -14.407 4.951 -21.168 -14.974 2.661 -21.681 -13.536 2.774
3 16 -21.168 -14.974 2.661 -17.979 -14.407 4.951 -18.324 -15.520 5.944
3 16 -18.324 -15.520 5.944 -21.354 -16.257 3.476 -21.168 -14.974 2.661
3 16 -21.354 -16.257 3.476 -18.324 -15.520 5.944 -19.157 -15.606 7.225
3 16 -19.157 -15.606 7.225 -22.129 -16.632 4.741 -21.354 -16.257 3.476
3 16 -22.129 -16.632 4.741 -19.157 -15.606 7.225 -19.989 -14.617 8.044
3 16 -19.989 -14.617 8.044 -23.040 -15.882 5.716 -22.129 -16.632 4.741
3 16 -23.040 -15.882 5.716 -19.989 -14.617 8.044 -20.334 -13.130 7.921
3 16 -20.334 -13.130 7.921 -23.553 -14.444 5.828 -23.040 -15.882 5.716
3 16 -23.553 -14.444 5.828 -20.334 -13.130 7.921 -19.989 -12.018 6.927
3 16 -19.989 -12.018 6.927 -23.368 -13.161 5.013 -23.553 -14.444 5.828
3 16 -19.989 -12.018 6.927 -16.563 -10.980 8.788 -15.705 -11.156 7.533
3 16 -15.705 -11.156 7.533 -19.156 -11.931 5.646 -19.989 -12.018 6.927
3 16 -19.156 -11.931 5.646 -15.705 -11.156 7.533 -14.963 -12.328 6.884
3 16 -14.963 -12.328 6.884 -18.323 -12.921 4.827 -19.156 -11.931 5.646
3 16 -18.323 -12.921 4.827 -14.963 -12.328 6.884 -14.773 -13.809 7.222
3 16 -14.773 -13.809 7.222 -17.979 -14.407 4.951 -18.323 -12.921 4.827
3 16 -17.979 -14.407 4.951 -14.773 -13.809 7.222 -15.246 -14.731 8.348
3 16 -15.246 -14.731 8.348 -18.324 -15.520 5.944 -17.979 -14.407 4.951
3 16 -18.324 -15.520 5.944 -15.246 -14.731 8.348 -16.105 -14.556 9.603
3 16 -16.105 -14.556 9.603 -19.157 -15.606 7.225 -18.324 -15.520 5.944
3 16 -19.157 -15.606 7.225 -16.105 -14.556 9.603 -16.846 -13.384 10.252
3 16 -16.846 -13.384 10.252 -19.989 -14.617 8.044 -19.157 -15.606 7.225
3 16 -19.989 -14.617 8.044 -16.846 -13.384 10.252 -17.036 -11.903 9.914
3 16 -17.036 -11.903 9.914 -20.334 -13.130 7.921 -19.989 -14.617 8.044
3 16 -20.334 -13.130 7.921 -17.036 -11.903 9.914 -16.563 -10.980 8.788
3 16 -16.563 -10.980 8.788 -19.989 -12.018 6.927 -20.334 -13.130 7.921
3 16 -16.563 -10.980 8.788 -13.114 -10.034 10.638 -12.253 -10.430 9.436
3 16 -12.253 -10.430 9.436 -15.705 -11.156 7.533 -16.563 -10.980 8.788
3 16 -15.705 -11.156 7.533 -12.253 -10.430 9.436 -11.606 -11.729 8.950
3 16 -11.606 -11.729 8.950 -14.963 -12.328 6.884 -15.705 -11.156 7.533
3 16 -14.963 -12.328 6.884 -11.606 -11.729 8.950 -11.551 -13.170 9.463
3 16 -11.551 -13.170 9.463 -14.773 -13.809 7.222 -14.963 -12.328 6.884
3 16 -14.773 -13.809 7.222 -11.551 -13.170 9.463 -12.121 -13.908 10.677
3 16 -12.121 -13.908 10.677 -15.246 -14.731 8.348 -14.773 -13.809 7.222
3 16 -15.246 -14.731 8.348 -12.121 -13.908 10.677 -12.982 -13.512 11.879
3 16 -12.982 -13.512 11.879 -16.105 -14.556 9.603 -15.246 -14.731 8.348
3 16 -16.105 -14.556 9.603 -12.982 -13.512 11.879 -13.630 -12.213 12.365
3 16 -13.630 -12.213 12.365 -16.846 -13.384 10.252 -16.105 -14.556 9.603
3 16 -16.846 -13.384 10.252 -13.630 -12.213 12.365 -13.684 -10.773 11.851
3 16 -13.684 -10.773 11.851 -17.036 -11.903 9.914 -16.846 -13.384 10.252
3 16 -17.036 -11.903 9.914 -13.684 -10.773 11.851 -13.114 -10.034 10.638
3 16 -13.114 -10.034 10.638 -16.563 -10.980 8.788 -17.036 -11.903 9.914
3 16 -13.114 -10.034 10.638 -9.575 -9.149 12.571 -8.678 -9.707 11.463
3 16 -8.678 -9.707 11.463 -12.253 -10.430 9.436 -13.114 -10.034 10.638
3 16 -12.253 -10.430 9.436 -8.678 -9.707 11.463 -8.149 -11.095 11.094
3 16 -8.149 -11.095 11.094 -11.606 -11.729 8.950 -12.253 -10.430 9.436
3 16 -11.606 -11.729 8.950 -8.149 -11.095 11.094 -8.299 -12.501 11.681
3 16 -8.299 -12.501 11.681 -11.551 -13.170 9.463 -11.606 -11.729 8.950
3 16 -11.551 -13.170 9.463 -8.299 -12.501 11.681 -9.039 -13.101 12.879
3 16 -9.039 -13.101 12.879 -12.121 -13.908 10.677 -11.551 -13.170 9.463
3 16 -12.121 -13.908 10.677 -9.039 -13.101 12.879 -9.936 -12.543 13.987
3 16 -9.936 -12.543 13.987 -12.982 -13.512 11.879 -12.121 -13.908 10.677
3 16 -12.982 -13.512 11.879 -9.936 -12.543 13.987 -10.464 -11.154 14.356
3 16 -10.464 -11.154 14.356 -13.630 -12.213 12.365 -12.982 -13.512 11.879
3 16 -13.630 -12.213 12.365 -10.464 -11.154 14.356 -10.315 -9.748 13.769
3 16 -10.315 -9.748 13.769 -13.684 -10.773 11.851 -13.630 -12.213 12.365
3 16 -13.684 -10.773 11.851 -10.315 -9.748 13.769 -9.575 -9.149 12.571
3 16 -9.575 -9.149 12.571 -13.114 -10.034 10.638 -13.684 -10.773 11.851
3 16 -9.575 -9.149 12.571 -6.208 -8.743 15.108 -5.333 -9.404 14.040
3 16 -5.333 -9.404 14.040 -8.678 -9.707 11.463 -9.575 -9.149 12.571
3 16 -8.678 -9.707 11.463 -5.333 -9.404 14.040 -5.008 -10.847 13.647
3 16 -5.008 -10.847 13.647 -8.149 -11.095 11.094 -8.678 -9.707 11.463
3 16 -8.149 -11.095 11.094 -5.008 -10.847 13.647 -5.425 -12.228 14.160
3 16 -5.425 -12.228 14.160 -8.299 -12.501 11.681 -8.149 -11.095 11.094
3 16 -8.299 -12.501 11.681 -5.425 -12.228 14.160 -6.338 -12.738 15.278
3 16 -6.338 -12.738 15.278 -9.039 -13.101 12.879 -8.299 -12.501 11.681
3 16 -9.039 -13.101 12.879 -6.338 -12.738 15.278 -7.213 -12.077 16.346
3 16 -7.213 -12.077 16.346 -9.936 -12.543 13.987 -9.039 -13.101 12.879
3 16 -9.936 -12.543 13.987 -7.213 -12.077 16.346 -7.537 -10.634 16.739
3 16 -7.537 -10.634 16.739 -10.464 -11.154 14.356 -9.936 -12.543 13.987
3 16 -10.464 -11.154 14.356 -7.537 -10.634 16.739 -7.121 -9.253 16.226
3 16 -7.121 -9.253 16.226 -10.315 -9.748 13.769 -10.464 -11.154 14.356
3 16 -10.315 -9.748 13.769 -7.121 -9.253 16.226 -6.208 -8.743 15.108
3 16 -6.208 -8.743 15.108 -9.575 -9.149 12.571 -10.315 -9.748 13.769
3 16 -5.333 -9.404 14.040 -6.208 -8.743 15.108 -2.973 -9.131 17.719
3 16 -2.973 -9.131 17.719 -2.317 -9.802 16.509 -5.333 -9.404 14.040
3 16 -5.008 -10.847 13.647 -5.333 -9.404 14.040 -2.317 -9.802 16.509
3 16 -2.317 -9.802 16.509 -2.189 -11.242 16.007 -5.008 -10.847 13.647
3 16 -5.425 -12.228 14.160 -5.008 -10.847 13.647 -2.189 -11.242 16.007
3 16 -2.189 -11.242 16.007 -2.662 -12.609 16.509 -5.425 -12.228 14.160
3 16 -6.338 -12.738 15.278 -5.425 -12.228 14.160 -2.662 -12.609 16.509
3 16 -2.662 -12.609 16.509 -3.460 -13.101 17.719 -6.338 -12.738 15.278
3 16 -7.213 -12.077 16.346 -6.338 -12.738 15.278 -3.460 -13.101 17.719
3 16 -3.460 -13.101 17.719 -4.116 -12.431 18.928 -7.213 -12.077 16.346
3 16 -7.537 -10.634 16.739 -7.213 -12.077 16.346 -4.116 -12.431 18.928
3 16 -4.116 -12.431 18.928 -4.244 -10.990 19.430 -7.537 -10.634 16.739
3 16 -7.121 -9.253 16.226 -7.537 -10.634 16.739 -4.244 -10.990 19.430
3 16 -4.244 -10.990 19.430 -3.771 -9.623 18.929 -7.121 -9.253 16.226
3 16 -6.208 -8.743 15.108 -7.121 -9.253 16.226 -3.771 -9.623 18.929
3 16 -3.771 -9.623 18.929 -2.973 -9.131 17.719 -6.208 -8.743 15.108
3 16 -2.317 -9.802 16.509 -2.973 -9.131 17.719 0.666 -9.578 19.275
3 16 0.666 -9.578 19.275 0.954 -10.203 17.908 -2.317 -9.802 16.509
3 16 -2.189 -11.242 16.007 -2.317 -9.802 16.509 0.954 -10.203 17.908
3 16 0.954 -10.203 17.908 0.931 -11.625 17.342 -2.189 -11.242 16.007
3 16 -2.662 -12.609 16.509 -2.189 -11.242 16.007 0.931 -11.625 17.342
3 16 0.931 -11.625 17.342 0.609 -13.011 17.908 -2.662 -12.609 16.509
3 16 -3.460 -13.101 17.719 -2.662 -12.609 16.509 0.609 -13.011 17.908
3 16 0.609 -13.011 17.908 0.178 -13.548 19.275 -3.460 -13.101 17.719
3 16 -4.116 -12.431 18.928 -3.460 -13.101 17.719 0.178 -13.548 19.275
3 16 0.178 -13.548 19.275 -0.110 -12.922 20.642 -4.116 -12.431 18.928
3 16 -4.244 -10.990 19.430 -4.116 -12.431 18.928 -0.110 -12.922 20.642
3 16 -0.110 -12.922 20.642 -0.087 -11.500 21.208 -4.244 -10.990 19.430
3 16 -3.771 -9.623 18.929 -4.244 -10.990 19.430 -0.087 -11.500 21.208
3 16 -0.087 -11.500 21.208 0.235 -10.115 20.642 -3.771 -9.623 18.929
3 16 -2.973 -9.131 17.719 -3.771 -9.623 18.929 0.235 -10.115 20.642
3 16 0.235 -10.115 20.642 0.666 -9.578 19.275 -2.973 -9.131 17.719
3 16 0.954 -10.203 17.908 0.666 -9.578 19.275 4.591 -10.060 19.739
3 16 4.591 -10.060 19.739 4.483 -10.637 18.325 0.954 -10.203 17.908
3 16 0.931 -11.625 17.342 0.954 -10.203 17.908 4.483 -10.637 18.325
3 16 4.483 -10.637 18.325 4.296 -12.039 17.740 0.931 -11.625 17.342
3 16 0.609 -13.011 17.908 0.931 -11.625 17.342 4.296 -12.039 17.740
3 16 4.296 -12.039 17.740 4.139 -13.444 18.325 0.609 -13.011 17.908
3 16 0.178 -13.548 19.275 0.609 -13.011 17.908 4.139 -13.444 18.325
3 16 4.139 -13.444 18.325 4.104 -14.030 19.739 0.178 -13.548 19.275
3 16 -0.110 -12.922 20.642 0.178 -13.548 19.275 4.104 -14.030 19.739
3 16 4.104 -14.030 19.739 4.212 -13.453 21.153 -0.110 -12.922 20.642
3 16 -0.087 -11.500 21.208 -0.110 -12.922 20.642 4.212 -13.453 21.153
3 16 4.212 -13.453 21.153 4.400 -12.051 21.738 -0.087 -11.500 21.208
3 16 0.235 -10.115 20.642 -0.087 -11.500 21.208 4.400 -12.051 21.738
3 16 4.400 -12.051 21.738 4.557 -10.646 21.153 0.235 -10.115 20.642
3 16 0.666 -9.578 19.275 0.235 -10.115 20.642 4.557 -10.646 21.153
3 16 4.557 -10.646 21.153 4.591 -10.060 19.739 0.666 -9.578 19.275
3 16 4.483 -10.637 18.325 4.591 -10.060 19.739 8.488 -10.538 19.069
3 16 8.488 -10.538 19.069 7.986 -11.067 17.723 4.483 -10.637 18.325
3 16 4.296 -12.039 17.740 4.483 -10.637 18.325 7.986 -11.067 17.723
3 16 7.986 -11.067 17.723 7.635 -12.449 17.165 4.296 -12.039 17.740
3 16 4.139 -13.444 18.325 4.296 -12.039 17.740 7.635 -12.449 17.165
3 16 7.635 -12.449 17.165 7.641 -13.874 17.723 4.139 -13.444 18.325
3 16 4.104 -14.030 19.739 4.139 -13.444 18.325 7.641 -13.874 17.723
3 16 7.641 -13.874 17.723 8.001 -14.508 19.069 4.104 -14.030 19.739
3 16 4.212 -13.453 21.153 4.104 -14.030 19.739 8.001 -14.508 19.069
3 16 8.001 -14.508 19.069 8.503 -13.980 20.415 4.212 -13.453 21.153
3 16 4.400 -12.051 21.738 4.212 -13.453 21.153 8.503 -13.980 20.415
3 16 8.503 -13.980 20.415 8.853 -12.598 20.972 4.400 -12.051 21.738
3 16 4.557 -10.646 21.153 4.400 -12.051 21.738 8.853 -12.598 20.972
3 16 8.853 -12.598 20.972 8.847 -11.173 20.415 4.557 -10.646 21.153
3 16 4.591 -10.060 19.739 4.557 -10.646 21.153 8.847 -11.173 20.415
3 16 8.847 -11.173 20.415 8.488 -10.538 19.069 4.591 -10.060 19.739
3 16 7.986 -11.067 17.723 8.488 -10.538 19.069 12.093 -10.982 17.281
3 16 12.093 -10.982 17.281 11.222 -11.466 16.120 7.986 -11.067 17.723
3 16 7.635 -12.449 17.165 7.986 -11.067 17.723 11.222 -11.466 16.120
3 16 11.222 -11.466 16.120 10.686 -12.825 15.662 7.635 -12.449 17.165
3 16 7.641 -13.874 17.723 7.635 -12.449 17.165 10.686 -12.825 15.662
3 16 10.686 -12.825 15.662 10.801 -14.263 16.175 7.641 -13.874 17.723
3 16 8.001 -14.508 19.069 7.641 -13.874 17.723 10.801 -14.263 16.175
3 16 10.801 -14.263 16.175 11.498 -14.937 17.359 8.001 -14.508 19.069
3 16 8.503 -13.980 20.415 8.001 -14.508 19.069 11.498 -14.937 17.359
3 16 11.498 -14.937 17.359 12.370 -14.452 18.521 8.503 -13.980 20.415
3 16 8.853 -12.598 20.972 8.503 -13.980 20.415 12.370 -14.452 18.521
3 16 12.370 -14.452 18.521 12.905 -13.094 18.979 8.853 -12.598 20.972
3 16 8.847 -11.173 20.415 8.853 -12.598 20.972 12.905 -13.094 18.979
3 16 12.905 -13.094 18.979 12.791 -11.656 18.466 8.847 -11.173 20.415
3 16 8.488 -10.538 19.069 8.847 -11.173 20.415 12.791 -11.656 18.466
3 16 12.791 -11.656 18.466 12.093 -10.982 17.281 8.488 -10.538 19.069
3 16 11.222 -11.466 16.120 12.093 -10.982 17.281 15.110 -11.627 14.586
3 16 15.110 -11.627 14.586 14.031 -12.041 13.582 11.222 -11.466 16.120
3 16 10.686 -12.825 15.662 11.222 -11.466 16.120 14.031 -12.041 13.582
3 16 14.031 -12.041 13.582 13.343 -13.358 13.213 10.686 -12.825 15.662
3 16 10.801 -14.263 16.175 10.686 -12.825 15.662 13.343 -13.358 13.213
3 16 13.343 -13.358 13.213 13.450 -14.807 13.696 10.801 -14.263 16.175
3 16 11.498 -14.937 17.359 10.801 -14.263 16.175 13.450 -14.807 13.696
3 16 13.450 -14.807 13.696 14.288 -15.538 14.747 11.498 -14.937 17.359
3 16 12.370 -14.452 18.521 11.498 -14.937 17.359 14.288 -15.538 14.747
3 16 14.288 -15.538 14.747 15.367 -15.125 15.751 12.370 -14.452 18.521
3 16 12.905 -13.094 18.979 12.370 -14.452 18.521 15.367 -15.125 15.751
3 16 15.367 -15.125 15.751 16.055 -13.808 16.119 12.905 -13.094 18.979
3 16 12.791 -11.656 18.466 12.905 -13.094 18.979 16.055 -13.808 16.119
3 16 16.055 -13.808 16.119 15.949 -12.359 15.637 12.791 -11.656 18.466
3 16 12.093 -10.982 17.281 12.791 -11.656 18.466 15.949 -12.359 15.637
3 16 15.949 -12.359 15.637 15.110 -11.627 14.586 12.093 -10.982 17.281
3 16 15.110 -11.627 14.586 17.969 -12.441 11.840 16.844 -12.735 10.844
3 16 16.844 -12.735 10.844 14.031 -12.041 13.582 15.110 -11.627 14.586
3 16 14.031 -12.041 13.582 16.844 -12.735 10.844 16.058 -13.984 10.437
3 16 16.058 -13.984 10.437 13.343 -13.358 13.213 14.031 -12.041 13.582
3 16 13.343 -13.358 13.213 16.058 -13.984 10.437 16.070 -15.456 10.858
3 16 16.070 -15.456 10.858 13.450 -14.807 13.696 13.343 -13.358 13.213
3 16 13.450 -14.807 13.696 16.070 -15.456 10.858 16.874 -16.288 11.860
3 16 16.874 -16.288 11.860 14.288 -15.538 14.747 13.450 -14.807 13.696
3 16 14.288 -15.538 14.747 16.874 -16.288 11.860 17.999 -15.994 12.856
3 16 17.999 -15.994 12.856 15.367 -15.125 15.751 14.288 -15.538 14.747
3 16 15.367 -15.125 15.751 17.999 -15.994 12.856 18.785 -14.745 13.263
3 16 18.785 -14.745 13.263 16.055 -13.808 16.119 15.367 -15.125 15.751
3 16 16.055 -13.808 16.119 18.785 -14.745 13.263 18.773 -13.274 12.842
3 16 18.773 -13.274 12.842 15.949 -12.359 15.637 16.055 -13.808 16.119
3 16 15.949 -12.359 15.637 18.773 -13.274 12.842 17.969 -12.441 11.840
3 16 17.969 -12.441 11.840 15.110 -11.627 14.586 15.949 -12.359 15.637
3 16 17.969 -12.441 11.840 20.814 -13.283 9.148 19.686 -13.415 8.122
3 16 19.686 -13.415 8.122 16.844 -12.735 10.844 17.969 -12.441 11.840
3 16 16.844 -12.735 10.844 19.686 -13.415 8.122 18.811 -14.565 7.617
3 16 18.811 -14.565 7.617 16.058 -13.984 10.437 16.844 -12.735 10.844
3 16 16.058 -13.984 10.437 18.811 -14.565 7.617 18.702 -16.060 7.929
3 16 18.702 -16.060 7.929 16.070 -15.456 10.858 16.058 -13.984 10.437
3 16 16.070 -15.456 10.858 18.702 -16.060 7.929 19.423 -17.023 8.875
3 16 19.423 -17.023 8.875 16.874 -16.288 11.860 16.070 -15.456 10.858
3 16 16.874 -16.288 11.860 19.423 -17.023 8.875 20.551 -16.892 9.901
3 16 20.551 -16.892 9.901 17.999 -15.994 12.856 16.874 -16.288 11.860
3 16 17.999 -15.994 12.856 20.551 -16.892 9.901 21.426 -15.741 10.406
3 16 21.426 -15.741 10.406 18.785 -14.745 13.263 17.999 -15.994 12.856
3 16 18.785 -14.745 13.263 21.426 -15.741 10.406 21.535 -14.247 10.094
3 16 21.535 -14.247 10.094 18.773 -13.274 12.842 18.785 -14.745 13.263
3 16 18.773 -13.274 12.842 21.535 -14.247 10.094 20.814 -13.283 9.148
3 16 20.814 -13.283 9.148 17.969 -12.441 11.840 18.773 -13.274 12.842
3 16 20.814 -13.283 9.148 23.648 -14.162 6.453 22.533 -14.107 5.405
3 16 22.533 -14.107 5.405 19.686 -13.415 8.122 20.814 -13.283 9.148
3 16 19.686 -13.415 8.122 22.533 -14.107 5.405 21.569 -15.127 4.795
3 16 21.569 -15.127 4.795 18.811 -14.565 7.617 19.686 -13.415 8.122
3 16 18.811 -14.565 7.617 21.569 -15.127 4.795 21.322 -16.627 4.979
3 16 21.322 -16.627 4.979 18.702 -16.060 7.929 18.811 -14.565 7.617
3 16 18.702 -16.060 7.929 21.322 -16.627 4.979 21.935 -17.726 5.849
3 16 21.935 -17.726 5.849 19.423 -17.023 8.875 18.702 -16.060 7.929
3 16 19.423 -17.023 8.875 21.935 -17.726 5.849 23.050 -17.782 6.897
3 16 23.050 -17.782 6.897 20.551 -16.892 9.901 19.423 -17.023 8.875
3 16 20.551 -16.892 9.901 23.050 -17.782 6.897 24.013 -16.761 7.507
3 16 24.013 -16.761 7.507 21.426 -15.741 10.406 20.551 -16.892 9.901
3 16 21.426 -15.741 10.406 24.013 -16.761 7.507 24.261 -15.262 7.323
3 16 24.261 -15.262 7.323 21.535 -14.247 10.094 21.426 -15.741 10.406
3 16 21.535 -14.247 10.094 24.261 -15.262 7.323 23.648 -14.162 6.453
3 16 23.648 -14.162 6.453 20.814 -13.283 9.148 21.535 -14.247 10.094
3 16 23.648 -14.162 6.453 26.461 -15.086 3.743 25.381 -14.821 2.692
3 16 25.381 -14.821 2.692 22.533 -14.107 5.405 23.648 -14.162 6.453
3 16 22.533 -14.107 5.405 25.381 -14.821 2.692 24.334 -15.678 1.976
3 16 24.334 -15.678 1.976 21.569 -15.127 4.795 22.533 -14.107 5.405
3 16 21.569 -15.127 4.795 24.334 -15.678 1.976 23.933 -17.155 2.016
3 16 23.933 -17.155 2.016 21.322 -16.627 4.979 21.569 -15.127 4.795
3 16 21.322 -16.627 4.979 23.933 -17.155 2.016 24.413 -18.386 2.788
3 16 24.413 -18.386 2.788 21.935 -17.726 5.849 21.322 -16.627 4.979
3 16 21.935 -17.726 5.849 24.413 -18.386 2.788 25.494 -18.651 3.840
3 16 25.494 -18.651 3.840 23.050 -17.782 6.897 21.935 -17.726 5.849
3 16 23.050 -17.782 6.897 25.494 -18.651 3.840 26.541 -17.794 4.555
3 16 26.541 -17.794 4.555 24.013 -16.761 7.507 23.050 -17.782 6.897
3 16 24.013 -16.761 7.507 26.541 -17.794 4.555 26.942 -16.317 4.515
3 16 26.942 -16.317 4.515 24.261 -15.262 7.323 24.013 -16.761 7.507
3 16 24.261 -15.262 7.323 26.942 -16.317 4.515 26.461 -15.086 3.743
3 16 26.461 -15.086 3.743 23.648 -14.162 6.453 24.261 -15.262 7.323
3 16 26.461 -15.086 3.743 29.239 -16.056 1.002 28.217 -15.570 -0.029
3 16 28.217 -15.570 -0.029 25.381 -14.821 2.692 26.461 -15.086 3.743
3 16 25.381 -14.821 2.692 28.217 -15.570 -0.029 27.099 -16.230 -0.839
3 16 27.099 -16.230 -0.839 24.334 -15.678 1.976 25.381 -14.821 2.692
3 16 24.334 -15.678 1.976 27.099 -16.230 -0.839 26.537 -17.650 -0.951
3 16 26.537 -17.650 -0.951 23.933 -17.155 2.016 24.334 -15.678 1.976
3 16 23.933 -17.155 2.016 26.537 -17.650 -0.951 26.862 -18.997 -0.302
3 16 26.862 -18.997 -0.302 24.413 -18.386 2.788 23.933 -17.155 2.016
3 16 24.413 -18.386 2.788 26.862 -18.997 -0.302 27.883 -19.483 0.730
3 16 27.883 -19.483 0.730 25.494 -18.651 3.840 24.413 -18.386 2.788
3 16 25.494 -18.651 3.840 27.883 -19.483 0.730 29.002 -18.823 1.539
3 16 29.002 -18.823 1.539 26.541 -17.794 4.555 25.494 -18.651 3.840
3 16 26.541 -17.794 4.555 29.002 -18.823 1.539 29.564 -17.403 1.652
3 16 29.564 -17.403 1.652 26.942 -16.317 4.515 26.541 -17.794 4.555
3 16 26.942 -16.317 4.515 29.564 -17.403 1.652 29.239 -16.056 1.002
3 16 29.239 -16.056 1.002 26.461 -15.086 3.743 26.942 -16.317 4.515
3 16 29.239 -16.056 1.002 31.957 -17.068 -1.800 31.018 -16.363 -2.782
3 16 31.018 -16.363 -2.782 28.217 -15.570 -0.029 29.239 -16.056 1.002
3 16 28.217 -15.570 -0.029 31.018 -16.363 -2.782 29.844 -16.802 -3.661
3 16 29.844 -16.802 -3.661 27.099 -16.230 -0.839 28.217 -15.570 -0.029
3 16 27.099 -16.230 -0.839 29.844 -16.802 -3.661 29.123 -18.127 -3.922
3 16 29.123 -18.127 -3.922 26.537 -17.650 -0.951 27.099 -16.230 -0.839
3 16 26.537 -17.650 -0.951 29.123 -18.127 -3.922 29.278 -19.562 -3.412
3 16 29.278 -19.562 -3.412 26.862 -18.997 -0.302 26.537 -17.650 -0.951
3 16 26.862 -18.997 -0.302 29.278 -19.562 -3.412 30.217 -20.267 -2.431
3 16 30.217 -20.267 -2.431 27.883 -19.483 0.730 26.862 -18.997 -0.302
3 16 27.883 -19.483 0.730 30.217 -20.267 -2.431 31.392 -19.828 -1.552
3 16 31.392 -19.828 -1.552 29.002 -18.823 1.539 27.883 -19.483 0.730
3 16 29.002 -18.823 1.539 31.392 -19.828 -1.552 32.112 -18.503 -1.291
3 16 32.112 -18.503 -1.291 29.564 -17.403 1.652 29.002 -18.823 1.539
3 16 29.564 -17.403 1.652 32.112 -18.503 -1.291 31.957 -17.068 -1.800
3 16 31.957 -17.068 -1.800 29.239 -16.056 1.002 29.564 -17.403 1.652
3 16 31.957 -17.068 -1.800 34.592 -18.109 -4.714 33.745 -17.201 -5.609
3 16 33.745 -17.201 -5.609 31.018 -16.363 -2.782 31.957 -17.068 -1.800
3 16 31.018 -16.363 -2.782 33.745 -17.201 -5.609 32.527 -17.404 -6.514
3 16 32.527 -17.404 -6.514 29.844 -16.802 -3.661 31.018 -16.363 -2.782
3 16 29.844 -16.802 -3.661 32.527 -17.404 -6.514 31.652 -18.600 -6.899
3 16 31.652 -18.600 -6.899 29.123 -18.127 -3.922 29.844 -16.802 -3.661
3 16 29.123 -18.127 -3.922 31.652 -18.600 -6.899 31.632 -20.087 -6.537
3 16 31.632 -20.087 -6.537 29.278 -19.562 -3.412 29.123 -18.127 -3.922
3 16 29.278 -19.562 -3.412 31.632 -20.087 -6.537 32.479 -20.995 -5.642
3 16 32.479 -20.995 -5.642 30.217 -20.267 -2.431 29.278 -19.562 -3.412
3 16 30.217 -20.267 -2.431 32.479 -20.995 -5.642 33.697 -20.792 -4.737
3 16 33.697 -20.792 -4.737 31.392 -19.828 -1.552 30.217 -20.267 -2.431
3 16 31.392 -19.828 -1.552 33.697 -20.792 -4.737 34.572 -19.596 -4.353
3 16 34.572 -19.596 -4.353 32.112 -18.503 -1.291 31.392 -19.828 -1.552
3 16 32.112 -18.503 -1.291 34.572 -19.596 -4.353 34.592 -18.109 -4.714
3 16 34.592 -18.109 -4.714 31.957 -17.068 -1.800 32.112 -18.503 -1.291
3 16 34.592 -18.109 -4.714 37.171 -19.198 -7.983 36.358 -18.087 -8.652
3 16 36.358 -18.087 -8.652 33.745 -17.201 -5.609 34.592 -18.109 -4.714
3 16 33.745 -17.201 -5.609 36.358 -18.087 -8.652 35.017 -18.018 -9.386
3 16 35.017 -18.018 -9.386 32.527 -17.404 -6.514 33.745 -17.201 -5.609
3 16 32.527 -17.404 -6.514 35.017 -18.018 -9.386 33.933 -19.034 -9.757
3 16 33.933 -19.034 -9.757 31.652 -18.600 -6.899 32.527 -17.404 -6.514
3 16 31.652 -18.600 -6.899 33.933 -19.034 -9.757 33.742 -20.538 -9.547
3 16 33.742 -20.538 -9.547 31.632 -20.087 -6.537 31.652 -18.600 -6.899
3 16 31.632 -20.087 -6.537 33.742 -20.538 -9.547 34.554 -21.650 -8.879
3 16 34.554 -21.650 -8.879 32.479 -20.995 -5.642 31.632 -20.087 -6.537
3 16 32.479 -20.995 -5.642 34.554 -21.650 -8.879 35.895 -21.718 -8.144
3 16 35.895 -21.718 -8.144 33.697 -20.792 -4.737 32.479 -20.995 -5.642
3 16 33.697 -20.792 -4.737 35.895 -21.718 -8.144 36.979 -20.702 -7.773
3 16 36.979 -20.702 -7.773 34.572 -19.596 -4.353 33.697 -20.792 -4.737
3 16 34.572 -19.596 -4.353 36.979 -20.702 -7.773 37.171 -19.198 -7.983
3 16 37.171 -19.198 -7.983 34.592 -18.109 -4.714 34.572 -19.596 -4.353
3 16 37.171 -19.198 -7.983 38.722 -20.156 -12.127 37.922 -18.852 -12.153
3 16 37.922 -18.852 -12.153 36.358 -18.087 -8.652 37.171 -19.198 -7.983
3 16 36.358 -18.087 -8.652 37.922 -18.852 -12.153 36.442 -18.492 -12.309
3 16 36.442 -18.492 -12.309 35.017 -18.018 -9.386 36.358 -18.087 -8.652
3 16 35.017 -18.018 -9.386 36.442 -18.492 -12.309 35.150 -19.289 -12.503
3 16 35.150 -19.289 -12.503 33.933 -19.034 -9.757 35.017 -18.018 -9.386
3 16 33.933 -19.034 -9.757 35.150 -19.289 -12.503 34.801 -20.775 -12.621
3 16 34.801 -20.775 -12.621 33.742 -20.538 -9.547 33.933 -19.034 -9.757
3 16 33.742 -20.538 -9.547 34.801 -20.775 -12.621 35.601 -22.079 -12.594
3 16 35.601 -22.079 -12.594 34.554 -21.650 -8.879 33.742 -20.538 -9.547
3 16 34.554 -21.650 -8.879 35.601 -22.079 -12.594 37.081 -22.439 -12.438
3 16 37.081 -22.439 -12.438 35.895 -21.718 -8.144 34.554 -21.650 -8.879
3 16 35.895 -21.718 -8.144 37.081 -22.439 -12.438 38.374 -21.642 -12.244
3 16 38.374 -21.642 -12.244 36.979 -20.702 -7.773 35.895 -21.718 -8.144
3 16 36.979 -20.702 -7.773 38.374 -21.642 -12.244 38.722 -20.156 -12.127
3 16 38.722 -20.156 -12.127 37.171 -19.198 -7.983 36.979 -20.702 -7.773
3 16 38.722 -20.156 -12.127 38.366 -19.193 -16.301 37.710 -18.048 -15.525
3 16 37.710 -18.048 -15.525 37.922 -18.852 -12.153 38.722 -20.156 -12.127
3 16 37.922 -18.852 -12.153 37.710 -18.048 -15.525 36.275 -17.696 -15.122
3 16 36.275 -17.696 -15.122 36.442 -18.492 -12.309 37.922 -18.852 -12.153
3 16 36.442 -18.492 -12.309 36.275 -17.696 -15.122 34.904 -18.343 -15.327
3 16 34.904 -18.343 -15.327 35.150 -19.289 -12.503 36.442 -18.492 -12.309
3 16 35.150 -19.289 -12.503 34.904 -18.343 -15.327 34.397 -19.610 -16.021
3 16 34.397 -19.610 -16.021 34.801 -20.775 -12.621 35.150 -19.289 -12.503
3 16 34.801 -20.775 -12.621 34.397 -19.610 -16.021 35.054 -20.755 -16.796
3 16 35.054 -20.755 -16.796 35.601 -22.079 -12.594 34.801 -20.775 -12.621
3 16 35.601 -22.079 -12.594 35.054 -20.755 -16.796 36.488 -21.107 -17.200
3 16 36.488 -21.107 -17.200 37.081 -22.439 -12.438 35.601 -22.079 -12.594
3 16 37.081 -22.439 -12.438 36.488 -21.107 -17.200 37.860 -20.460 -16.994
3 16 37.860 -20.460 -16.994 38.374 -21.642 -12.244 37.081 -22.439 -12.438
3 16 38.374 -21.642 -12.244 37.860 -20.460 -16.994 38.366 -19.193 -16.301
3 16 38.366 -19.193 -16.301 38.722 -20.156 -12.127 38.374 -21.642 -12.244
3 16 37.710 -18.048 -15.525 38.366 -19.193 -16.301 37.877 -16.355 -19.006
3 16 37.877 -16.355 -19.006 37.311 -15.733 -17.727 37.710 -18.048 -15.525
3 16 36.275 -17.696 -15.122 37.710 -18.048 -15.525 37.311 -15.733 -17.727
3 16 37.311 -15.733 -17.727 35.915 -15.597 -17.116 36.275 -17.696 -15.122
3 16 34.904 -18.343 -15.327 36.275 -17.696 -15.122 35.915 -15.597 -17.116
3 16 35.915 -15.597 -17.116 34.505 -16.028 -17.530 34.904 -18.343 -15.327
3 16 34.397 -19.610 -16.021 34.904 -18.343 -15.327 34.505 -16.028 -17.530
3 16 34.505 -16.028 -17.530 33.909 -16.772 -18.727 34.397 -19.610 -16.021
3 16 35.054 -20.755 -16.796 34.397 -19.610 -16.021 33.909 -16.772 -18.727
3 16 33.909 -16.772 -18.727 34.475 -17.395 -20.006 35.054 -20.755 -16.796
3 16 36.488 -21.107 -17.200 35.054 -20.755 -16.796 34.475 -17.395 -20.006
3 16 34.475 -17.395 -20.006 35.872 -17.531 -20.618 36.488 -21.107 -17.200
3 16 37.860 -20.460 -16.994 36.488 -21.107 -17.200 35.872 -17.531 -20.618
3 16 35.872 -17.531 -20.618 37.281 -17.100 -20.203 37.860 -20.460 -16.994
3 16 38.366 -19.193 -16.301 37.860 -20.460 -16.994 37.281 -17.100 -20.203
3 16 37.281 -17.100 -20.203 37.877 -16.355 -19.006 38.366 -19.193 -16.301
3 16 37.311 -15.733 -17.727 37.877 -16.355 -19.006 37.447 -12.846 -19.883
3 16 37.447 -12.846 -19.883 36.964 -12.897 -18.431 37.311 -15.733 -17.727
3 16 35.915 -15.597 -17.116 37.311 -15.733 -17.727 36.964 -12.897 -18.431
3 16 36.964 -12.897 -18.431 35.601 -13.040 -17.748 35.915 -15.597 -17.116
3 16 34.505 -16.028 -17.530 35.915 -15.597 -17.116 35.601 -13.040 -17.748
3 16 35.601 -13.040 -17.748 34.158 -13.192 -18.234 34.505 -16.028 -17.530
3 16 33.909 -16.772 -18.727 34.505 -16.028 -17.530 34.158 -13.192 -18.234
3 16 34.158 -13.192 -18.234 33.478 -13.263 -19.604 33.909 -16.772 -18.727
3 16 34.475 -17.395 -20.006 33.909 -16.772 -18.727 33.478 -13.263 -19.604
3 16 33.478 -13.263 -19.604 33.961 -13.212 -21.055 34.475 -17.395 -20.006
3 16 35.872 -17.531 -20.618 34.475 -17.395 -20.006 33.961 -13.212 -21.055
3 16 33.961 -13.212 -21.055 35.324 -13.069 -21.738 35.872 -17.531 -20.618
3 16 37.281 -17.100 -20.203 35.872 -17.531 -20.618 35.324 -13.069 -21.738
3 16 35.324 -13.069 -21.738 36.767 -12.917 -21.253 37.281 -17.100 -20.203
3 16 37.877 -16.355 -19.006 37.281 -17.100 -20.203 36.767 -12.917 -21.253
3 16 36.767 -12.917 -21.253 37.447 -12.846 -19.883 37.877 -16.355 -19.006
