0 FILE xpj0026.dat
0 xpj0026
0 Name:  Untitled_7
0 Author:  
0 BL_Item_No xpj0026.dat
0 BFC CERTIFY CCW
3 14 -3.414 62.720 11.126 -4.000 63.063 9.754 -4.075 58.771 8.798
3 14 -4.075 58.771 8.798 -3.444 58.441 10.153 -3.414 62.720 11.126
3 14 -2.000 62.578 11.694 -3.414 62.720 11.126 -3.444 58.441 10.153
3 14 -3.444 58.441 10.153 -2.012 58.276 10.669 -2.000 62.578 11.694
3 14 -0.586 62.720 11.126 -2.000 62.578 11.694 -2.012 58.276 10.669
3 14 -2.012 58.276 10.669 -0.618 58.372 10.043 -0.586 62.720 11.126
3 14 0.000 63.063 9.754 -0.586 62.720 11.126 -0.618 58.372 10.043
3 14 -0.618 58.372 10.043 -0.079 58.673 8.642 0.000 63.063 9.754
3 14 -0.586 63.407 8.382 0.000 63.063 9.754 -0.079 58.673 8.642
3 14 -0.079 58.673 8.642 -0.710 59.002 7.287 -0.586 63.407 8.382
3 14 -2.000 63.549 7.814 -0.586 63.407 8.382 -0.710 59.002 7.287
3 14 -0.710 59.002 7.287 -2.141 59.167 6.771 -2.000 63.549 7.814
3 14 -3.414 63.407 8.382 -2.000 63.549 7.814 -2.141 59.167 6.771
3 14 -2.141 59.167 6.771 -3.535 59.071 7.397 -3.414 63.407 8.382
3 14 -4.000 63.063 9.754 -3.414 63.407 8.382 -3.535 59.071 7.397
3 14 -3.535 59.071 7.397 -4.075 58.771 8.798 -4.000 63.063 9.754
3 14 -4.075 58.771 8.798 -4.251 54.930 8.106 -3.526 54.614 9.417
3 14 -3.526 54.614 9.417 -3.444 58.441 10.153 -4.075 58.771 8.798
3 14 -3.444 58.441 10.153 -3.526 54.614 9.417 -2.062 54.438 9.829
3 14 -2.062 54.438 9.829 -2.012 58.276 10.669 -3.444 58.441 10.153
3 14 -2.012 58.276 10.669 -2.062 54.438 9.829 -0.717 54.504 9.101
3 14 -0.717 54.504 9.101 -0.618 58.372 10.043 -2.012 58.276 10.669
3 14 -0.618 58.372 10.043 -0.717 54.504 9.101 -0.279 54.774 7.659
3 14 -0.279 54.774 7.659 -0.079 58.673 8.642 -0.618 58.372 10.043
3 14 -0.079 58.673 8.642 -0.279 54.774 7.659 -1.003 55.089 6.349
3 14 -1.003 55.089 6.349 -0.710 59.002 7.287 -0.079 58.673 8.642
3 14 -0.710 59.002 7.287 -1.003 55.089 6.349 -2.467 55.266 5.936
3 14 -2.467 55.266 5.936 -2.141 59.167 6.771 -0.710 59.002 7.287
3 14 -2.141 59.167 6.771 -2.467 55.266 5.936 -3.812 55.200 6.664
3 14 -3.812 55.200 6.664 -3.535 59.071 7.397 -2.141 59.167 6.771
3 14 -3.535 59.071 7.397 -3.812 55.200 6.664 -4.251 54.930 8.106
3 14 -4.251 54.930 8.106 -4.075 58.771 8.798 -3.535 59.071 7.397
3 14 -4.251 54.930 8.106 -4.520 51.072 7.507 -3.693 50.767 8.759
3 14 -3.693 50.767 8.759 -3.526 54.614 9.417 -4.251 54.930 8.106
3 14 -3.526 54.614 9.417 -3.693 50.767 8.759 -2.202 50.581 9.053
3 14 -2.202 50.581 9.053 -2.062 54.438 9.829 -3.526 54.614 9.417
3 14 -2.062 54.438 9.829 -2.202 50.581 9.053 -0.921 50.625 8.217
3 14 -0.921 50.625 8.217 -0.717 54.504 9.101 -2.062 54.438 9.829
3 14 -0.717 54.504 9.101 -0.921 50.625 8.217 -0.599 50.872 6.741
3 14 -0.599 50.872 6.741 -0.279 54.774 7.659 -0.717 54.504 9.101
3 14 -0.279 54.774 7.659 -0.599 50.872 6.741 -1.425 51.178 5.489
3 14 -1.425 51.178 5.489 -1.003 55.089 6.349 -0.279 54.774 7.659
3 14 -1.003 55.089 6.349 -1.425 51.178 5.489 -2.916 51.363 5.195
3 14 -2.916 51.363 5.195 -2.467 55.266 5.936 -1.003 55.089 6.349
3 14 -2.467 55.266 5.936 -2.916 51.363 5.195 -4.198 51.319 6.031
3 14 -4.198 51.319 6.031 -3.812 55.200 6.664 -2.467 55.266 5.936
3 14 -3.812 55.200 6.664 -4.198 51.319 6.031 -4.520 51.072 7.507
3 14 -4.520 51.072 7.507 -4.251 54.930 8.106 -3.812 55.200 6.664
3 14 -4.520 51.072 7.507 -4.860 47.203 6.993 -3.925 46.904 8.169
3 14 -3.925 46.904 8.169 -3.693 50.767 8.759 -4.520 51.072 7.507
3 14 -3.693 50.767 8.759 -3.925 46.904 8.169 -2.415 46.712 8.329
3 14 -2.415 46.712 8.329 -2.202 50.581 9.053 -3.693 50.767 8.759
3 14 -2.202 50.581 9.053 -2.415 46.712 8.329 -1.214 46.740 7.382
3 14 -1.214 46.740 7.382 -0.921 50.625 8.217 -2.202 50.581 9.053
3 14 -0.921 50.625 8.217 -1.214 46.740 7.382 -1.025 46.971 5.880
3 14 -1.025 46.971 5.880 -0.599 50.872 6.741 -0.921 50.625 8.217
3 14 -0.599 50.872 6.741 -1.025 46.971 5.880 -1.959 47.270 4.705
3 14 -1.959 47.270 4.705 -1.425 51.178 5.489 -0.599 50.872 6.741
3 14 -1.425 51.178 5.489 -1.959 47.270 4.705 -3.469 47.462 4.544
3 14 -3.469 47.462 4.544 -2.916 51.363 5.195 -1.425 51.178 5.489
3 14 -2.916 51.363 5.195 -3.469 47.462 4.544 -4.670 47.434 5.492
3 14 -4.670 47.434 5.492 -4.198 51.319 6.031 -2.916 51.363 5.195
3 14 -4.198 51.319 6.031 -4.670 47.434 5.492 -4.860 47.203 6.993
3 14 -4.860 47.203 6.993 -4.520 51.072 7.507 -4.198 51.319 6.031
3 14 -4.860 47.203 6.993 -5.260 43.325 6.566 -4.216 43.031 7.646
3 14 -4.216 43.031 7.646 -3.925 46.904 8.169 -4.860 47.203 6.993
3 14 -3.925 46.904 8.169 -4.216 43.031 7.646 -2.698 42.834 7.658
3 14 -2.698 42.834 7.658 -2.415 46.712 8.329 -3.925 46.904 8.169
3 14 -2.415 46.712 8.329 -2.698 42.834 7.658 -1.595 42.851 6.596
3 14 -1.595 42.851 6.596 -1.214 46.740 7.382 -2.415 46.712 8.329
3 14 -1.214 46.740 7.382 -1.595 42.851 6.596 -1.554 43.071 5.082
3 14 -1.554 43.071 5.082 -1.025 46.971 5.880 -1.214 46.740 7.382
3 14 -1.025 46.971 5.880 -1.554 43.071 5.082 -2.599 43.366 4.002
3 14 -2.599 43.366 4.002 -1.959 47.270 4.705 -1.025 46.971 5.880
3 14 -1.959 47.270 4.705 -2.599 43.366 4.002 -4.117 43.562 3.990
3 14 -4.117 43.562 3.990 -3.469 47.462 4.544 -1.959 47.270 4.705
3 14 -3.469 47.462 4.544 -4.117 43.562 3.990 -5.219 43.546 5.052
3 14 -5.219 43.546 5.052 -4.670 47.434 5.492 -3.469 47.462 4.544
3 14 -4.670 47.434 5.492 -5.219 43.546 5.052 -5.260 43.325 6.566
3 14 -5.260 43.325 6.566 -4.860 47.203 6.993 -4.670 47.434 5.492
3 14 -5.260 43.325 6.566 -5.701 39.438 6.215 -4.548 39.146 7.178
3 14 -4.548 39.146 7.178 -4.216 43.031 7.646 -5.260 43.325 6.566
3 14 -4.216 43.031 7.646 -4.548 39.146 7.178 -3.037 38.949 7.029
3 14 -3.037 38.949 7.029 -2.698 42.834 7.658 -4.216 43.031 7.646
3 14 -2.698 42.834 7.658 -3.037 38.949 7.029 -2.054 38.962 5.856
3 14 -2.054 38.962 5.856 -1.595 42.851 6.596 -2.698 42.834 7.658
3 14 -1.595 42.851 6.596 -2.054 38.962 5.856 -2.175 39.178 4.346
3 14 -2.175 39.178 4.346 -1.554 43.071 5.082 -1.595 42.851 6.596
3 14 -1.554 43.071 5.082 -2.175 39.178 4.346 -3.328 39.470 3.382
3 14 -3.328 39.470 3.382 -2.599 43.366 4.002 -1.554 43.071 5.082
3 14 -2.599 43.366 4.002 -3.328 39.470 3.382 -4.839 39.667 3.531
3 14 -4.839 39.667 3.531 -4.117 43.562 3.990 -2.599 43.366 4.002
3 14 -4.117 43.562 3.990 -4.839 39.667 3.531 -5.822 39.654 4.704
3 14 -5.822 39.654 4.704 -5.219 43.546 5.052 -4.117 43.562 3.990
3 14 -5.219 43.546 5.052 -5.822 39.654 4.704 -5.701 39.438 6.215
3 14 -5.701 39.438 6.215 -5.260 43.325 6.566 -5.219 43.546 5.052
3 14 -5.701 39.438 6.215 -6.167 35.549 5.932 -4.911 35.261 6.759
3 14 -4.911 35.261 6.759 -4.548 39.146 7.178 -5.701 39.438 6.215
3 14 -4.548 39.146 7.178 -4.911 35.261 6.759 -3.427 35.064 6.440
3 14 -3.427 35.064 6.440 -3.037 38.949 7.029 -4.548 39.146 7.178
3 14 -3.037 38.949 7.029 -3.427 35.064 6.440 -2.584 35.073 5.162
3 14 -2.584 35.073 5.162 -2.054 38.962 5.856 -3.037 38.949 7.029
3 14 -2.054 38.962 5.856 -2.584 35.073 5.162 -2.876 35.284 3.674
3 14 -2.876 35.284 3.674 -2.175 39.178 4.346 -2.054 38.962 5.856
3 14 -2.175 39.178 4.346 -2.876 35.284 3.674 -4.132 35.571 2.848
3 14 -4.132 35.571 2.848 -3.328 39.470 3.382 -2.175 39.178 4.346
3 14 -3.328 39.470 3.382 -4.132 35.571 2.848 -5.616 35.768 3.167
3 14 -5.616 35.768 3.167 -4.839 39.667 3.531 -3.328 39.470 3.382
3 14 -4.839 39.667 3.531 -5.616 35.768 3.167 -6.459 35.759 4.444
3 14 -6.459 35.759 4.444 -5.822 39.654 4.704 -4.839 39.667 3.531
3 14 -5.822 39.654 4.704 -6.459 35.759 4.444 -6.167 35.549 5.932
3 14 -6.167 35.549 5.932 -5.701 39.438 6.215 -5.822 39.654 4.704
3 14 -6.167 35.549 5.932 -7.206 27.743 5.440 -5.821 27.467 6.030
3 14 -5.821 27.467 6.030 -4.911 35.261 6.759 -6.167 35.549 5.932
3 14 -4.911 35.261 6.759 -5.821 27.467 6.030 -4.415 27.284 5.453
3 14 -4.415 27.284 5.453 -3.427 35.064 6.440 -4.911 35.261 6.759
3 14 -3.427 35.064 6.440 -4.415 27.284 5.453 -3.812 27.303 4.046
3 14 -3.812 27.303 4.046 -2.584 35.073 5.162 -3.427 35.064 6.440
3 14 -2.584 35.073 5.162 -3.812 27.303 4.046 -4.364 27.511 2.634
3 14 -4.364 27.511 2.634 -2.876 35.284 3.674 -2.584 35.073 5.162
3 14 -2.876 35.284 3.674 -4.364 27.511 2.634 -5.749 27.787 2.044
3 14 -5.749 27.787 2.044 -4.132 35.571 2.848 -2.876 35.284 3.674
3 14 -4.132 35.571 2.848 -5.749 27.787 2.044 -7.155 27.970 2.621
3 14 -7.155 27.970 2.621 -5.616 35.768 3.167 -4.132 35.571 2.848
3 14 -5.616 35.768 3.167 -7.155 27.970 2.621 -7.759 27.952 4.028
3 14 -7.759 27.952 4.028 -6.459 35.759 4.444 -5.616 35.768 3.167
3 14 -6.459 35.759 4.444 -7.759 27.952 4.028 -7.206 27.743 5.440
3 14 -7.206 27.743 5.440 -6.167 35.549 5.932 -6.459 35.759 4.444
3 14 -7.206 27.743 5.440 -8.126 19.892 5.198 -6.637 19.641 5.450
3 14 -6.637 19.641 5.450 -5.821 27.467 6.030 -7.206 27.743 5.440
3 14 -5.821 27.467 6.030 -6.637 19.641 5.450 -5.399 19.496 4.562
3 14 -5.399 19.496 4.562 -4.415 27.284 5.453 -5.821 27.467 6.030
3 14 -4.415 27.284 5.453 -5.399 19.496 4.562 -5.136 19.542 3.055
3 14 -5.136 19.542 3.055 -3.812 27.303 4.046 -4.415 27.284 5.453
3 14 -3.812 27.303 4.046 -5.136 19.542 3.055 -6.003 19.751 1.811
3 14 -6.003 19.751 1.811 -4.364 27.511 2.634 -3.812 27.303 4.046
3 14 -4.364 27.511 2.634 -6.003 19.751 1.811 -7.492 20.001 1.559
3 14 -7.492 20.001 1.559 -5.749 27.787 2.044 -4.364 27.511 2.634
3 14 -5.749 27.787 2.044 -7.492 20.001 1.559 -8.731 20.146 2.447
3 14 -8.731 20.146 2.447 -7.155 27.970 2.621 -5.749 27.787 2.044
3 14 -7.155 27.970 2.621 -8.731 20.146 2.447 -8.993 20.101 3.954
3 14 -8.993 20.101 3.954 -7.759 27.952 4.028 -7.155 27.970 2.621
3 14 -7.759 27.952 4.028 -8.993 20.101 3.954 -8.126 19.892 5.198
3 14 -8.126 19.892 5.198 -7.206 27.743 5.440 -7.759 27.952 4.028
3 14 -8.126 19.892 5.198 -8.430 15.940 5.162 -6.914 15.723 5.164
3 14 -6.914 15.723 5.164 -6.637 19.641 5.450 -8.126 19.892 5.198
3 14 -6.637 19.641 5.450 -6.914 15.723 5.164 -5.835 15.613 4.084
3 14 -5.835 15.613 4.084 -5.399 19.496 4.562 -6.637 19.641 5.450
3 14 -5.399 19.496 4.562 -5.835 15.613 4.084 -5.824 15.675 2.555
3 14 -5.824 15.675 2.555 -5.136 19.542 3.055 -5.399 19.496 4.562
3 14 -5.136 19.542 3.055 -5.824 15.675 2.555 -6.887 15.873 1.472
3 14 -6.887 15.873 1.472 -6.003 19.751 1.811 -5.136 19.542 3.055
3 14 -6.003 19.751 1.811 -6.887 15.873 1.472 -8.402 16.090 1.469
3 14 -8.402 16.090 1.469 -7.492 20.001 1.559 -6.003 19.751 1.811
3 14 -7.492 20.001 1.559 -8.402 16.090 1.469 -9.482 16.199 2.549
3 14 -9.482 16.199 2.549 -8.731 20.146 2.447 -7.492 20.001 1.559
3 14 -8.731 20.146 2.447 -9.482 16.199 2.549 -9.493 16.137 4.078
3 14 -9.493 16.137 4.078 -8.993 20.101 3.954 -8.731 20.146 2.447
3 14 -8.993 20.101 3.954 -9.493 16.137 4.078 -8.430 15.940 5.162
3 14 -8.430 15.940 5.162 -8.126 19.892 5.198 -8.993 20.101 3.954
3 14 -8.430 15.940 5.162 -8.773 11.995 5.089 -7.260 11.815 4.942
3 14 -7.260 11.815 4.942 -6.914 15.723 5.164 -8.430 15.940 5.162
3 14 -6.914 15.723 5.164 -7.260 11.815 4.942 -6.289 11.732 3.762
3 14 -6.289 11.732 3.762 -5.835 15.613 4.084 -6.914 15.723 5.164
3 14 -5.835 15.613 4.084 -6.289 11.732 3.762 -6.430 11.794 2.239
3 14 -6.430 11.794 2.239 -5.824 15.675 2.555 -5.835 15.613 4.084
3 14 -5.824 15.675 2.555 -6.430 11.794 2.239 -7.599 11.965 1.265
3 14 -7.599 11.965 1.265 -6.887 15.873 1.472 -5.824 15.675 2.555
3 14 -6.887 15.873 1.472 -7.599 11.965 1.265 -9.112 12.145 1.412
3 14 -9.112 12.145 1.412 -8.402 16.090 1.469 -6.887 15.873 1.472
3 14 -8.402 16.090 1.469 -9.112 12.145 1.412 -10.082 12.228 2.592
3 14 -10.082 12.228 2.592 -9.482 16.199 2.549 -8.402 16.090 1.469
3 14 -9.482 16.199 2.549 -10.082 12.228 2.592 -9.942 12.166 4.116
3 14 -9.942 12.166 4.116 -9.493 16.137 4.078 -9.482 16.199 2.549
3 14 -9.493 16.137 4.078 -9.942 12.166 4.116 -8.773 11.995 5.089
3 14 -8.773 11.995 5.089 -8.430 15.940 5.162 -9.493 16.137 4.078
3 14 -8.773 11.995 5.089 -9.031 8.042 5.038 -7.532 7.910 4.757
3 14 -7.532 7.910 4.757 -7.260 11.815 4.942 -8.773 11.995 5.089
3 14 -7.260 11.815 4.942 -7.532 7.910 4.757 -6.668 7.855 3.495
3 14 -6.668 7.855 3.495 -6.289 11.732 3.762 -7.260 11.815 4.942
3 14 -6.289 11.732 3.762 -6.668 7.855 3.495 -6.945 7.908 1.990
3 14 -6.945 7.908 1.990 -6.430 11.794 2.239 -6.289 11.732 3.762
3 14 -6.430 11.794 2.239 -6.945 7.908 1.990 -8.200 8.040 1.125
3 14 -8.200 8.040 1.125 -7.599 11.965 1.265 -6.430 11.794 2.239
3 14 -7.599 11.965 1.265 -8.200 8.040 1.125 -9.699 8.172 1.406
3 14 -9.699 8.172 1.406 -9.112 12.145 1.412 -7.599 11.965 1.265
3 14 -9.112 12.145 1.412 -9.699 8.172 1.406 -10.563 8.227 2.668
3 14 -10.563 8.227 2.668 -10.082 12.228 2.592 -9.112 12.145 1.412
3 14 -10.082 12.228 2.592 -10.563 8.227 2.668 -10.286 8.173 4.173
3 14 -10.286 8.173 4.173 -9.942 12.166 4.116 -10.082 12.228 2.592
3 14 -9.942 12.166 4.116 -10.286 8.173 4.173 -9.031 8.042 5.038
3 14 -9.031 8.042 5.038 -8.773 11.995 5.089 -9.942 12.166 4.116
3 14 -9.031 8.042 5.038 -9.165 4.082 5.008 -7.689 4.011 4.609
3 14 -7.689 4.011 4.609 -7.532 7.910 4.757 -9.031 8.042 5.038
3 14 -7.532 7.910 4.757 -7.689 4.011 4.609 -6.927 3.986 3.281
3 14 -6.927 3.986 3.281 -6.668 7.855 3.495 -7.532 7.910 4.757
3 14 -6.668 7.855 3.495 -6.927 3.986 3.281 -7.325 4.020 1.804
3 14 -7.325 4.020 1.804 -6.945 7.908 1.990 -6.668 7.855 3.495
3 14 -6.945 7.908 1.990 -7.325 4.020 1.804 -8.651 4.094 1.041
3 14 -8.651 4.094 1.041 -8.200 8.040 1.125 -6.945 7.908 1.990
3 14 -8.200 8.040 1.125 -8.651 4.094 1.041 -10.127 4.165 1.441
3 14 -10.127 4.165 1.441 -9.699 8.172 1.406 -8.200 8.040 1.125
3 14 -9.699 8.172 1.406 -10.127 4.165 1.441 -10.889 4.190 2.768
3 14 -10.889 4.190 2.768 -10.563 8.227 2.668 -9.699 8.172 1.406
3 14 -10.563 8.227 2.668 -10.889 4.190 2.768 -10.490 4.156 4.246
3 14 -10.490 4.156 4.246 -10.286 8.173 4.173 -10.563 8.227 2.668
3 14 -10.286 8.173 4.173 -10.490 4.156 4.246 -9.165 4.082 5.008
3 14 -9.165 4.082 5.008 -9.031 8.042 5.038 -10.286 8.173 4.173
3 14 -9.165 4.082 5.008 -9.129 0.117 4.998 -7.684 0.183 4.495
3 14 -7.684 0.183 4.495 -7.689 4.011 4.609 -9.165 4.082 5.008
3 14 -7.689 4.011 4.609 -7.684 0.183 4.495 -7.019 0.216 3.117
3 14 -7.019 0.216 3.117 -6.927 3.986 3.281 -7.689 4.011 4.609
3 14 -6.927 3.986 3.281 -7.019 0.216 3.117 -7.522 0.196 1.671
3 14 -7.522 0.196 1.671 -7.325 4.020 1.804 -6.927 3.986 3.281
3 14 -7.325 4.020 1.804 -7.522 0.196 1.671 -8.899 0.135 1.005
3 14 -8.899 0.135 1.005 -8.651 4.094 1.041 -7.325 4.020 1.804
3 14 -8.651 4.094 1.041 -8.899 0.135 1.005 -10.343 0.069 1.508
3 14 -10.343 0.069 1.508 -10.127 4.165 1.441 -8.651 4.094 1.041
3 14 -10.127 4.165 1.441 -10.343 0.069 1.508 -11.008 0.036 2.886
3 14 -11.008 0.036 2.886 -10.889 4.190 2.768 -10.127 4.165 1.441
3 14 -10.889 4.190 2.768 -11.008 0.036 2.886 -10.505 0.056 4.332
3 14 -10.505 0.056 4.332 -10.490 4.156 4.246 -10.889 4.190 2.768
3 14 -10.490 4.156 4.246 -10.505 0.056 4.332 -9.129 0.117 4.998
3 14 -9.129 0.117 4.998 -9.165 4.082 5.008 -10.490 4.156 4.246
3 14 -9.129 0.117 4.998 -8.576 -3.796 5.000 -7.230 -3.341 4.431
3 14 -7.230 -3.341 4.431 -7.684 0.183 4.495 -9.129 0.117 4.998
3 14 -7.684 0.183 4.495 -7.230 -3.341 4.431 -6.659 -3.149 3.024
3 14 -6.659 -3.149 3.024 -7.019 0.216 3.117 -7.684 0.183 4.495
3 14 -7.522 0.196 1.671 -7.019 0.216 3.117 -6.659 -3.149 3.024
3 14 -6.659 -3.149 3.024 -7.197 -3.333 1.603 -7.522 0.196 1.671
3 14 -8.899 0.135 1.005 -7.522 0.196 1.671 -7.197 -3.333 1.603
3 14 -7.197 -3.333 1.603 -8.529 -3.785 1.000 -8.899 0.135 1.005
3 14 -10.343 0.069 1.508 -8.899 0.135 1.005 -8.529 -3.785 1.000
3 14 -8.529 -3.785 1.000 -9.876 -4.240 1.569 -10.343 0.069 1.508
3 14 -11.008 0.036 2.886 -10.343 0.069 1.508 -9.876 -4.240 1.569
3 14 -9.876 -4.240 1.569 -10.447 -4.432 2.976 -11.008 0.036 2.886
3 14 -10.505 0.056 4.332 -11.008 0.036 2.886 -10.447 -4.432 2.976
3 14 -10.447 -4.432 2.976 -9.909 -4.248 4.397 -10.505 0.056 4.332
3 14 -9.129 0.117 4.998 -10.505 0.056 4.332 -9.909 -4.248 4.397
3 14 -9.909 -4.248 4.397 -8.576 -3.796 5.000 -9.129 0.117 4.998
3 14 -7.230 -3.341 4.431 -8.576 -3.796 5.000 -6.545 -7.171 5.000
3 14 -6.545 -7.171 5.000 -5.517 -6.201 4.414 -7.230 -3.341 4.431
3 14 -6.659 -3.149 3.024 -7.230 -3.341 4.431 -5.517 -6.201 4.414
3 14 -5.517 -6.201 4.414 -5.091 -5.799 3.000 -6.659 -3.149 3.024
3 14 -7.197 -3.333 1.603 -6.659 -3.149 3.024 -5.091 -5.799 3.000
3 14 -5.091 -5.799 3.000 -5.517 -6.201 1.586 -7.197 -3.333 1.603
3 14 -8.529 -3.785 1.000 -7.197 -3.333 1.603 -5.517 -6.201 1.586
3 14 -5.517 -6.201 1.586 -6.545 -7.171 1.000 -8.529 -3.785 1.000
3 14 -9.876 -4.240 1.569 -8.529 -3.785 1.000 -6.545 -7.171 1.000
3 14 -6.545 -7.171 1.000 -7.574 -8.142 1.586 -9.876 -4.240 1.569
3 14 -10.447 -4.432 2.976 -9.876 -4.240 1.569 -7.574 -8.142 1.586
3 14 -7.574 -8.142 1.586 -8.000 -8.543 3.000 -10.447 -4.432 2.976
3 14 -9.909 -4.248 4.397 -10.447 -4.432 2.976 -8.000 -8.543 3.000
3 14 -8.000 -8.543 3.000 -7.574 -8.142 4.414 -9.909 -4.248 4.397
3 14 -8.576 -3.796 5.000 -9.909 -4.248 4.397 -7.574 -8.142 4.414
3 14 -7.574 -8.142 4.414 -6.545 -7.171 5.000 -8.576 -3.796 5.000
3 14 -5.517 -6.201 4.414 -6.545 -7.171 5.000 -3.288 -9.373 5.000
3 14 -3.288 -9.373 5.000 -2.771 -8.056 4.414 -5.517 -6.201 4.414
3 14 -5.091 -5.799 3.000 -5.517 -6.201 4.414 -2.771 -8.056 4.414
3 14 -2.771 -8.056 4.414 -2.557 -7.511 3.000 -5.091 -5.799 3.000
3 14 -5.517 -6.201 1.586 -5.091 -5.799 3.000 -2.557 -7.511 3.000
3 14 -2.557 -7.511 3.000 -2.771 -8.056 1.586 -5.517 -6.201 1.586
3 14 -6.545 -7.171 1.000 -5.517 -6.201 1.586 -2.771 -8.056 1.586
3 14 -2.771 -8.056 1.586 -3.288 -9.373 1.000 -6.545 -7.171 1.000
3 14 -7.574 -8.142 1.586 -6.545 -7.171 1.000 -3.288 -9.373 1.000
3 14 -3.288 -9.373 1.000 -3.805 -10.689 1.586 -7.574 -8.142 1.586
3 14 -8.000 -8.543 3.000 -7.574 -8.142 1.586 -3.805 -10.689 1.586
3 14 -3.805 -10.689 1.586 -4.020 -11.234 3.000 -8.000 -8.543 3.000
3 14 -7.574 -8.142 4.414 -8.000 -8.543 3.000 -4.020 -11.234 3.000
3 14 -4.020 -11.234 3.000 -3.805 -10.689 4.414 -7.574 -8.142 4.414
3 14 -6.545 -7.171 5.000 -7.574 -8.142 4.414 -3.805 -10.689 4.414
3 14 -3.805 -10.689 4.414 -3.288 -9.373 5.000 -6.545 -7.171 5.000
3 14 -2.771 -8.056 4.414 -3.288 -9.373 5.000 0.596 -9.976 5.000
3 14 0.596 -9.976 5.000 0.502 -8.565 4.414 -2.771 -8.056 4.414
3 14 -2.557 -7.511 3.000 -2.771 -8.056 4.414 0.502 -8.565 4.414
3 14 0.502 -8.565 4.414 0.464 -7.980 3.000 -2.557 -7.511 3.000
3 14 -2.771 -8.056 1.586 -2.557 -7.511 3.000 0.464 -7.980 3.000
3 14 0.464 -7.980 3.000 0.502 -8.565 1.586 -2.771 -8.056 1.586
3 14 -3.288 -9.373 1.000 -2.771 -8.056 1.586 0.502 -8.565 1.586
3 14 0.502 -8.565 1.586 0.596 -9.976 1.000 -3.288 -9.373 1.000
3 14 -3.805 -10.689 1.586 -3.288 -9.373 1.000 0.596 -9.976 1.000
3 14 0.596 -9.976 1.000 0.690 -11.387 1.586 -3.805 -10.689 1.586
3 14 -4.020 -11.234 3.000 -3.805 -10.689 1.586 0.690 -11.387 1.586
3 14 0.690 -11.387 1.586 0.729 -11.972 3.000 -4.020 -11.234 3.000
3 14 -3.805 -10.689 4.414 -4.020 -11.234 3.000 0.729 -11.972 3.000
3 14 0.729 -11.972 3.000 0.690 -11.387 4.414 -3.805 -10.689 4.414
3 14 -3.288 -9.373 5.000 -3.805 -10.689 4.414 0.690 -11.387 4.414
3 14 0.690 -11.387 4.414 0.596 -9.976 5.000 -3.288 -9.373 5.000
3 14 0.502 -8.565 4.414 0.596 -9.976 5.000 4.367 -8.864 5.000
3 14 4.367 -8.864 5.000 3.680 -7.628 4.414 0.502 -8.565 4.414
3 14 0.464 -7.980 3.000 0.502 -8.565 4.414 3.680 -7.628 4.414
3 14 3.680 -7.628 4.414 3.396 -7.116 3.000 0.464 -7.980 3.000
3 14 0.502 -8.565 1.586 0.464 -7.980 3.000 3.396 -7.116 3.000
3 14 3.396 -7.116 3.000 3.680 -7.628 1.586 0.502 -8.565 1.586
3 14 0.596 -9.976 1.000 0.502 -8.565 1.586 3.680 -7.628 1.586
3 14 3.680 -7.628 1.586 4.367 -8.864 1.000 0.596 -9.976 1.000
3 14 0.690 -11.387 1.586 0.596 -9.976 1.000 4.367 -8.864 1.000
3 14 4.367 -8.864 1.000 5.053 -10.101 1.586 0.690 -11.387 1.586
3 14 0.729 -11.972 3.000 0.690 -11.387 1.586 5.053 -10.101 1.586
3 14 5.053 -10.101 1.586 5.338 -10.613 3.000 0.729 -11.972 3.000
3 14 0.690 -11.387 4.414 0.729 -11.972 3.000 5.338 -10.613 3.000
3 14 5.338 -10.613 3.000 5.053 -10.101 4.414 0.690 -11.387 4.414
3 14 0.596 -9.976 5.000 0.690 -11.387 4.414 5.053 -10.101 4.414
3 14 5.053 -10.101 4.414 4.367 -8.864 5.000 0.596 -9.976 5.000
3 14 3.680 -7.628 4.414 4.367 -8.864 5.000 7.304 -6.251 5.000
3 14 7.304 -6.251 5.000 6.155 -5.425 4.414 3.680 -7.628 4.414
3 14 3.396 -7.116 3.000 3.680 -7.628 4.414 6.155 -5.425 4.414
3 14 6.155 -5.425 4.414 5.680 -5.083 3.000 3.396 -7.116 3.000
3 14 3.680 -7.628 1.586 3.396 -7.116 3.000 5.680 -5.083 3.000
3 14 5.680 -5.083 3.000 6.155 -5.425 1.586 3.680 -7.628 1.586
3 14 4.367 -8.864 1.000 3.680 -7.628 1.586 6.155 -5.425 1.586
3 14 6.155 -5.425 1.586 7.304 -6.251 1.000 4.367 -8.864 1.000
3 14 5.053 -10.101 1.586 4.367 -8.864 1.000 7.304 -6.251 1.000
3 14 7.304 -6.251 1.000 8.452 -7.077 1.586 5.053 -10.101 1.586
3 14 5.338 -10.613 3.000 5.053 -10.101 1.586 8.452 -7.077 1.586
3 14 8.452 -7.077 1.586 8.927 -7.419 3.000 5.338 -10.613 3.000
3 14 5.053 -10.101 4.414 5.338 -10.613 3.000 8.927 -7.419 3.000
3 14 8.927 -7.419 3.000 8.452 -7.077 4.414 5.053 -10.101 4.414
3 14 4.367 -8.864 5.000 5.053 -10.101 4.414 8.452 -7.077 4.414
3 14 8.452 -7.077 4.414 7.304 -6.251 5.000 4.367 -8.864 5.000
3 14 6.155 -5.425 4.414 7.304 -6.251 5.000 8.846 -2.635 5.000
3 14 8.846 -2.635 5.000 7.456 -2.378 4.414 6.155 -5.425 4.414
3 14 5.680 -5.083 3.000 6.155 -5.425 4.414 7.456 -2.378 4.414
3 14 7.456 -2.378 4.414 6.880 -2.271 3.000 5.680 -5.083 3.000
3 14 6.155 -5.425 1.586 5.680 -5.083 3.000 6.880 -2.271 3.000
3 14 6.880 -2.271 3.000 7.456 -2.378 1.586 6.155 -5.425 1.586
3 14 7.304 -6.251 1.000 6.155 -5.425 1.586 7.456 -2.378 1.586
3 14 7.456 -2.378 1.586 8.846 -2.635 1.000 7.304 -6.251 1.000
3 14 8.452 -7.077 1.586 7.304 -6.251 1.000 8.846 -2.635 1.000
3 14 8.846 -2.635 1.000 10.237 -2.892 1.586 8.452 -7.077 1.586
3 14 8.927 -7.419 3.000 8.452 -7.077 1.586 10.237 -2.892 1.586
3 14 10.237 -2.892 1.586 10.813 -2.999 3.000 8.927 -7.419 3.000
3 14 8.452 -7.077 4.414 8.927 -7.419 3.000 10.813 -2.999 3.000
3 14 10.813 -2.999 3.000 10.237 -2.893 4.414 8.452 -7.077 4.414
3 14 7.304 -6.251 5.000 8.452 -7.077 4.414 10.237 -2.893 4.414
3 14 10.237 -2.893 4.414 8.846 -2.635 5.000 7.304 -6.251 5.000
3 14 7.456 -2.378 4.414 8.846 -2.635 5.000 8.705 1.270 5.000
3 14 8.705 1.270 5.000 7.304 1.074 4.415 7.456 -2.378 4.414
3 14 6.880 -2.271 3.000 7.456 -2.378 4.414 7.304 1.074 4.415
3 14 7.304 1.074 4.415 6.721 1.008 3.002 6.880 -2.271 3.000
3 14 7.456 -2.378 1.586 6.880 -2.271 3.000 6.721 1.008 3.002
3 14 6.721 1.008 3.002 7.297 1.109 1.587 7.456 -2.378 1.586
3 14 8.846 -2.635 1.000 7.456 -2.378 1.586 7.297 1.109 1.587
3 14 7.297 1.109 1.587 8.695 1.318 1.000 8.846 -2.635 1.000
3 14 10.237 -2.892 1.586 8.846 -2.635 1.000 8.695 1.318 1.000
3 14 8.695 1.318 1.000 10.096 1.514 1.585 10.237 -2.892 1.586
3 14 10.813 -2.999 3.000 10.237 -2.892 1.586 10.096 1.514 1.585
3 14 10.096 1.514 1.585 10.680 1.580 2.999 10.813 -2.999 3.000
3 14 10.237 -2.893 4.414 10.813 -2.999 3.000 10.680 1.580 2.999
3 14 10.680 1.580 2.999 10.103 1.479 4.414 10.237 -2.893 4.414
3 14 8.846 -2.635 5.000 10.237 -2.893 4.414 10.103 1.479 4.414
3 14 10.103 1.479 4.414 8.705 1.270 5.000 8.846 -2.635 5.000
3 14 7.304 1.074 4.415 8.705 1.270 5.000 7.811 5.059 5.095
3 14 7.811 5.059 5.095 6.411 4.747 4.561 7.304 1.074 4.415
3 14 6.721 1.008 3.002 7.304 1.074 4.415 6.411 4.747 4.561
3 14 6.411 4.747 4.561 5.777 4.661 3.170 6.721 1.008 3.002
3 14 7.297 1.109 1.587 6.721 1.008 3.002 5.777 4.661 3.170
3 14 5.777 4.661 3.170 6.281 4.851 1.737 7.297 1.109 1.587
3 14 8.695 1.318 1.000 7.297 1.109 1.587 6.281 4.851 1.737
3 14 6.281 4.851 1.737 7.628 5.207 1.102 8.695 1.318 1.000
3 14 10.096 1.514 1.585 8.695 1.318 1.000 7.628 5.207 1.102
3 14 7.628 5.207 1.102 9.028 5.519 1.636 10.096 1.514 1.585
3 14 10.680 1.580 2.999 10.096 1.514 1.585 9.028 5.519 1.636
3 14 9.028 5.519 1.636 9.662 5.605 3.027 10.680 1.580 2.999
3 14 10.103 1.479 4.414 10.680 1.580 2.999 9.662 5.605 3.027
3 14 9.662 5.605 3.027 9.158 5.415 4.460 10.103 1.479 4.414
3 14 8.705 1.270 5.000 10.103 1.479 4.414 9.158 5.415 4.460
3 14 9.158 5.415 4.460 7.811 5.059 5.095 8.705 1.270 5.000
3 14 7.811 5.059 5.095 7.105 8.873 5.349 5.657 8.602 4.930
3 14 5.657 8.602 4.930 6.411 4.747 4.561 7.811 5.059 5.095
3 14 6.411 4.747 4.561 5.657 8.602 4.930 4.906 8.558 3.597
3 14 4.906 8.558 3.597 5.777 4.661 3.170 6.411 4.747 4.561
3 14 5.777 4.661 3.170 4.906 8.558 3.597 5.291 8.767 2.131
3 14 5.291 8.767 2.131 6.281 4.851 1.737 5.777 4.661 3.170
3 14 6.281 4.851 1.737 5.291 8.767 2.131 6.586 9.106 1.389
3 14 6.586 9.106 1.389 7.628 5.207 1.102 6.281 4.851 1.737
3 14 7.628 5.207 1.102 6.586 9.106 1.389 8.034 9.377 1.807
3 14 8.034 9.377 1.807 9.028 5.519 1.636 7.628 5.207 1.102
3 14 9.028 5.519 1.636 8.034 9.377 1.807 8.785 9.421 3.140
3 14 8.785 9.421 3.140 9.662 5.605 3.027 9.028 5.519 1.636
3 14 9.662 5.605 3.027 8.785 9.421 3.140 8.400 9.212 4.607
3 14 8.400 9.212 4.607 9.158 5.415 4.460 9.662 5.605 3.027
3 14 9.158 5.415 4.460 8.400 9.212 4.607 7.105 8.873 5.349
3 14 7.105 8.873 5.349 7.811 5.059 5.095 9.158 5.415 4.460
3 14 7.105 8.873 5.349 6.526 12.720 5.711 5.040 12.481 5.430
3 14 5.040 12.481 5.430 5.657 8.602 4.930 7.105 8.873 5.349
3 14 5.657 8.602 4.930 5.040 12.481 5.430 4.165 12.463 4.174
3 14 4.165 12.463 4.174 4.906 8.558 3.597 5.657 8.602 4.930
3 14 4.906 8.558 3.597 4.165 12.463 4.174 4.413 12.677 2.679
3 14 4.413 12.677 2.679 5.291 8.767 2.131 4.906 8.558 3.597
3 14 5.291 8.767 2.131 4.413 12.677 2.679 5.639 12.999 1.820
3 14 5.639 12.999 1.820 6.586 9.106 1.389 5.291 8.767 2.131
3 14 6.586 9.106 1.389 5.639 12.999 1.820 7.125 13.238 2.101
3 14 7.125 13.238 2.101 8.034 9.377 1.807 6.586 9.106 1.389
3 14 8.034 9.377 1.807 7.125 13.238 2.101 8.000 13.256 3.357
3 14 8.000 13.256 3.357 8.785 9.421 3.140 8.034 9.377 1.807
3 14 8.785 9.421 3.140 8.000 13.256 3.357 7.752 13.041 4.852
3 14 7.752 13.041 4.852 8.400 9.212 4.607 8.785 9.421 3.140
3 14 8.400 9.212 4.607 7.752 13.041 4.852 6.526 12.720 5.711
3 14 6.526 12.720 5.711 7.105 8.873 5.349 8.400 9.212 4.607
3 14 6.526 12.720 5.711 5.992 17.087 6.192 4.482 16.871 6.070
3 14 4.482 16.871 6.070 5.040 12.481 5.430 6.526 12.720 5.711
3 14 5.040 12.481 5.430 4.482 16.871 6.070 3.480 16.865 4.912
3 14 3.480 16.865 4.912 4.165 12.463 4.174 5.040 12.481 5.430
3 14 4.165 12.463 4.174 3.480 16.865 4.912 3.573 17.072 3.399
3 14 3.573 17.072 3.399 4.413 12.677 2.679 4.165 12.463 4.174
3 14 4.413 12.677 2.679 3.573 17.072 3.399 4.707 17.372 2.415
3 14 4.707 17.372 2.415 5.639 12.999 1.820 4.413 12.677 2.679
3 14 5.639 12.999 1.820 4.707 17.372 2.415 6.218 17.588 2.538
3 14 6.218 17.588 2.538 7.125 13.238 2.101 5.639 12.999 1.820
3 14 7.125 13.238 2.101 6.218 17.588 2.538 7.220 17.594 3.695
3 14 7.220 17.594 3.695 8.000 13.256 3.357 7.125 13.238 2.101
3 14 8.000 13.256 3.357 7.220 17.594 3.695 7.126 17.387 5.209
3 14 7.126 17.387 5.209 7.752 13.041 4.852 8.000 13.256 3.357
3 14 7.752 13.041 4.852 7.126 17.387 5.209 5.992 17.087 6.192
3 14 5.992 17.087 6.192 6.526 12.720 5.711 7.752 13.041 4.852
3 14 5.992 17.087 6.192 5.661 20.997 6.619 4.145 20.797 6.673
3 14 4.145 20.797 6.673 4.482 16.871 6.070 5.992 17.087 6.192
3 14 4.482 16.871 6.070 4.145 20.797 6.673 3.017 20.788 5.638
3 14 3.017 20.788 5.638 3.480 16.865 4.912 4.482 16.871 6.070
3 14 3.480 16.865 4.912 3.017 20.788 5.638 2.938 20.975 4.121
3 14 2.938 20.975 4.121 3.573 17.072 3.399 3.480 16.865 4.912
3 14 3.573 17.072 3.399 2.938 20.975 4.121 3.955 21.249 3.010
3 14 3.955 21.249 3.010 4.707 17.372 2.415 3.573 17.072 3.399
3 14 4.707 17.372 2.415 3.955 21.249 3.010 5.471 21.449 2.956
3 14 5.471 21.449 2.956 6.218 17.588 2.538 4.707 17.372 2.415
3 14 6.218 17.588 2.538 5.471 21.449 2.956 6.599 21.458 3.991
3 14 6.599 21.458 3.991 7.220 17.594 3.695 6.218 17.588 2.538
3 14 7.220 17.594 3.695 6.599 21.458 3.991 6.678 21.271 5.508
3 14 6.678 21.271 5.508 7.126 17.387 5.209 7.220 17.594 3.695
3 14 7.126 17.387 5.209 6.678 21.271 5.508 5.661 20.997 6.619
3 14 5.661 20.997 6.619 5.992 17.087 6.192 7.126 17.387 5.209
3 14 5.661 20.997 6.619 5.426 24.935 7.001 3.927 24.748 7.247
3 14 3.927 24.748 7.247 4.145 20.797 6.673 5.661 20.997 6.619
3 14 4.145 20.797 6.673 3.927 24.748 7.247 2.679 24.726 6.361
3 14 2.679 24.726 6.361 3.017 20.788 5.638 4.145 20.797 6.673
3 14 3.017 20.788 5.638 2.679 24.726 6.361 2.414 24.882 4.861
3 14 2.414 24.882 4.861 2.938 20.975 4.121 3.017 20.788 5.638
3 14 2.938 20.975 4.121 2.414 24.882 4.861 3.286 25.124 3.627
3 14 3.286 25.124 3.627 3.955 21.249 3.010 2.938 20.975 4.121
3 14 3.955 21.249 3.010 3.286 25.124 3.627 4.786 25.311 3.381
3 14 4.786 25.311 3.381 5.471 21.449 2.956 3.955 21.249 3.010
3 14 5.471 21.449 2.956 4.786 25.311 3.381 6.033 25.333 4.268
3 14 6.033 25.333 4.268 6.599 21.458 3.991 5.471 21.449 2.956
3 14 6.599 21.458 3.991 6.033 25.333 4.268 6.299 25.177 5.767
3 14 6.299 25.177 5.767 6.678 21.271 5.508 6.599 21.458 3.991
3 14 6.678 21.271 5.508 6.299 25.177 5.767 5.426 24.935 7.001
3 14 5.426 24.935 7.001 5.661 20.997 6.619 6.678 21.271 5.508
3 14 5.426 24.935 7.001 5.271 28.894 7.303 3.816 28.724 7.748
3 14 3.816 28.724 7.748 3.927 24.748 7.247 5.426 24.935 7.001
3 14 3.927 24.748 7.247 3.816 28.724 7.748 2.463 28.686 7.034
3 14 2.463 28.686 7.034 2.679 24.726 6.361 3.927 24.748 7.247
3 14 2.679 24.726 6.361 2.463 28.686 7.034 2.003 28.804 5.579
3 14 2.003 28.804 5.579 2.414 24.882 4.861 2.679 24.726 6.361
3 14 2.414 24.882 4.861 2.003 28.804 5.579 2.707 29.007 4.235
3 14 2.707 29.007 4.235 3.286 25.124 3.627 2.414 24.882 4.861
3 14 3.286 25.124 3.627 2.707 29.007 4.235 4.161 29.177 3.789
3 14 4.161 29.177 3.789 4.786 25.311 3.381 3.286 25.124 3.627
3 14 4.786 25.311 3.381 4.161 29.177 3.789 5.515 29.214 4.503
3 14 5.515 29.214 4.503 6.033 25.333 4.268 4.786 25.311 3.381
3 14 6.033 25.333 4.268 5.515 29.214 4.503 5.974 29.097 5.958
3 14 5.974 29.097 5.958 6.299 25.177 5.767 6.033 25.333 4.268
3 14 6.299 25.177 5.767 5.974 29.097 5.958 5.271 28.894 7.303
3 14 5.271 28.894 7.303 5.426 24.935 7.001 6.299 25.177 5.767
3 14 5.271 28.894 7.303 5.171 32.866 7.500 3.790 32.719 8.144
3 14 3.790 32.719 8.144 3.816 28.724 7.748 5.271 28.894 7.303
3 14 3.816 28.724 7.748 3.790 32.719 8.144 2.352 32.668 7.620
3 14 2.352 32.668 7.620 2.463 28.686 7.034 3.816 28.724 7.748
3 14 2.463 28.686 7.034 2.352 32.668 7.620 1.700 32.744 6.238
3 14 1.700 32.744 6.238 2.003 28.804 5.579 2.463 28.686 7.034
3 14 2.003 28.804 5.579 1.700 32.744 6.238 2.216 32.903 4.805
3 14 2.216 32.903 4.805 2.707 29.007 4.235 2.003 28.804 5.579
3 14 2.707 29.007 4.235 2.216 32.903 4.805 3.597 33.050 4.162
3 14 3.597 33.050 4.162 4.161 29.177 3.789 2.707 29.007 4.235
3 14 4.161 29.177 3.789 3.597 33.050 4.162 5.035 33.101 4.685
3 14 5.035 33.101 4.685 5.515 29.214 4.503 4.161 29.177 3.789
3 14 5.515 29.214 4.503 5.035 33.101 4.685 5.687 33.025 6.068
3 14 5.687 33.025 6.068 5.974 29.097 5.958 5.515 29.214 4.503
3 14 5.974 29.097 5.958 5.687 33.025 6.068 5.171 32.866 7.500
3 14 5.171 32.866 7.500 5.271 28.894 7.303 5.974 29.097 5.958
3 14 5.171 32.866 7.500 5.106 36.845 7.585 3.823 36.729 8.412
3 14 3.823 36.729 8.412 3.790 32.719 8.144 5.171 32.866 7.500
3 14 3.790 32.719 8.144 3.823 36.729 8.412 2.328 36.673 8.088
3 14 2.328 36.673 8.088 2.352 32.668 7.620 3.790 32.719 8.144
3 14 2.352 32.668 7.620 2.328 36.673 8.088 1.497 36.709 6.804
3 14 1.497 36.709 6.804 1.700 32.744 6.238 2.352 32.668 7.620
3 14 1.700 32.744 6.238 1.497 36.709 6.804 1.816 36.816 5.310
3 14 1.816 36.816 5.310 2.216 32.903 4.805 1.700 32.744 6.238
3 14 2.216 32.903 4.805 1.816 36.816 5.310 3.099 36.932 4.483
3 14 3.099 36.932 4.483 3.597 33.050 4.162 2.216 32.903 4.805
3 14 3.597 33.050 4.162 3.099 36.932 4.483 4.594 36.989 4.807
3 14 4.594 36.989 4.807 5.035 33.101 4.685 3.597 33.050 4.162
3 14 5.035 33.101 4.685 4.594 36.989 4.807 5.425 36.953 6.092
3 14 5.425 36.953 6.092 5.687 33.025 6.068 5.035 33.101 4.685
3 14 5.687 33.025 6.068 5.425 36.953 6.092 5.106 36.845 7.585
3 14 5.106 36.845 7.585 5.171 32.866 7.500 5.687 33.025 6.068
3 14 5.106 36.845 7.585 5.064 40.824 7.548 3.898 40.748 8.537
3 14 3.898 40.748 8.537 3.823 36.729 8.412 5.106 36.845 7.585
3 14 3.823 36.729 8.412 3.898 40.748 8.537 2.373 40.694 8.410
3 14 2.373 40.694 8.410 2.328 36.673 8.088 3.823 36.729 8.412
3 14 2.328 36.673 8.088 2.373 40.694 8.410 1.384 40.695 7.242
3 14 1.384 40.695 7.242 1.497 36.709 6.804 2.328 36.673 8.088
3 14 1.497 36.709 6.804 1.384 40.695 7.242 1.509 40.749 5.717
3 14 1.509 40.749 5.717 1.816 36.816 5.310 1.497 36.709 6.804
3 14 1.816 36.816 5.310 1.509 40.749 5.717 2.675 40.826 4.729
3 14 2.675 40.826 4.729 3.099 36.932 4.483 1.816 36.816 5.310
3 14 3.099 36.932 4.483 2.675 40.826 4.729 4.200 40.879 4.856
3 14 4.200 40.879 4.856 4.594 36.989 4.807 3.099 36.932 4.483
3 14 4.594 36.989 4.807 4.200 40.879 4.856 5.189 40.878 6.024
3 14 5.189 40.878 6.024 5.425 36.953 6.092 4.594 36.989 4.807
3 14 5.425 36.953 6.092 5.189 40.878 6.024 5.064 40.824 7.548
3 14 5.064 40.824 7.548 5.106 36.845 7.585 5.425 36.953 6.092
3 14 5.064 40.824 7.548 5.034 44.795 7.400 3.993 44.765 8.522
3 14 3.993 44.765 8.522 3.898 40.748 8.537 5.064 40.824 7.548
3 14 3.898 40.748 8.537 3.993 44.765 8.522 2.464 44.724 8.579
3 14 2.464 44.724 8.579 2.373 40.694 8.410 3.898 40.748 8.537
3 14 2.373 40.694 8.410 2.464 44.724 8.579 1.342 44.697 7.538
3 14 1.342 44.697 7.538 1.384 40.695 7.242 2.373 40.694 8.410
3 14 1.384 40.695 7.242 1.342 44.697 7.538 1.285 44.700 6.008
3 14 1.285 44.700 6.008 1.509 40.749 5.717 1.384 40.695 7.242
3 14 1.509 40.749 5.717 1.285 44.700 6.008 2.326 44.731 4.886
3 14 2.326 44.731 4.886 2.675 40.826 4.729 1.509 40.749 5.717
3 14 2.675 40.826 4.729 2.326 44.731 4.886 3.855 44.771 4.829
3 14 3.855 44.771 4.829 4.200 40.879 4.856 2.675 40.826 4.729
3 14 4.200 40.879 4.856 3.855 44.771 4.829 4.977 44.798 5.870
3 14 4.977 44.798 5.870 5.189 40.878 6.024 4.200 40.879 4.856
3 14 5.189 40.878 6.024 4.977 44.798 5.870 5.034 44.795 7.400
3 14 5.034 44.795 7.400 5.064 40.824 7.548 5.189 40.878 6.024
3 14 5.034 44.795 7.400 5.012 48.757 7.143 4.098 48.776 8.370
3 14 4.098 48.776 8.370 3.993 44.765 8.522 5.034 44.795 7.400
3 14 3.993 44.765 8.522 4.098 48.776 8.370 2.583 48.757 8.592
3 14 2.583 48.757 8.592 2.464 44.724 8.579 3.993 44.765 8.522
3 14 2.464 44.724 8.579 2.583 48.757 8.592 1.356 48.711 7.678
3 14 1.356 48.711 7.678 1.342 44.697 7.538 2.464 44.724 8.579
3 14 1.342 44.697 7.538 1.356 48.711 7.678 1.135 48.664 6.164
3 14 1.135 48.664 6.164 1.285 44.700 6.008 1.342 44.697 7.538
3 14 1.285 44.700 6.008 1.135 48.664 6.164 2.049 48.645 4.937
3 14 2.049 48.645 4.937 2.326 44.731 4.886 1.285 44.700 6.008
3 14 2.326 44.731 4.886 2.049 48.645 4.937 3.564 48.664 4.715
3 14 3.564 48.664 4.715 3.855 44.771 4.829 2.326 44.731 4.886
3 14 3.855 44.771 4.829 3.564 48.664 4.715 4.791 48.710 5.629
3 14 4.791 48.710 5.629 4.977 44.798 5.870 3.855 44.771 4.829
3 14 4.977 44.798 5.870 4.791 48.710 5.629 5.012 48.757 7.143
3 14 5.012 48.757 7.143 5.034 44.795 7.400 4.977 44.798 5.870
3 14 5.012 48.757 7.143 5.000 52.706 6.780 4.206 52.776 8.087
3 14 4.206 52.776 8.087 4.098 48.776 8.370 5.012 48.757 7.143
3 14 4.098 48.776 8.370 4.206 52.776 8.087 2.720 52.785 8.452
3 14 2.720 52.785 8.452 2.583 48.757 8.592 4.098 48.776 8.370
3 14 2.583 48.757 8.592 2.720 52.785 8.452 1.411 52.726 7.661
3 14 1.411 52.726 7.661 1.356 48.711 7.678 2.583 48.757 8.592
3 14 1.356 48.711 7.678 1.411 52.726 7.661 1.046 52.635 6.177
3 14 1.046 52.635 6.177 1.135 48.664 6.164 1.356 48.711 7.678
3 14 1.135 48.664 6.164 1.046 52.635 6.177 1.840 52.564 4.870
3 14 1.840 52.564 4.870 2.049 48.645 4.937 1.135 48.664 6.164
3 14 2.049 48.645 4.937 1.840 52.564 4.870 3.326 52.556 4.505
3 14 3.326 52.556 4.505 3.564 48.664 4.715 2.049 48.645 4.937
3 14 3.564 48.664 4.715 3.326 52.556 4.505 4.635 52.614 5.296
3 14 4.635 52.614 5.296 4.791 48.710 5.629 3.564 48.664 4.715
3 14 4.791 48.710 5.629 4.635 52.614 5.296 5.000 52.706 6.780
3 14 5.000 52.706 6.780 5.012 48.757 7.143 4.791 48.710 5.629
3 14 5.000 52.706 6.780 4.997 56.636 6.320 4.315 56.695 7.689
3 14 4.315 56.695 7.689 4.206 52.776 8.087 5.000 52.706 6.780
3 14 4.206 52.776 8.087 4.315 56.695 7.689 2.864 56.712 8.176
3 14 2.864 56.712 8.176 2.720 52.785 8.452 4.206 52.776 8.087
3 14 2.720 52.785 8.452 2.864 56.712 8.176 1.493 56.677 7.495
3 14 1.493 56.677 7.495 1.411 52.726 7.661 2.720 52.785 8.452
3 14 1.411 52.726 7.661 1.493 56.677 7.495 1.006 56.610 6.046
3 14 1.006 56.610 6.046 1.046 52.635 6.177 1.411 52.726 7.661
3 14 1.046 52.635 6.177 1.006 56.610 6.046 1.688 56.551 4.677
3 14 1.688 56.551 4.677 1.840 52.564 4.870 1.046 52.635 6.177
3 14 1.840 52.564 4.870 1.688 56.551 4.677 3.139 56.534 4.190
3 14 3.139 56.534 4.190 3.326 52.556 4.505 1.840 52.564 4.870
3 14 3.326 52.556 4.505 3.139 56.534 4.190 4.509 56.570 4.870
3 14 4.509 56.570 4.870 4.635 52.614 5.296 3.326 52.556 4.505
3 14 4.635 52.614 5.296 4.509 56.570 4.870 4.997 56.636 6.320
3 14 4.997 56.636 6.320 5.000 52.706 6.780 4.635 52.614 5.296
3 14 4.315 56.695 7.689 4.997 56.636 6.320 5.000 60.571 6.153
3 14 5.000 60.571 6.153 4.393 60.332 7.538 4.315 56.695 7.689
3 14 2.864 56.712 8.176 4.315 56.695 7.689 4.393 60.332 7.538
3 14 4.393 60.332 7.538 2.970 60.234 8.094 2.864 56.712 8.176
3 14 2.864 56.712 8.176 2.970 60.234 8.094 1.565 60.335 7.495
3 14 1.565 60.335 7.495 1.493 56.677 7.495 2.864 56.712 8.176
3 14 1.493 56.677 7.495 1.565 60.335 7.495 1.000 60.575 6.093
3 14 1.000 60.575 6.093 1.006 56.610 6.046 1.493 56.677 7.495
3 14 1.688 56.551 4.677 1.006 56.610 6.046 1.000 60.575 6.093
3 14 1.000 60.575 6.093 1.607 60.815 4.708 1.688 56.551 4.677
3 14 3.139 56.534 4.190 1.688 56.551 4.677 1.607 60.815 4.708
3 14 1.607 60.815 4.708 3.030 60.913 4.152 3.139 56.534 4.190
3 14 3.139 56.534 4.190 3.030 60.913 4.152 4.435 60.812 4.751
3 14 4.435 60.812 4.751 4.509 56.570 4.870 3.139 56.534 4.190
3 14 4.509 56.570 4.870 4.435 60.812 4.751 5.000 60.571 6.153
3 14 5.000 60.571 6.153 4.997 56.636 6.320 4.509 56.570 4.870
3 14 4.393 60.332 7.538 5.000 60.571 6.153 5.000 64.265 7.498
3 14 5.000 64.265 7.498 4.414 63.520 8.701 4.393 60.332 7.538
3 14 2.970 60.234 8.094 4.393 60.332 7.538 4.414 63.520 8.701
3 14 4.414 63.520 8.701 3.000 63.212 9.199 2.970 60.234 8.094
3 14 1.565 60.335 7.495 2.970 60.234 8.094 3.000 63.212 9.199
3 14 3.000 63.212 9.199 1.586 63.520 8.701 1.565 60.335 7.495
3 14 1.000 60.575 6.093 1.565 60.335 7.495 1.586 63.520 8.701
3 14 1.586 63.520 8.701 1.000 64.265 7.498 1.000 60.575 6.093
3 14 1.607 60.815 4.708 1.000 60.575 6.093 1.000 64.265 7.498
3 14 1.000 64.265 7.498 1.586 65.010 6.296 1.607 60.815 4.708
3 14 3.030 60.913 4.152 1.607 60.815 4.708 1.586 65.010 6.296
3 14 1.586 65.010 6.296 3.000 65.318 5.798 3.030 60.913 4.152
3 14 4.435 60.812 4.751 3.030 60.913 4.152 3.000 65.318 5.798
3 14 3.000 65.318 5.798 4.414 65.010 6.296 4.435 60.812 4.751
3 14 5.000 60.571 6.153 4.435 60.812 4.751 4.414 65.010 6.296
3 14 4.414 65.010 6.296 5.000 64.265 7.498 5.000 60.571 6.153
3 14 4.414 63.520 8.701 5.000 64.265 7.498 5.000 67.140 10.191
3 14 5.000 67.140 10.191 4.414 65.989 11.012 4.414 63.520 8.701
3 14 3.000 63.212 9.199 4.414 63.520 8.701 4.414 65.989 11.012
3 14 4.414 65.989 11.012 3.000 65.512 11.352 3.000 63.212 9.199
3 14 1.586 63.520 8.701 3.000 63.212 9.199 3.000 65.512 11.352
3 14 3.000 65.512 11.352 1.586 65.989 11.012 1.586 63.520 8.701
3 14 1.000 64.265 7.498 1.586 63.520 8.701 1.586 65.989 11.012
3 14 1.586 65.989 11.012 1.000 67.140 10.191 1.000 64.265 7.498
3 14 1.586 65.010 6.296 1.000 64.265 7.498 1.000 67.140 10.191
3 14 1.000 67.140 10.191 1.586 68.292 9.369 1.586 65.010 6.296
3 14 3.000 65.318 5.798 1.586 65.010 6.296 1.586 68.292 9.369
3 14 1.586 68.292 9.369 3.000 68.768 9.029 3.000 65.318 5.798
3 14 4.414 65.010 6.296 3.000 65.318 5.798 3.000 68.768 9.029
3 14 3.000 68.768 9.029 4.414 68.292 9.369 4.414 65.010 6.296
3 14 5.000 64.265 7.498 4.414 65.010 6.296 4.414 68.292 9.369
3 14 4.414 68.292 9.369 5.000 67.140 10.191 5.000 64.265 7.498
3 14 4.414 65.989 11.012 5.000 67.140 10.191 5.000 68.751 13.786
3 14 5.000 68.751 13.786 4.414 67.372 14.098 4.414 65.989 11.012
3 14 3.000 65.512 11.352 4.414 65.989 11.012 4.414 67.372 14.098
3 14 4.414 67.372 14.098 3.000 66.800 14.228 3.000 65.512 11.352
3 14 1.586 65.989 11.012 3.000 65.512 11.352 3.000 66.800 14.228
3 14 3.000 66.800 14.228 1.586 67.372 14.098 1.586 65.989 11.012
3 14 1.000 67.140 10.191 1.586 65.989 11.012 1.586 67.372 14.098
3 14 1.586 67.372 14.098 1.000 68.751 13.786 1.000 67.140 10.191
3 14 1.586 68.292 9.369 1.000 67.140 10.191 1.000 68.751 13.786
3 14 1.000 68.751 13.786 1.586 70.130 13.473 1.586 68.292 9.369
3 14 3.000 68.768 9.029 1.586 68.292 9.369 1.586 70.130 13.473
3 14 1.586 70.130 13.473 3.000 70.701 13.343 3.000 68.768 9.029
3 14 4.414 68.292 9.369 3.000 68.768 9.029 3.000 70.701 13.343
3 14 3.000 70.701 13.343 4.414 70.130 13.473 4.414 68.292 9.369
3 14 5.000 67.140 10.191 4.414 68.292 9.369 4.414 70.130 13.473
3 14 4.414 70.130 13.473 5.000 68.751 13.786 5.000 67.140 10.191
3 14 4.414 67.372 14.098 5.000 68.751 13.786 5.000 68.848 17.723
3 14 5.000 68.848 17.723 4.414 67.455 17.479 4.414 67.372 14.098
3 14 3.000 66.800 14.228 4.414 67.372 14.098 4.414 67.455 17.479
3 14 4.414 67.455 17.479 3.000 66.878 17.378 3.000 66.800 14.228
3 14 1.586 67.372 14.098 3.000 66.800 14.228 3.000 66.878 17.378
3 14 3.000 66.878 17.378 1.586 67.455 17.479 1.586 67.372 14.098
3 14 1.000 68.751 13.786 1.586 67.372 14.098 1.586 67.455 17.479
3 14 1.586 67.455 17.479 1.000 68.848 17.723 1.000 68.751 13.786
3 14 1.586 70.130 13.473 1.000 68.751 13.786 1.000 68.848 17.723
3 14 1.000 68.848 17.723 1.586 70.241 17.967 1.586 70.130 13.473
3 14 3.000 70.701 13.343 1.586 70.130 13.473 1.586 70.241 17.967
3 14 1.586 70.241 17.967 3.000 70.818 18.068 3.000 70.701 13.343
3 14 4.414 70.130 13.473 3.000 70.701 13.343 3.000 70.818 18.068
3 14 3.000 70.818 18.068 4.414 70.241 17.967 4.414 70.130 13.473
3 14 5.000 68.751 13.786 4.414 70.130 13.473 4.414 70.241 17.967
3 14 4.414 70.241 17.967 5.000 68.848 17.723 5.000 68.751 13.786
3 14 4.414 67.455 17.479 5.000 68.848 17.723 5.000 67.418 21.392
3 14 5.000 67.418 21.392 4.414 66.227 20.629 4.414 67.455 17.479
3 14 3.000 66.878 17.378 4.414 67.455 17.479 4.414 66.227 20.629
3 14 4.414 66.227 20.629 3.000 65.734 20.313 3.000 66.878 17.378
3 14 1.586 67.455 17.479 3.000 66.878 17.378 3.000 65.734 20.313
3 14 3.000 65.734 20.313 1.586 66.227 20.629 1.586 67.455 17.479
3 14 1.000 68.848 17.723 1.586 67.455 17.479 1.586 66.227 20.629
3 14 1.586 66.227 20.629 1.000 67.418 21.392 1.000 68.848 17.723
3 14 1.586 70.241 17.967 1.000 68.848 17.723 1.000 67.418 21.392
3 14 1.000 67.418 21.392 1.586 68.608 22.155 1.586 70.241 17.967
3 14 3.000 70.818 18.068 1.586 70.241 17.967 1.586 68.608 22.155
3 14 1.586 68.608 22.155 3.000 69.102 22.471 3.000 70.818 18.068
3 14 4.414 70.241 17.967 3.000 70.818 18.068 3.000 69.102 22.471
3 14 3.000 69.102 22.471 4.414 68.608 22.155 4.414 70.241 17.967
3 14 5.000 68.848 17.723 4.414 70.241 17.967 4.414 68.608 22.155
3 14 4.414 68.608 22.155 5.000 67.418 21.392 5.000 68.848 17.723
3 14 4.414 66.227 20.629 5.000 67.418 21.392 5.000 64.683 24.225
3 14 5.000 64.683 24.225 4.414 63.879 23.061 4.414 66.227 20.629
3 14 3.000 65.734 20.313 4.414 66.227 20.629 4.414 63.879 23.061
3 14 4.414 63.879 23.061 3.000 63.546 22.579 3.000 65.734 20.313
3 14 1.586 66.227 20.629 3.000 65.734 20.313 3.000 63.546 22.579
3 14 3.000 63.546 22.579 1.586 63.879 23.061 1.586 66.227 20.629
3 14 1.000 67.418 21.392 1.586 66.227 20.629 1.586 63.879 23.061
3 14 1.586 63.879 23.061 1.000 64.683 24.225 1.000 67.418 21.392
3 14 1.586 68.608 22.155 1.000 67.418 21.392 1.000 64.683 24.225
3 14 1.000 64.683 24.225 1.586 65.487 25.388 1.586 68.608 22.155
3 14 3.000 69.102 22.471 1.586 68.608 22.155 1.586 65.487 25.388
3 14 1.586 65.487 25.388 3.000 65.820 25.870 3.000 69.102 22.471
3 14 4.414 68.608 22.155 3.000 69.102 22.471 3.000 65.820 25.870
3 14 3.000 65.820 25.870 4.414 65.487 25.388 4.414 68.608 22.155
3 14 5.000 67.418 21.392 4.414 68.608 22.155 4.414 65.487 25.388
3 14 4.414 65.487 25.388 5.000 64.683 24.225 5.000 67.418 21.392
3 14 4.414 63.879 23.061 5.000 64.683 24.225 5.000 61.078 25.778
3 14 5.000 61.078 25.778 4.415 60.709 24.413 4.414 63.879 23.061
3 14 3.000 63.546 22.579 4.414 63.879 23.061 4.415 60.709 24.413
3 14 4.415 60.709 24.413 3.001 60.548 23.849 3.000 63.546 22.579
3 14 1.586 63.879 23.061 3.000 63.546 22.579 3.001 60.548 23.849
3 14 3.001 60.548 23.849 1.586 60.691 24.417 1.586 63.879 23.061
3 14 1.000 64.683 24.225 1.586 63.879 23.061 1.586 60.691 24.417
3 14 1.586 60.691 24.417 1.000 61.053 25.783 1.000 64.683 24.225
3 14 1.586 65.487 25.388 1.000 64.683 24.225 1.000 61.053 25.783
3 14 1.000 61.053 25.783 1.585 61.423 27.149 1.586 65.487 25.388
3 14 3.000 65.820 25.870 1.586 65.487 25.388 1.585 61.423 27.149
3 14 1.585 61.423 27.149 2.999 61.583 27.713 3.000 65.820 25.870
3 14 4.414 65.487 25.388 3.000 65.820 25.870 2.999 61.583 27.713
3 14 2.999 61.583 27.713 4.414 61.440 27.145 4.414 65.487 25.388
3 14 5.000 64.683 24.225 4.414 65.487 25.388 4.414 61.440 27.145
3 14 4.414 61.440 27.145 5.000 61.078 25.778 5.000 64.683 24.225
3 14 4.415 60.709 24.413 5.000 61.078 25.778 5.050 57.194 26.261
3 14 5.050 57.194 26.261 4.481 57.021 24.851 4.415 60.709 24.413
3 14 3.001 60.548 23.849 4.415 60.709 24.413 4.481 57.021 24.851
3 14 4.481 57.021 24.851 3.075 56.912 24.256 3.001 60.548 23.849
3 14 1.586 60.691 24.417 3.001 60.548 23.849 3.075 56.912 24.256
3 14 3.075 56.912 24.256 1.654 56.931 24.827 1.586 60.691 24.417
3 14 1.000 61.053 25.783 1.586 60.691 24.417 1.654 56.931 24.827
3 14 1.654 56.931 24.827 1.052 57.067 26.228 1.000 61.053 25.783
3 14 1.585 61.423 27.149 1.000 61.053 25.783 1.052 57.067 26.228
3 14 1.052 57.067 26.228 1.621 57.241 27.638 1.585 61.423 27.149
3 14 2.999 61.583 27.713 1.585 61.423 27.149 1.621 57.241 27.638
3 14 1.621 57.241 27.638 3.027 57.350 28.232 2.999 61.583 27.713
3 14 4.414 61.440 27.145 2.999 61.583 27.713 3.027 57.350 28.232
3 14 3.027 57.350 28.232 4.448 57.330 27.662 4.414 61.440 27.145
3 14 5.000 61.078 25.778 4.414 61.440 27.145 4.448 57.330 27.662
3 14 4.448 57.330 27.662 5.050 57.194 26.261 5.000 61.078 25.778
3 14 4.481 57.021 24.851 5.050 57.194 26.261 5.238 53.326 26.721
3 14 5.238 53.326 26.721 4.712 53.145 25.295 4.481 57.021 24.851
3 14 3.075 56.912 24.256 4.481 57.021 24.851 4.712 53.145 25.295
3 14 4.712 53.145 25.295 3.326 52.992 24.663 3.075 56.912 24.256
3 14 1.654 56.931 24.827 3.075 56.912 24.256 3.326 52.992 24.663
3 14 3.326 52.992 24.663 1.892 52.956 25.196 1.654 56.931 24.827
3 14 1.052 57.067 26.228 1.654 56.931 24.827 1.892 52.956 25.196
3 14 1.892 52.956 25.196 1.249 53.059 26.582 1.052 57.067 26.228
3 14 1.621 57.241 27.638 1.052 57.067 26.228 1.249 53.059 26.582
3 14 1.249 53.059 26.582 1.775 53.240 28.008 1.621 57.241 27.638
3 14 3.027 57.350 28.232 1.621 57.241 27.638 1.775 53.240 28.008
3 14 1.775 53.240 28.008 3.160 53.393 28.639 3.027 57.350 28.232
3 14 4.448 57.330 27.662 3.027 57.350 28.232 3.160 53.393 28.639
3 14 3.160 53.393 28.639 4.595 53.429 28.106 4.448 57.330 27.662
3 14 5.050 57.194 26.261 4.448 57.330 27.662 4.595 53.429 28.106
3 14 4.595 53.429 28.106 5.238 53.326 26.721 5.050 57.194 26.261
3 14 4.712 53.145 25.295 5.238 53.326 26.721 5.535 49.459 27.198
3 14 5.535 49.459 27.198 5.064 49.265 25.754 4.712 53.145 25.295
3 14 3.326 52.992 24.663 4.712 53.145 25.295 5.064 49.265 25.754
3 14 5.064 49.265 25.754 3.707 49.069 25.075 3.326 52.992 24.663
3 14 1.892 52.956 25.196 3.326 52.992 24.663 3.707 49.069 25.075
3 14 3.707 49.069 25.075 2.257 48.986 25.559 1.892 52.956 25.196
3 14 1.249 53.059 26.582 1.892 52.956 25.196 2.257 48.986 25.559
3 14 2.257 48.986 25.559 1.564 49.064 26.922 1.249 53.059 26.582
3 14 1.775 53.240 28.008 1.249 53.059 26.582 1.564 49.064 26.922
3 14 1.564 49.064 26.922 2.034 49.258 28.365 1.775 53.240 28.008
3 14 3.160 53.393 28.639 1.775 53.240 28.008 2.034 49.258 28.365
3 14 2.034 49.258 28.365 3.392 49.454 29.044 3.160 53.393 28.639
3 14 4.595 53.429 28.106 3.160 53.393 28.639 3.392 49.454 29.044
3 14 3.392 49.454 29.044 4.842 49.537 28.561 4.595 53.429 28.106
3 14 5.238 53.326 26.721 4.595 53.429 28.106 4.842 49.537 28.561
3 14 4.842 49.537 28.561 5.535 49.459 27.198 5.238 53.326 26.721
3 14 5.535 49.459 27.198 6.350 41.682 28.143 5.977 41.484 26.671
3 14 5.977 41.484 26.671 5.064 49.265 25.754 5.535 49.459 27.198
3 14 5.064 49.265 25.754 5.977 41.484 26.671 4.672 41.249 25.908
3 14 4.672 41.249 25.908 3.707 49.069 25.075 5.064 49.265 25.754
3 14 3.707 49.069 25.075 4.672 41.249 25.908 3.198 41.114 26.299
3 14 3.198 41.114 26.299 2.257 48.986 25.559 3.707 49.069 25.075
3 14 2.257 48.986 25.559 3.198 41.114 26.299 2.419 41.159 27.617
3 14 2.419 41.159 27.617 1.564 49.064 26.922 2.257 48.986 25.559
3 14 1.564 49.064 26.922 2.419 41.159 27.617 2.792 41.357 29.088
3 14 2.792 41.357 29.088 2.034 49.258 28.365 1.564 49.064 26.922
3 14 2.034 49.258 28.365 2.792 41.357 29.088 4.098 41.592 29.852
3 14 4.098 41.592 29.852 3.392 49.454 29.044 2.034 49.258 28.365
3 14 3.392 49.454 29.044 4.098 41.592 29.852 5.572 41.727 29.460
3 14 5.572 41.727 29.460 4.842 49.537 28.561 3.392 49.454 29.044
3 14 4.842 49.537 28.561 5.572 41.727 29.460 6.350 41.682 28.143
3 14 6.350 41.682 28.143 5.535 49.459 27.198 4.842 49.537 28.561
3 14 6.350 41.682 28.143 9.801 13.863 31.711 9.943 13.718 30.193
3 14 9.943 13.718 30.193 5.977 41.484 26.671 6.350 41.682 28.143
3 14 5.977 41.484 26.671 9.943 13.718 30.193 8.973 13.482 29.033
3 14 8.973 13.482 29.033 4.672 41.249 25.908 5.977 41.484 26.671
3 14 4.672 41.249 25.908 8.973 13.482 29.033 7.459 13.294 28.909
3 14 7.459 13.294 28.909 3.198 41.114 26.299 4.672 41.249 25.908
3 14 3.198 41.114 26.299 7.459 13.294 28.909 6.288 13.263 29.894
3 14 6.288 13.263 29.894 2.419 41.159 27.617 3.198 41.114 26.299
3 14 2.419 41.159 27.617 6.288 13.263 29.894 6.146 13.409 31.411
3 14 6.146 13.409 31.411 2.792 41.357 29.088 2.419 41.159 27.617
3 14 2.792 41.357 29.088 6.146 13.409 31.411 7.115 13.645 32.572
3 14 7.115 13.645 32.572 4.098 41.592 29.852 2.792 41.357 29.088
3 14 4.098 41.592 29.852 7.115 13.645 32.572 8.629 13.833 32.696
3 14 8.629 13.833 32.696 5.572 41.727 29.460 4.098 41.592 29.852
3 14 5.572 41.727 29.460 8.629 13.833 32.696 9.801 13.863 31.711
3 14 9.801 13.863 31.711 6.350 41.682 28.143 5.572 41.727 29.460
3 14 9.801 13.863 31.711 9.761 9.907 32.685 10.426 9.821 31.309
3 14 10.426 9.821 31.309 9.943 13.718 30.193 9.801 13.863 31.711
3 14 9.943 13.718 30.193 10.426 9.821 31.309 9.926 9.629 29.875
3 14 9.926 9.629 29.875 8.973 13.482 29.033 9.943 13.718 30.193
3 14 8.973 13.482 29.033 9.926 9.629 29.875 8.554 9.443 29.223
3 14 8.554 9.443 29.223 7.459 13.294 28.909 8.973 13.482 29.033
3 14 7.459 13.294 28.909 8.554 9.443 29.223 7.113 9.373 29.734
3 14 7.113 9.373 29.734 6.288 13.263 29.894 7.459 13.294 28.909
3 14 6.288 13.263 29.894 7.113 9.373 29.734 6.448 9.459 31.110
3 14 6.448 9.459 31.110 6.146 13.409 31.411 6.288 13.263 29.894
3 14 6.146 13.409 31.411 6.448 9.459 31.110 6.947 9.651 32.544
3 14 6.947 9.651 32.544 7.115 13.645 32.572 6.146 13.409 31.411
3 14 7.115 13.645 32.572 6.947 9.651 32.544 8.320 9.836 33.197
3 14 8.320 9.836 33.197 8.629 13.833 32.696 7.115 13.645 32.572
3 14 8.629 13.833 32.696 8.320 9.836 33.197 9.761 9.907 32.685
3 14 9.761 9.907 32.685 9.801 13.863 31.711 8.629 13.833 32.696
3 14 9.761 9.907 32.685 9.842 5.932 33.254 10.681 5.842 31.977
3 14 10.681 5.842 31.977 10.426 9.821 31.309 9.761 9.907 32.685
3 14 10.426 9.821 31.309 10.681 5.842 31.977 10.370 5.673 30.487
3 14 10.370 5.673 30.487 9.926 9.629 29.875 10.426 9.821 31.309
3 14 9.926 9.629 29.875 10.370 5.673 30.487 9.092 5.523 29.659
3 14 9.092 5.523 29.659 8.554 9.443 29.223 9.926 9.629 29.875
3 14 8.554 9.443 29.223 9.092 5.523 29.659 7.595 5.482 29.976
3 14 7.595 5.482 29.976 7.113 9.373 29.734 8.554 9.443 29.223
3 14 7.113 9.373 29.734 7.595 5.482 29.976 6.756 5.572 31.253
3 14 6.756 5.572 31.253 6.448 9.459 31.110 7.113 9.373 29.734
3 14 6.448 9.459 31.110 6.756 5.572 31.253 7.067 5.741 32.743
3 14 7.067 5.741 32.743 6.947 9.651 32.544 6.448 9.459 31.110
3 14 6.947 9.651 32.544 7.067 5.741 32.743 8.345 5.890 33.571
3 14 8.345 5.890 33.571 8.320 9.836 33.197 6.947 9.651 32.544
3 14 8.320 9.836 33.197 8.345 5.890 33.571 9.842 5.932 33.254
3 14 9.842 5.932 33.254 9.761 9.907 32.685 8.320 9.836 33.197
3 14 9.842 5.932 33.254 9.724 1.937 33.797 10.727 1.809 32.647
3 14 10.727 1.809 32.647 10.681 5.842 31.977 9.842 5.932 33.254
3 14 10.681 5.842 31.977 10.727 1.809 32.647 10.617 1.655 31.128
3 14 10.617 1.655 31.128 10.370 5.673 30.487 10.681 5.842 31.977
3 14 10.370 5.673 30.487 10.617 1.655 31.128 9.461 1.566 30.129
3 14 9.461 1.566 30.129 9.092 5.523 29.659 10.370 5.673 30.487
3 14 9.092 5.523 29.659 9.461 1.566 30.129 7.934 1.593 30.236
3 14 7.934 1.593 30.236 7.595 5.482 29.976 9.092 5.523 29.659
3 14 7.595 5.482 29.976 7.934 1.593 30.236 6.931 1.721 31.386
3 14 6.931 1.721 31.386 6.756 5.572 31.253 7.595 5.482 29.976
3 14 6.756 5.572 31.253 6.931 1.721 31.386 7.041 1.875 32.905
3 14 7.041 1.875 32.905 7.067 5.741 32.743 6.756 5.572 31.253
3 14 7.067 5.741 32.743 7.041 1.875 32.905 8.197 1.964 33.904
3 14 8.197 1.964 33.904 8.345 5.890 33.571 7.067 5.741 32.743
3 14 8.345 5.890 33.571 8.197 1.964 33.904 9.724 1.937 33.797
3 14 9.724 1.937 33.797 9.842 5.932 33.254 8.345 5.890 33.571
3 14 9.724 1.937 33.797 9.280 -2.069 34.300 10.417 -2.320 33.306
3 14 10.417 -2.320 33.306 10.727 1.809 32.647 9.724 1.937 33.797
3 14 10.727 1.809 32.647 10.417 -2.320 33.306 10.511 -2.484 31.787
3 14 10.511 -2.484 31.787 10.617 1.655 31.128 10.727 1.809 32.647
3 14 10.617 1.655 31.128 10.511 -2.484 31.787 9.506 -2.467 30.633
3 14 9.506 -2.467 30.633 9.461 1.566 30.129 10.617 1.655 31.128
3 14 9.461 1.566 30.129 9.506 -2.467 30.633 7.992 -2.277 30.518
3 14 7.992 -2.277 30.518 7.934 1.593 30.236 9.461 1.566 30.129
3 14 7.934 1.593 30.236 7.992 -2.277 30.518 6.854 -2.027 31.512
3 14 6.854 -2.027 31.512 6.931 1.721 31.386 7.934 1.593 30.236
3 14 6.931 1.721 31.386 6.854 -2.027 31.512 6.760 -1.862 33.031
3 14 6.760 -1.862 33.031 7.041 1.875 32.905 6.931 1.721 31.386
3 14 7.041 1.875 32.905 6.760 -1.862 33.031 7.765 -1.880 34.186
3 14 7.765 -1.880 34.186 8.197 1.964 33.904 7.041 1.875 32.905
3 14 8.197 1.964 33.904 7.765 -1.880 34.186 9.280 -2.069 34.300
3 14 9.280 -2.069 34.300 9.724 1.937 33.797 8.197 1.964 33.904
3 14 9.280 -2.069 34.300 8.163 -6.016 34.741 9.294 -6.662 33.938
3 14 9.294 -6.662 33.938 10.417 -2.320 33.306 9.280 -2.069 34.300
3 14 10.417 -2.320 33.306 9.294 -6.662 33.938 9.549 -6.933 32.453
3 14 9.549 -6.933 32.453 10.511 -2.484 31.787 10.417 -2.320 33.306
3 14 10.511 -2.484 31.787 9.549 -6.933 32.453 8.779 -6.669 31.157
3 14 8.779 -6.669 31.157 9.506 -2.467 30.633 10.511 -2.484 31.787
3 14 9.506 -2.467 30.633 8.779 -6.669 31.157 7.434 -6.026 30.808
3 14 7.434 -6.026 30.808 7.992 -2.277 30.518 9.506 -2.467 30.633
3 14 7.992 -2.277 30.518 7.434 -6.026 30.808 6.303 -5.379 31.612
3 14 6.303 -5.379 31.612 6.854 -2.027 31.512 7.992 -2.277 30.518
3 14 6.854 -2.027 31.512 6.303 -5.379 31.612 6.048 -5.108 33.097
3 14 6.048 -5.108 33.097 6.760 -1.862 33.031 6.854 -2.027 31.512
3 14 6.760 -1.862 33.031 6.048 -5.108 33.097 6.819 -5.372 34.393
3 14 6.819 -5.372 34.393 7.765 -1.880 34.186 6.760 -1.862 33.031
3 14 7.765 -1.880 34.186 6.819 -5.372 34.393 8.163 -6.016 34.741
3 14 8.163 -6.016 34.741 9.280 -2.069 34.300 7.765 -1.880 34.186
3 14 8.163 -6.016 34.741 5.372 -8.952 34.996 6.048 -10.166 34.354
3 14 6.048 -10.166 34.354 9.294 -6.662 33.938 8.163 -6.016 34.741
3 14 9.294 -6.662 33.938 6.048 -10.166 34.354 6.271 -10.647 32.919
3 14 6.271 -10.647 32.919 9.549 -6.933 32.453 9.294 -6.662 33.938
3 14 9.549 -6.933 32.453 6.271 -10.647 32.919 5.911 -10.114 31.530
3 14 5.911 -10.114 31.530 8.779 -6.669 31.157 9.549 -6.933 32.453
3 14 8.779 -6.669 31.157 5.911 -10.114 31.530 5.179 -8.877 31.002
3 14 5.179 -8.877 31.002 7.434 -6.026 30.808 8.779 -6.669 31.157
3 14 7.434 -6.026 30.808 5.179 -8.877 31.002 4.504 -7.663 31.643
3 14 4.504 -7.663 31.643 6.303 -5.379 31.612 7.434 -6.026 30.808
3 14 6.303 -5.379 31.612 4.504 -7.663 31.643 4.281 -7.182 33.079
3 14 4.281 -7.182 33.079 6.048 -5.108 33.097 6.303 -5.379 31.612
3 14 6.048 -5.108 33.097 4.281 -7.182 33.079 4.640 -7.715 34.468
3 14 4.640 -7.715 34.468 6.819 -5.372 34.393 6.048 -5.108 33.097
3 14 6.819 -5.372 34.393 4.640 -7.715 34.468 5.372 -8.952 34.996
3 14 5.372 -8.952 34.996 8.163 -6.016 34.741 6.819 -5.372 34.393
3 14 6.048 -10.166 34.354 5.372 -8.952 34.996 1.354 -9.710 34.974
3 14 1.354 -9.710 34.974 1.469 -11.110 34.365 6.048 -10.166 34.354
3 14 6.271 -10.647 32.919 6.048 -10.166 34.354 1.469 -11.110 34.365
3 14 1.469 -11.110 34.365 1.536 -11.670 32.942 6.271 -10.647 32.919
3 14 5.911 -10.114 31.530 6.271 -10.647 32.919 1.536 -11.670 32.942
3 14 1.536 -11.670 32.942 1.516 -11.061 31.538 5.911 -10.114 31.530
3 14 5.179 -8.877 31.002 5.911 -10.114 31.530 1.516 -11.061 31.538
3 14 1.516 -11.061 31.538 1.419 -9.641 30.975 5.179 -8.877 31.002
3 14 4.504 -7.663 31.643 5.179 -8.877 31.002 1.419 -9.641 30.975
3 14 1.419 -9.641 30.975 1.304 -8.241 31.583 4.504 -7.663 31.643
3 14 4.281 -7.182 33.079 4.504 -7.663 31.643 1.304 -8.241 31.583
3 14 1.304 -8.241 31.583 1.237 -7.681 33.006 4.281 -7.182 33.079
3 14 4.640 -7.715 34.468 4.281 -7.182 33.079 1.237 -7.681 33.006
3 14 1.237 -7.681 33.006 1.258 -8.290 34.411 4.640 -7.715 34.468
3 14 5.372 -8.952 34.996 4.640 -7.715 34.468 1.258 -8.290 34.411
3 14 1.258 -8.290 34.411 1.354 -9.710 34.974 5.372 -8.952 34.996
3 14 1.469 -11.110 34.365 1.354 -9.710 34.974 -2.679 -9.601 34.859
3 14 -2.679 -9.601 34.859 -2.985 -10.941 34.185 1.469 -11.110 34.365
3 14 1.536 -11.670 32.942 1.469 -11.110 34.365 -2.985 -10.941 34.185
3 14 -2.985 -10.941 34.185 -3.040 -11.437 32.738 1.536 -11.670 32.942
3 14 1.516 -11.061 31.538 1.536 -11.670 32.942 -3.040 -11.437 32.738
3 14 -3.040 -11.437 32.738 -2.811 -10.800 31.366 1.516 -11.061 31.538
3 14 1.419 -9.641 30.975 1.516 -11.061 31.538 -2.811 -10.800 31.366
3 14 -2.811 -10.800 31.366 -2.431 -9.401 30.872 1.419 -9.641 30.975
3 14 1.304 -8.241 31.583 1.419 -9.641 30.975 -2.431 -9.401 30.872
3 14 -2.431 -9.401 30.872 -2.125 -8.061 31.545 1.304 -8.241 31.583
3 14 1.237 -7.681 33.006 1.304 -8.241 31.583 -2.125 -8.061 31.545
3 14 -2.125 -8.061 31.545 -2.070 -7.565 32.992 1.237 -7.681 33.006
3 14 1.258 -8.290 34.411 1.237 -7.681 33.006 -2.070 -7.565 32.992
3 14 -2.070 -7.565 32.992 -2.299 -8.203 34.365 1.258 -8.290 34.411
3 14 1.354 -9.710 34.974 1.258 -8.290 34.411 -2.299 -8.203 34.365
3 14 -2.299 -8.203 34.365 -2.679 -9.601 34.859 1.354 -9.710 34.974
3 14 -2.679 -9.601 34.859 -6.436 -7.959 34.589 -7.211 -8.984 33.756
3 14 -7.211 -8.984 33.756 -2.985 -10.941 34.185 -2.679 -9.601 34.859
3 14 -2.985 -10.941 34.185 -7.211 -8.984 33.756 -7.320 -9.307 32.264
3 14 -7.320 -9.307 32.264 -3.040 -11.437 32.738 -2.985 -10.941 34.185
3 14 -3.040 -11.437 32.738 -7.320 -9.307 32.264 -6.700 -8.737 30.986
3 14 -6.700 -8.737 30.986 -2.811 -10.800 31.366 -3.040 -11.437 32.738
3 14 -2.811 -10.800 31.366 -6.700 -8.737 30.986 -5.713 -7.610 30.670
3 14 -5.713 -7.610 30.670 -2.431 -9.401 30.872 -2.811 -10.800 31.366
3 14 -2.431 -9.401 30.872 -5.713 -7.610 30.670 -4.939 -6.585 31.503
3 14 -4.939 -6.585 31.503 -2.125 -8.061 31.545 -2.431 -9.401 30.872
3 14 -2.125 -8.061 31.545 -4.939 -6.585 31.503 -4.830 -6.263 32.995
3 14 -4.830 -6.263 32.995 -2.070 -7.565 32.992 -2.125 -8.061 31.545
3 14 -2.070 -7.565 32.992 -4.830 -6.263 32.995 -5.450 -6.832 34.273
3 14 -5.450 -6.832 34.273 -2.299 -8.203 34.365 -2.070 -7.565 32.992
3 14 -2.299 -8.203 34.365 -5.450 -6.832 34.273 -6.436 -7.959 34.589
3 14 -6.436 -7.959 34.589 -2.679 -9.601 34.859 -2.299 -8.203 34.365
3 14 -6.436 -7.959 34.589 -9.097 -4.760 34.142 -10.036 -5.338 33.080
3 14 -10.036 -5.338 33.080 -7.211 -8.984 33.756 -6.436 -7.959 34.589
3 14 -7.211 -8.984 33.756 -10.036 -5.338 33.080 -9.989 -5.482 31.557
3 14 -9.989 -5.482 31.557 -7.320 -9.307 32.264 -7.211 -8.984 33.756
3 14 -7.320 -9.307 32.264 -9.989 -5.482 31.557 -8.985 -5.106 30.464
3 14 -8.985 -5.106 30.464 -6.700 -8.737 30.986 -7.320 -9.307 32.264
3 14 -6.700 -8.737 30.986 -8.985 -5.106 30.464 -7.611 -4.431 30.443
3 14 -7.611 -4.431 30.443 -5.713 -7.610 30.670 -6.700 -8.737 30.986
3 14 -5.713 -7.610 30.670 -7.611 -4.431 30.443 -6.673 -3.853 31.505
3 14 -6.673 -3.853 31.505 -4.939 -6.585 31.503 -5.713 -7.610 30.670
3 14 -4.939 -6.585 31.503 -6.673 -3.853 31.505 -6.719 -3.710 33.028
3 14 -6.719 -3.710 33.028 -4.830 -6.263 32.995 -4.939 -6.585 31.503
3 14 -4.830 -6.263 32.995 -6.719 -3.710 33.028 -7.724 -4.085 34.120
3 14 -7.724 -4.085 34.120 -5.450 -6.832 34.273 -4.830 -6.263 32.995
3 14 -5.450 -6.832 34.273 -7.724 -4.085 34.120 -9.097 -4.760 34.142
3 14 -9.097 -4.760 34.142 -6.436 -7.959 34.589 -5.450 -6.832 34.273
3 14 -9.097 -4.760 34.142 -10.632 -0.899 33.576 -11.430 -1.188 32.302
3 14 -11.430 -1.188 32.302 -10.036 -5.338 33.080 -9.097 -4.760 34.142
3 14 -10.036 -5.338 33.080 -11.430 -1.188 32.302 -11.096 -1.267 30.811
3 14 -11.096 -1.267 30.811 -9.989 -5.482 31.557 -10.036 -5.338 33.080
3 14 -9.989 -5.482 31.557 -11.096 -1.267 30.811 -9.826 -1.089 29.975
3 14 -9.826 -1.089 29.975 -8.985 -5.106 30.464 -9.989 -5.482 31.557
3 14 -8.985 -5.106 30.464 -9.826 -1.089 29.975 -8.364 -0.759 30.285
3 14 -8.364 -0.759 30.285 -7.611 -4.431 30.443 -8.985 -5.106 30.464
3 14 -7.611 -4.431 30.443 -8.364 -0.759 30.285 -7.566 -0.470 31.559
3 14 -7.566 -0.470 31.559 -6.673 -3.853 31.505 -7.611 -4.431 30.443
3 14 -6.673 -3.853 31.505 -7.566 -0.470 31.559 -7.900 -0.392 33.051
3 14 -7.900 -0.392 33.051 -6.719 -3.710 33.028 -6.673 -3.853 31.505
3 14 -6.719 -3.710 33.028 -7.900 -0.392 33.051 -9.170 -0.569 33.886
3 14 -9.170 -0.569 33.886 -7.724 -4.085 34.120 -6.719 -3.710 33.028
3 14 -7.724 -4.085 34.120 -9.170 -0.569 33.886 -10.632 -0.899 33.576
3 14 -10.632 -0.899 33.576 -9.097 -4.760 34.142 -7.724 -4.085 34.120
3 14 -10.632 -0.899 33.576 -11.362 3.139 32.964 -11.924 2.977 31.550
3 14 -11.924 2.977 31.550 -11.430 -1.188 32.302 -10.632 -0.899 33.576
3 14 -11.430 -1.188 32.302 -11.924 2.977 31.550 -11.316 2.881 30.148
3 14 -11.316 2.881 30.148 -11.096 -1.267 30.811 -11.430 -1.188 32.302
3 14 -11.096 -1.267 30.811 -11.316 2.881 30.148 -9.895 2.909 29.580
3 14 -9.895 2.909 29.580 -9.826 -1.089 29.975 -11.096 -1.267 30.811
3 14 -9.826 -1.089 29.975 -9.895 2.909 29.580 -8.493 3.044 30.179
3 14 -8.493 3.044 30.179 -8.364 -0.759 30.285 -9.826 -1.089 29.975
3 14 -8.364 -0.759 30.285 -8.493 3.044 30.179 -7.931 3.207 31.593
3 14 -7.931 3.207 31.593 -7.566 -0.470 31.559 -8.364 -0.759 30.285
3 14 -7.566 -0.470 31.559 -7.931 3.207 31.593 -8.539 3.303 32.995
3 14 -8.539 3.303 32.995 -7.900 -0.392 33.051 -7.566 -0.470 31.559
3 14 -7.900 -0.392 33.051 -8.539 3.303 32.995 -9.960 3.275 33.563
3 14 -9.960 3.275 33.563 -9.170 -0.569 33.886 -7.900 -0.392 33.051
3 14 -9.170 -0.569 33.886 -9.960 3.275 33.563 -11.362 3.139 32.964
3 14 -11.362 3.139 32.964 -10.632 -0.899 33.576 -9.170 -0.569 33.886
3 14 -11.362 3.139 32.964 -11.577 7.189 32.366 -11.915 7.066 30.878
3 14 -11.915 7.066 30.878 -11.924 2.977 31.550 -11.362 3.139 32.964
3 14 -11.924 2.977 31.550 -11.915 7.066 30.878 -11.100 6.927 29.590
3 14 -11.100 6.927 29.590 -11.316 2.881 30.148 -11.924 2.977 31.550
3 14 -11.316 2.881 30.148 -11.100 6.927 29.590 -9.607 6.853 29.257
3 14 -9.607 6.853 29.257 -9.895 2.909 29.580 -11.316 2.881 30.148
3 14 -9.895 2.909 29.580 -9.607 6.853 29.257 -8.313 6.889 30.073
3 14 -8.313 6.889 30.073 -8.493 3.044 30.179 -9.895 2.909 29.580
3 14 -8.493 3.044 30.179 -8.313 6.889 30.073 -7.974 7.012 31.561
3 14 -7.974 7.012 31.561 -7.931 3.207 31.593 -8.493 3.044 30.179
3 14 -7.931 3.207 31.593 -7.974 7.012 31.561 -8.790 7.151 32.849
3 14 -8.790 7.151 32.849 -8.539 3.303 32.995 -7.931 3.207 31.593
3 14 -8.539 3.303 32.995 -8.790 7.151 32.849 -10.282 7.225 33.182
3 14 -10.282 7.225 33.182 -9.960 3.275 33.563 -8.539 3.303 32.995
3 14 -9.960 3.275 33.563 -10.282 7.225 33.182 -11.577 7.189 32.366
3 14 -11.577 7.189 32.366 -11.362 3.139 32.964 -9.960 3.275 33.563
3 14 -11.577 7.189 32.366 -11.452 11.212 31.806 -11.607 11.092 30.288
3 14 -11.607 11.092 30.288 -11.915 7.066 30.878 -11.577 7.189 32.366
3 14 -11.915 7.066 30.878 -11.607 11.092 30.288 -10.643 10.906 29.113
3 14 -10.643 10.906 29.113 -11.100 6.927 29.590 -11.915 7.066 30.878
3 14 -11.100 6.927 29.590 -10.643 10.906 29.113 -9.126 10.764 28.970
3 14 -9.126 10.764 28.970 -9.607 6.853 29.257 -11.100 6.927 29.590
3 14 -9.607 6.853 29.257 -9.126 10.764 28.970 -7.943 10.748 29.942
3 14 -7.943 10.748 29.942 -8.313 6.889 30.073 -9.607 6.853 29.257
3 14 -8.313 6.889 30.073 -7.943 10.748 29.942 -7.789 10.868 31.460
3 14 -7.789 10.868 31.460 -7.974 7.012 31.561 -8.313 6.889 30.073
3 14 -7.974 7.012 31.561 -7.789 10.868 31.460 -8.752 11.054 32.635
3 14 -8.752 11.054 32.635 -8.790 7.151 32.849 -7.974 7.012 31.561
3 14 -8.790 7.151 32.849 -8.752 11.054 32.635 -10.270 11.196 32.778
3 14 -10.270 11.196 32.778 -10.282 7.225 33.182 -8.790 7.151 32.849
3 14 -10.282 7.225 33.182 -10.270 11.196 32.778 -11.452 11.212 31.806
3 14 -11.452 11.212 31.806 -11.577 7.189 32.366 -10.282 7.225 33.182
3 14 -11.452 11.212 31.806 -11.101 15.200 31.288 -11.111 15.069 29.763
3 14 -11.111 15.069 29.763 -11.607 11.092 30.288 -11.452 11.212 31.806
3 14 -11.607 11.092 30.288 -11.111 15.069 29.763 -10.044 14.842 28.689
3 14 -10.044 14.842 28.689 -10.643 10.906 29.113 -11.607 11.092 30.288
3 14 -10.643 10.906 29.113 -10.044 14.842 28.689 -8.525 14.653 28.696
3 14 -8.525 14.653 28.696 -9.126 10.764 28.970 -10.643 10.906 29.113
3 14 -9.126 10.764 28.970 -8.525 14.653 28.696 -7.444 14.612 29.779
3 14 -7.444 14.612 29.779 -7.943 10.748 29.942 -9.126 10.764 28.970
3 14 -7.943 10.748 29.942 -7.444 14.612 29.779 -7.434 14.743 31.304
3 14 -7.434 14.743 31.304 -7.789 10.868 31.460 -7.943 10.748 29.942
3 14 -7.789 10.868 31.460 -7.434 14.743 31.304 -8.501 14.970 32.378
3 14 -8.501 14.970 32.378 -8.752 11.054 32.635 -7.789 10.868 31.460
3 14 -8.752 11.054 32.635 -8.501 14.970 32.378 -10.020 15.159 32.371
3 14 -10.020 15.159 32.371 -10.270 11.196 32.778 -8.752 11.054 32.635
3 14 -10.270 11.196 32.778 -10.020 15.159 32.371 -11.101 15.200 31.288
3 14 -11.101 15.200 31.288 -11.452 11.212 31.806 -10.270 11.196 32.778
3 14 -11.101 15.200 31.288 -10.593 19.162 30.805 -10.488 19.014 29.285
3 14 -10.488 19.014 29.285 -11.111 15.069 29.763 -11.101 15.200 31.288
3 14 -11.111 15.069 29.763 -10.488 19.014 29.285 -9.347 18.752 28.299
3 14 -9.347 18.752 28.299 -10.044 14.842 28.689 -11.111 15.069 29.763
3 14 -10.044 14.842 28.689 -9.347 18.752 28.299 -7.838 18.527 28.425
3 14 -7.838 18.527 28.425 -8.525 14.653 28.696 -10.044 14.842 28.689
3 14 -8.525 14.653 28.696 -7.838 18.527 28.425 -6.846 18.472 29.589
3 14 -6.846 18.472 29.589 -7.444 14.612 29.779 -8.525 14.653 28.696
3 14 -7.444 14.612 29.779 -6.846 18.472 29.589 -6.951 18.619 31.109
3 14 -6.951 18.619 31.109 -7.434 14.743 31.304 -7.444 14.612 29.779
3 14 -7.434 14.743 31.304 -6.951 18.619 31.109 -8.092 18.882 32.095
3 14 -8.092 18.882 32.095 -8.501 14.970 32.378 -7.434 14.743 31.304
3 14 -8.501 14.970 32.378 -8.092 18.882 32.095 -9.601 19.107 31.969
3 14 -9.601 19.107 31.969 -10.020 15.159 32.371 -8.501 14.970 32.378
3 14 -10.020 15.159 32.371 -9.601 19.107 31.969 -10.593 19.162 30.805
3 14 -10.593 19.162 30.805 -11.101 15.200 31.288 -10.020 15.159 32.371
3 14 -10.593 19.162 30.805 -9.299 26.986 29.980 -9.074 26.816 28.476
3 14 -9.074 26.816 28.476 -10.488 19.014 29.285 -10.593 19.162 30.805
3 14 -10.488 19.014 29.285 -9.074 26.816 28.476 -7.861 26.522 27.589
3 14 -7.861 26.522 27.589 -9.347 18.752 28.299 -10.488 19.014 29.285
3 14 -9.347 18.752 28.299 -7.861 26.522 27.589 -6.371 26.276 27.840
3 14 -6.371 26.276 27.840 -7.838 18.527 28.425 -9.347 18.752 28.299
3 14 -7.838 18.527 28.425 -6.371 26.276 27.840 -5.477 26.221 29.082
3 14 -5.477 26.221 29.082 -6.846 18.472 29.589 -7.838 18.527 28.425
3 14 -6.846 18.472 29.589 -5.477 26.221 29.082 -5.703 26.391 30.586
3 14 -5.703 26.391 30.586 -6.951 18.619 31.109 -6.846 18.472 29.589
3 14 -6.951 18.619 31.109 -5.703 26.391 30.586 -6.916 26.685 31.473
3 14 -6.916 26.685 31.473 -8.092 18.882 32.095 -6.951 18.619 31.109
3 14 -8.092 18.882 32.095 -6.916 26.685 31.473 -8.405 26.932 31.222
3 14 -8.405 26.932 31.222 -9.601 19.107 31.969 -8.092 18.882 32.095
3 14 -9.601 19.107 31.969 -8.405 26.932 31.222 -9.299 26.986 29.980
3 14 -9.299 26.986 29.980 -10.593 19.162 30.805 -9.601 19.107 31.969
3 14 -9.299 26.986 29.980 -5.676 46.374 28.097 -5.284 46.179 26.630
3 14 -5.284 46.179 26.630 -9.074 26.816 28.476 -9.299 26.986 29.980
3 14 -9.074 26.816 28.476 -5.284 46.179 26.630 -3.977 45.886 25.888
3 14 -3.977 45.886 25.888 -7.861 26.522 27.589 -9.074 26.816 28.476
3 14 -7.861 26.522 27.589 -3.977 45.886 25.888 -2.521 45.666 26.306
3 14 -2.521 45.666 26.306 -6.371 26.276 27.840 -7.861 26.522 27.589
3 14 -6.371 26.276 27.840 -2.521 45.666 26.306 -1.769 45.648 27.639
3 14 -1.769 45.648 27.639 -5.477 26.221 29.082 -6.371 26.276 27.840
3 14 -5.477 26.221 29.082 -1.769 45.648 27.639 -2.161 45.843 29.106
3 14 -2.161 45.843 29.106 -5.703 26.391 30.586 -5.477 26.221 29.082
3 14 -5.703 26.391 30.586 -2.161 45.843 29.106 -3.467 46.136 29.848
3 14 -3.467 46.136 29.848 -6.916 26.685 31.473 -5.703 26.391 30.586
3 14 -6.916 26.685 31.473 -3.467 46.136 29.848 -4.923 46.356 29.429
3 14 -4.923 46.356 29.429 -8.405 26.932 31.222 -6.916 26.685 31.473
3 14 -8.405 26.932 31.222 -4.923 46.356 29.429 -5.676 46.374 28.097
3 14 -5.676 46.374 28.097 -9.299 26.986 29.980 -8.405 26.932 31.222
3 14 -5.676 46.374 28.097 -5.064 50.212 27.613 -4.563 50.012 26.181
3 14 -4.563 50.012 26.181 -5.284 46.179 26.630 -5.676 46.374 28.097
3 14 -5.284 46.179 26.630 -4.563 50.012 26.181 -3.199 49.751 25.538
3 14 -3.199 49.751 25.538 -3.977 45.886 25.888 -5.284 46.179 26.630
3 14 -3.977 45.886 25.888 -3.199 49.751 25.538 -1.770 49.584 26.061
3 14 -1.770 49.584 26.061 -2.521 45.666 26.306 -3.977 45.886 25.888
3 14 -2.521 45.666 26.306 -1.770 49.584 26.061 -1.114 49.607 27.444
3 14 -1.114 49.607 27.444 -1.769 45.648 27.639 -2.521 45.666 26.306
3 14 -1.769 45.648 27.639 -1.114 49.607 27.444 -1.615 49.807 28.876
3 14 -1.615 49.807 28.876 -2.161 45.843 29.106 -1.769 45.648 27.639
3 14 -2.161 45.843 29.106 -1.615 49.807 28.876 -2.980 50.067 29.519
3 14 -2.980 50.067 29.519 -3.467 46.136 29.848 -2.161 45.843 29.106
3 14 -3.467 46.136 29.848 -2.980 50.067 29.519 -4.408 50.235 28.996
3 14 -4.408 50.235 28.996 -4.923 46.356 29.429 -3.467 46.136 29.848
3 14 -4.923 46.356 29.429 -4.408 50.235 28.996 -5.064 50.212 27.613
3 14 -5.064 50.212 27.613 -5.676 46.374 28.097 -4.923 46.356 29.429
3 14 -4.563 50.012 26.181 -5.064 50.212 27.613 -4.540 54.059 27.242
3 14 -4.540 54.059 27.242 -4.014 53.871 25.817 -4.563 50.012 26.181
3 14 -3.199 49.751 25.538 -4.563 50.012 26.181 -4.014 53.871 25.817
3 14 -4.014 53.871 25.817 -2.633 53.655 25.193 -3.199 49.751 25.538
3 14 -1.770 49.584 26.061 -3.199 49.751 25.538 -2.633 53.655 25.193
3 14 -2.633 53.655 25.193 -1.206 53.536 25.735 -1.770 49.584 26.061
3 14 -1.114 49.607 27.444 -1.770 49.584 26.061 -1.206 53.536 25.735
3 14 -1.206 53.536 25.735 -0.570 53.585 27.126 -1.114 49.607 27.444
3 14 -1.615 49.807 28.876 -1.114 49.607 27.444 -0.570 53.585 27.126
3 14 -0.570 53.585 27.126 -1.096 53.773 28.551 -1.615 49.807 28.876
3 14 -2.980 50.067 29.519 -1.615 49.807 28.876 -1.096 53.773 28.551
3 14 -1.096 53.773 28.551 -2.477 53.989 29.175 -2.980 50.067 29.519
3 14 -4.408 50.235 28.996 -2.980 50.067 29.519 -2.477 53.989 29.175
3 14 -2.477 53.989 29.175 -3.903 54.108 28.633 -4.408 50.235 28.996
3 14 -5.064 50.212 27.613 -4.408 50.235 28.996 -3.903 54.108 28.633
3 14 -3.903 54.108 28.633 -4.540 54.059 27.242 -5.064 50.212 27.613
3 14 -4.014 53.871 25.817 -4.540 54.059 27.242 -4.118 58.380 26.825
3 14 -4.118 58.380 26.825 -3.568 58.216 25.406 -4.014 53.871 25.817
3 14 -2.633 53.655 25.193 -4.014 53.871 25.817 -3.568 58.216 25.406
3 14 -3.568 58.216 25.406 -2.171 58.070 24.797 -2.633 53.655 25.193
3 14 -1.206 53.536 25.735 -2.633 53.655 25.193 -2.171 58.070 24.797
3 14 -2.171 58.070 24.797 -0.746 58.028 25.354 -1.206 53.536 25.735
3 14 -0.570 53.585 27.126 -1.206 53.536 25.735 -0.746 58.028 25.354
3 14 -0.746 58.028 25.354 -0.128 58.114 26.752 -0.570 53.585 27.126
3 14 -1.096 53.773 28.551 -0.570 53.585 27.126 -0.128 58.114 26.752
3 14 -0.128 58.114 26.752 -0.678 58.278 28.171 -1.096 53.773 28.551
3 14 -2.477 53.989 29.175 -1.096 53.773 28.551 -0.678 58.278 28.171
3 14 -0.678 58.278 28.171 -2.075 58.424 28.780 -2.477 53.989 29.175
3 14 -3.903 54.108 28.633 -2.477 53.989 29.175 -2.075 58.424 28.780
3 14 -2.075 58.424 28.780 -3.500 58.466 28.222 -3.903 54.108 28.633
3 14 -4.540 54.059 27.242 -3.903 54.108 28.633 -3.500 58.466 28.222
3 14 -3.500 58.466 28.222 -4.118 58.380 26.825 -4.540 54.059 27.242
3 14 -3.568 58.216 25.406 -4.118 58.380 26.825 -3.994 62.226 26.438
3 14 -3.994 62.226 26.438 -3.422 61.892 25.058 -3.568 58.216 25.406
3 14 -2.171 58.070 24.797 -3.568 58.216 25.406 -3.422 61.892 25.058
3 14 -3.422 61.892 25.058 -2.014 61.734 24.479 -2.171 58.070 24.797
3 14 -0.746 58.028 25.354 -2.171 58.070 24.797 -2.014 61.734 24.479
3 14 -2.014 61.734 24.479 -0.594 61.844 25.041 -0.746 58.028 25.354
3 14 -0.128 58.114 26.752 -0.746 58.028 25.354 -0.594 61.844 25.041
3 14 -0.594 61.844 25.041 0.005 62.159 26.414 -0.128 58.114 26.752
3 14 -0.678 58.278 28.171 -0.128 58.114 26.752 0.005 62.159 26.414
3 14 0.005 62.159 26.414 -0.567 62.493 27.794 -0.678 58.278 28.171
3 14 -2.075 58.424 28.780 -0.678 58.278 28.171 -0.567 62.493 27.794
3 14 -0.567 62.493 27.794 -1.976 62.650 28.373 -2.075 58.424 28.780
3 14 -3.500 58.466 28.222 -2.075 58.424 28.780 -1.976 62.650 28.373
3 14 -1.976 62.650 28.373 -3.395 62.540 27.811 -3.500 58.466 28.222
3 14 -4.118 58.380 26.825 -3.500 58.466 28.222 -3.395 62.540 27.811
3 14 -3.395 62.540 27.811 -3.994 62.226 26.438 -4.118 58.380 26.825
3 14 -3.422 61.892 25.058 -3.994 62.226 26.438 -4.000 65.859 24.999
3 14 -4.000 65.859 24.999 -3.414 65.053 23.836 -3.422 61.892 25.058
3 14 -2.014 61.734 24.479 -3.422 61.892 25.058 -3.414 65.053 23.836
3 14 -3.414 65.053 23.836 -2.000 64.720 23.355 -2.014 61.734 24.479
3 14 -0.594 61.844 25.041 -2.014 61.734 24.479 -2.000 64.720 23.355
3 14 -2.000 64.720 23.355 -0.586 65.055 23.835 -0.594 61.844 25.041
3 14 0.005 62.159 26.414 -0.594 61.844 25.041 -0.586 65.055 23.835
3 14 -0.586 65.055 23.835 0.000 65.861 24.998 0.005 62.159 26.414
3 14 -0.567 62.493 27.794 0.005 62.159 26.414 0.000 65.861 24.998
3 14 0.000 65.861 24.998 -0.586 66.666 26.160 -0.567 62.493 27.794
3 14 -1.976 62.650 28.373 -0.567 62.493 27.794 -0.586 66.666 26.160
3 14 -0.586 66.666 26.160 -2.000 66.999 26.642 -1.976 62.650 28.373
3 14 -3.395 62.540 27.811 -1.976 62.650 28.373 -2.000 66.999 26.642
3 14 -2.000 66.999 26.642 -3.414 66.664 26.161 -3.395 62.540 27.811
3 14 -3.994 62.226 26.438 -3.395 62.540 27.811 -3.414 66.664 26.161
3 14 -3.414 66.664 26.161 -4.000 65.859 24.999 -3.994 62.226 26.438
3 14 -3.414 65.053 23.836 -4.000 65.859 24.999 -4.000 68.486 22.063
3 14 -4.000 68.486 22.063 -3.414 67.242 21.389 -3.414 65.053 23.836
3 14 -2.000 64.720 23.355 -3.414 65.053 23.836 -3.414 67.242 21.389
3 14 -3.414 67.242 21.389 -2.000 66.727 21.110 -2.000 64.720 23.355
3 14 -0.586 65.055 23.835 -2.000 64.720 23.355 -2.000 66.727 21.110
3 14 -2.000 66.727 21.110 -0.586 67.242 21.389 -0.586 65.055 23.835
3 14 0.000 65.861 24.998 -0.586 65.055 23.835 -0.586 67.242 21.389
3 14 -0.586 67.242 21.389 0.000 68.486 22.063 0.000 65.861 24.998
3 14 -0.586 66.666 26.160 0.000 65.861 24.998 0.000 68.486 22.063
3 14 0.000 68.486 22.063 -0.586 69.729 22.737 -0.586 66.666 26.160
3 14 -2.000 66.999 26.642 -0.586 66.666 26.160 -0.586 69.729 22.737
3 14 -0.586 69.729 22.737 -2.000 70.244 23.016 -2.000 66.999 26.642
3 14 -3.414 66.664 26.161 -2.000 66.999 26.642 -2.000 70.244 23.016
3 14 -2.000 70.244 23.016 -3.414 69.729 22.737 -3.414 66.664 26.161
3 14 -4.000 65.859 24.999 -3.414 66.664 26.161 -3.414 69.729 22.737
3 14 -3.414 69.729 22.737 -4.000 68.486 22.063 -4.000 65.859 24.999
3 14 -3.414 67.242 21.389 -4.000 68.486 22.063 -4.000 69.510 18.262
3 14 -4.000 69.510 18.262 -3.414 68.097 18.220 -3.414 67.242 21.389
3 14 -2.000 66.727 21.110 -3.414 67.242 21.389 -3.414 68.097 18.220
3 14 -3.414 68.097 18.220 -2.000 67.511 18.202 -2.000 66.727 21.110
3 14 -0.586 67.242 21.389 -2.000 66.727 21.110 -2.000 67.511 18.202
3 14 -2.000 67.511 18.202 -0.586 68.097 18.220 -0.586 67.242 21.389
3 14 0.000 68.486 22.063 -0.586 67.242 21.389 -0.586 68.097 18.220
3 14 -0.586 68.097 18.220 0.000 69.510 18.262 0.000 68.486 22.063
3 14 -0.586 69.729 22.737 0.000 68.486 22.063 0.000 69.510 18.262
3 14 0.000 69.510 18.262 -0.586 70.924 18.305 -0.586 69.729 22.737
3 14 -2.000 70.244 23.016 -0.586 69.729 22.737 -0.586 70.924 18.305
3 14 -0.586 70.924 18.305 -2.000 71.509 18.322 -2.000 70.244 23.016
3 14 -3.414 69.729 22.737 -2.000 70.244 23.016 -2.000 71.509 18.322
3 14 -2.000 71.509 18.322 -3.414 70.924 18.305 -3.414 69.729 22.737
3 14 -4.000 68.486 22.063 -3.414 69.729 22.737 -3.414 70.924 18.305
3 14 -3.414 70.924 18.305 -4.000 69.510 18.262 -4.000 68.486 22.063
3 14 -3.414 68.097 18.220 -4.000 69.510 18.262 -4.000 68.716 14.407
3 14 -4.000 68.716 14.407 -3.414 67.434 15.005 -3.414 68.097 18.220
3 14 -2.000 67.511 18.202 -3.414 68.097 18.220 -3.414 67.434 15.005
3 14 -3.414 67.434 15.005 -2.000 66.903 15.252 -2.000 67.511 18.202
3 14 -0.586 68.097 18.220 -2.000 67.511 18.202 -2.000 66.903 15.252
3 14 -2.000 66.903 15.252 -0.586 67.434 15.005 -0.586 68.097 18.220
3 14 0.000 69.510 18.262 -0.586 68.097 18.220 -0.586 67.434 15.005
3 14 -0.586 67.434 15.005 0.000 68.716 14.407 0.000 69.510 18.262
3 14 -0.586 70.924 18.305 0.000 69.510 18.262 0.000 68.716 14.407
3 14 0.000 68.716 14.407 -0.586 69.998 13.810 -0.586 70.924 18.305
3 14 -2.000 71.509 18.322 -0.586 70.924 18.305 -0.586 69.998 13.810
3 14 -0.586 69.998 13.810 -2.000 70.529 13.563 -2.000 71.509 18.322
3 14 -3.414 70.924 18.305 -2.000 71.509 18.322 -2.000 70.529 13.563
3 14 -2.000 70.529 13.563 -3.414 69.998 13.810 -3.414 70.924 18.305
3 14 -4.000 69.510 18.262 -3.414 70.924 18.305 -3.414 69.998 13.810
3 14 -3.414 69.998 13.810 -4.000 68.716 14.407 -4.000 69.510 18.262
3 14 -3.414 67.434 15.005 -4.000 68.716 14.407 -4.000 66.277 11.320
3 14 -4.000 66.277 11.320 -3.414 65.390 12.421 -3.414 67.434 15.005
3 14 -2.000 66.903 15.252 -3.414 67.434 15.005 -3.414 65.390 12.421
3 14 -3.414 65.390 12.421 -2.000 65.023 12.878 -2.000 66.903 15.252
3 14 -0.586 67.434 15.005 -2.000 66.903 15.252 -2.000 65.023 12.878
3 14 -2.000 65.023 12.878 -0.586 65.390 12.421 -0.586 67.434 15.005
3 14 0.000 68.716 14.407 -0.586 67.434 15.005 -0.586 65.390 12.421
3 14 -0.586 65.390 12.421 0.000 66.277 11.320 0.000 68.716 14.407
3 14 -0.586 69.998 13.810 0.000 68.716 14.407 0.000 66.277 11.320
3 14 0.000 66.277 11.320 -0.586 67.164 10.218 -0.586 69.998 13.810
3 14 -2.000 70.529 13.563 -0.586 69.998 13.810 -0.586 67.164 10.218
3 14 -0.586 67.164 10.218 -2.000 67.531 9.762 -2.000 70.529 13.563
3 14 -3.414 69.998 13.810 -2.000 70.529 13.563 -2.000 67.531 9.762
3 14 -2.000 67.531 9.762 -3.414 67.164 10.218 -3.414 69.998 13.810
3 14 -4.000 68.716 14.407 -3.414 69.998 13.810 -3.414 67.164 10.218
3 14 -3.414 67.164 10.218 -4.000 66.277 11.320 -4.000 68.716 14.407
3 14 -3.414 65.390 12.421 -4.000 66.277 11.320 -4.000 63.063 9.754
3 14 -4.000 63.063 9.754 -3.414 62.720 11.126 -3.414 65.390 12.421
3 14 -2.000 65.023 12.878 -3.414 65.390 12.421 -3.414 62.720 11.126
3 14 -3.414 62.720 11.126 -2.000 62.578 11.694 -2.000 65.023 12.878
3 14 -0.586 65.390 12.421 -2.000 65.023 12.878 -2.000 62.578 11.694
3 14 -2.000 62.578 11.694 -0.586 62.720 11.126 -0.586 65.390 12.421
3 14 0.000 66.277 11.320 -0.586 65.390 12.421 -0.586 62.720 11.126
3 14 -0.586 62.720 11.126 0.000 63.063 9.754 0.000 66.277 11.320
3 14 -0.586 67.164 10.218 0.000 66.277 11.320 0.000 63.063 9.754
3 14 0.000 63.063 9.754 -0.586 63.407 8.382 -0.586 67.164 10.218
3 14 -2.000 67.531 9.762 -0.586 67.164 10.218 -0.586 63.407 8.382
3 14 -0.586 63.407 8.382 -2.000 63.549 7.814 -2.000 67.531 9.762
3 14 -3.414 67.164 10.218 -2.000 67.531 9.762 -2.000 63.549 7.814
3 14 -2.000 63.549 7.814 -3.414 63.407 8.382 -3.414 67.164 10.218
3 14 -4.000 66.277 11.320 -3.414 67.164 10.218 -3.414 63.407 8.382
3 14 -3.414 63.407 8.382 -4.000 63.063 9.754 -4.000 66.277 11.320
