0 FILE xpj0022.dat
0 xpj0022
0 Name:  UntitledModel
0 Author:  
0 BL_Item_No xpj0022.dat
0 BFC CERTIFY CCW
3 14 -27.964 -9.999 1.414 -29.324 -10.388 2.000 -18.278 -49.005 2.000
3 14 -18.278 -49.005 2.000 -16.919 -48.616 1.414 -27.964 -9.999 1.414
3 14 -27.401 -9.838 0.000 -27.964 -9.999 1.414 -16.919 -48.616 1.414
3 14 -16.919 -48.616 1.414 -16.355 -48.455 0.000 -27.401 -9.838 0.000
3 14 -27.964 -9.999 -1.414 -27.401 -9.838 0.000 -16.355 -48.455 0.000
3 14 -16.355 -48.455 0.000 -16.919 -48.616 -1.414 -27.964 -9.999 -1.414
3 14 -29.324 -10.388 -2.000 -27.964 -9.999 -1.414 -16.919 -48.616 -1.414
3 14 -16.919 -48.616 -1.414 -18.278 -49.005 -2.000 -29.324 -10.388 -2.000
3 14 -30.684 -10.776 -1.414 -29.324 -10.388 -2.000 -18.278 -49.005 -2.000
3 14 -18.278 -49.005 -2.000 -19.638 -49.394 -1.414 -30.684 -10.776 -1.414
3 14 -31.247 -10.938 0.000 -30.684 -10.776 -1.414 -19.638 -49.394 -1.414
3 14 -19.638 -49.394 -1.414 -20.201 -49.555 0.000 -31.247 -10.938 0.000
3 14 -30.684 -10.776 1.414 -31.247 -10.938 0.000 -20.201 -49.555 0.000
3 14 -20.201 -49.555 0.000 -19.638 -49.394 1.414 -30.684 -10.776 1.414
3 14 -29.324 -10.388 2.000 -30.684 -10.776 1.414 -19.638 -49.394 1.414
3 14 -19.638 -49.394 1.414 -18.278 -49.005 2.000 -29.324 -10.388 2.000
3 14 -16.919 -48.616 1.414 -18.278 -49.005 2.000 -8.337 -83.761 2.000
3 14 -8.337 -83.761 2.000 -7.016 -83.257 1.414 -16.919 -48.616 1.414
3 14 -16.355 -48.455 0.000 -16.919 -48.616 1.414 -7.016 -83.257 1.414
3 14 -7.016 -83.257 1.414 -6.469 -83.048 0.000 -16.355 -48.455 0.000
3 14 -16.919 -48.616 -1.414 -16.355 -48.455 0.000 -6.469 -83.048 0.000
3 14 -6.469 -83.048 0.000 -7.016 -83.257 -1.414 -16.919 -48.616 -1.414
3 14 -18.278 -49.005 -2.000 -16.919 -48.616 -1.414 -7.016 -83.257 -1.414
3 14 -7.016 -83.257 -1.414 -8.337 -83.761 -2.000 -18.278 -49.005 -2.000
3 14 -19.638 -49.394 -1.414 -18.278 -49.005 -2.000 -8.337 -83.761 -2.000
3 14 -8.337 -83.761 -2.000 -9.658 -84.265 -1.414 -19.638 -49.394 -1.414
3 14 -20.201 -49.555 0.000 -19.638 -49.394 -1.414 -9.658 -84.265 -1.414
3 14 -9.658 -84.265 -1.414 -10.206 -84.474 0.000 -20.201 -49.555 0.000
3 14 -19.638 -49.394 1.414 -20.201 -49.555 0.000 -10.206 -84.474 0.000
3 14 -10.206 -84.474 0.000 -9.658 -84.265 1.414 -19.638 -49.394 1.414
3 14 -18.278 -49.005 2.000 -19.638 -49.394 1.414 -9.658 -84.265 1.414
3 14 -9.658 -84.265 1.414 -8.337 -83.761 2.000 -18.278 -49.005 2.000
3 14 -7.016 -83.257 1.414 -8.337 -83.761 2.000 -6.602 -87.346 2.000
3 14 -6.602 -87.346 2.000 -5.506 -86.453 1.414 -7.016 -83.257 1.414
3 14 -6.469 -83.048 0.000 -7.016 -83.257 1.414 -5.506 -86.453 1.414
3 14 -5.506 -86.453 1.414 -5.052 -86.083 0.000 -6.469 -83.048 0.000
3 14 -7.016 -83.257 -1.414 -6.469 -83.048 0.000 -5.052 -86.083 0.000
3 14 -5.052 -86.083 0.000 -5.506 -86.453 -1.414 -7.016 -83.257 -1.414
3 14 -8.337 -83.761 -2.000 -7.016 -83.257 -1.414 -5.506 -86.453 -1.414
3 14 -5.506 -86.453 -1.414 -6.602 -87.346 -2.000 -8.337 -83.761 -2.000
3 14 -9.658 -84.265 -1.414 -8.337 -83.761 -2.000 -6.602 -87.346 -2.000
3 14 -6.602 -87.346 -2.000 -7.698 -88.240 -1.414 -9.658 -84.265 -1.414
3 14 -10.206 -84.474 0.000 -9.658 -84.265 -1.414 -7.698 -88.240 -1.414
3 14 -7.698 -88.240 -1.414 -8.152 -88.610 0.000 -10.206 -84.474 0.000
3 14 -9.658 -84.265 1.414 -10.206 -84.474 0.000 -8.152 -88.610 0.000
3 14 -8.152 -88.610 0.000 -7.698 -88.240 1.414 -9.658 -84.265 1.414
3 14 -8.337 -83.761 2.000 -9.658 -84.265 1.414 -7.698 -88.240 1.414
3 14 -7.698 -88.240 1.414 -6.602 -87.346 2.000 -8.337 -83.761 2.000
3 14 -5.506 -86.453 1.414 -6.602 -87.346 2.000 -3.444 -89.766 2.000
3 14 -3.444 -89.766 2.000 -2.871 -88.473 1.414 -5.506 -86.453 1.414
3 14 -5.052 -86.083 0.000 -5.506 -86.453 1.414 -2.871 -88.473 1.414
3 14 -2.871 -88.473 1.414 -2.633 -87.938 0.000 -5.052 -86.083 0.000
3 14 -5.506 -86.453 -1.414 -5.052 -86.083 0.000 -2.633 -87.938 0.000
3 14 -2.633 -87.938 0.000 -2.871 -88.473 -1.414 -5.506 -86.453 -1.414
3 14 -6.602 -87.346 -2.000 -5.506 -86.453 -1.414 -2.871 -88.473 -1.414
3 14 -2.871 -88.473 -1.414 -3.444 -89.766 -2.000 -6.602 -87.346 -2.000
3 14 -7.698 -88.240 -1.414 -6.602 -87.346 -2.000 -3.444 -89.766 -2.000
3 14 -3.444 -89.766 -2.000 -4.017 -91.059 -1.414 -7.698 -88.240 -1.414
3 14 -8.152 -88.610 0.000 -7.698 -88.240 -1.414 -4.017 -91.059 -1.414
3 14 -4.017 -91.059 -1.414 -4.255 -91.594 0.000 -8.152 -88.610 0.000
3 14 -7.698 -88.240 1.414 -8.152 -88.610 0.000 -4.255 -91.594 0.000
3 14 -4.255 -91.594 0.000 -4.017 -91.059 1.414 -7.698 -88.240 1.414
3 14 -6.602 -87.346 2.000 -7.698 -88.240 1.414 -4.017 -91.059 1.414
3 14 -4.017 -91.059 1.414 -3.444 -89.766 2.000 -6.602 -87.346 2.000
3 14 -2.871 -88.473 1.414 -3.444 -89.766 2.000 0.469 -90.482 2.000
3 14 0.469 -90.482 2.000 0.391 -89.070 1.414 -2.871 -88.473 1.414
3 14 -2.633 -87.938 0.000 -2.871 -88.473 1.414 0.391 -89.070 1.414
3 14 0.391 -89.070 1.414 0.359 -88.485 0.000 -2.633 -87.938 0.000
3 14 -2.871 -88.473 -1.414 -2.633 -87.938 0.000 0.359 -88.485 0.000
3 14 0.359 -88.485 0.000 0.391 -89.070 -1.414 -2.871 -88.473 -1.414
3 14 -3.444 -89.766 -2.000 -2.871 -88.473 -1.414 0.391 -89.070 -1.414
3 14 0.391 -89.070 -1.414 0.469 -90.482 -2.000 -3.444 -89.766 -2.000
3 14 -4.017 -91.059 -1.414 -3.444 -89.766 -2.000 0.469 -90.482 -2.000
3 14 0.469 -90.482 -2.000 0.547 -91.894 -1.414 -4.017 -91.059 -1.414
3 14 -4.255 -91.594 0.000 -4.017 -91.059 -1.414 0.547 -91.894 -1.414
3 14 0.547 -91.894 -1.414 0.579 -92.479 0.000 -4.255 -91.594 0.000
3 14 -4.017 -91.059 1.414 -4.255 -91.594 0.000 0.579 -92.479 0.000
3 14 0.579 -92.479 0.000 0.547 -91.894 1.414 -4.017 -91.059 1.414
3 14 -3.444 -89.766 2.000 -4.017 -91.059 1.414 0.547 -91.894 1.414
3 14 0.547 -91.894 1.414 0.469 -90.482 2.000 -3.444 -89.766 2.000
3 14 0.391 -89.070 1.414 0.469 -90.482 2.000 4.279 -89.339 2.000
3 14 4.279 -89.339 2.000 3.567 -88.117 1.414 0.391 -89.070 1.414
3 14 0.359 -88.485 0.000 0.391 -89.070 1.414 3.567 -88.117 1.414
3 14 3.567 -88.117 1.414 3.272 -87.611 0.000 0.359 -88.485 0.000
3 14 0.391 -89.070 -1.414 0.359 -88.485 0.000 3.272 -87.611 0.000
3 14 3.272 -87.611 0.000 3.567 -88.117 -1.414 0.391 -89.070 -1.414
3 14 0.469 -90.482 -2.000 0.391 -89.070 -1.414 3.567 -88.117 -1.414
3 14 3.567 -88.117 -1.414 4.279 -89.339 -2.000 0.469 -90.482 -2.000
3 14 0.547 -91.894 -1.414 0.469 -90.482 -2.000 4.279 -89.339 -2.000
3 14 4.279 -89.339 -2.000 4.991 -90.561 -1.414 0.547 -91.894 -1.414
3 14 0.579 -92.479 0.000 0.547 -91.894 -1.414 4.991 -90.561 -1.414
3 14 4.991 -90.561 -1.414 5.286 -91.067 0.000 0.579 -92.479 0.000
3 14 0.547 -91.894 1.414 0.579 -92.479 0.000 5.286 -91.067 0.000
3 14 5.286 -91.067 0.000 4.991 -90.561 1.414 0.547 -91.894 1.414
3 14 0.469 -90.482 2.000 0.547 -91.894 1.414 4.991 -90.561 1.414
3 14 4.991 -90.561 1.414 4.279 -89.339 2.000 0.469 -90.482 2.000
3 14 3.567 -88.117 1.414 4.279 -89.339 2.000 7.153 -86.587 2.000
3 14 7.153 -86.587 2.000 5.976 -85.802 1.414 3.567 -88.117 1.414
3 14 3.272 -87.611 0.000 3.567 -88.117 1.414 5.976 -85.802 1.414
3 14 5.976 -85.802 1.414 5.489 -85.477 0.000 3.272 -87.611 0.000
3 14 3.567 -88.117 -1.414 3.272 -87.611 0.000 5.489 -85.477 0.000
3 14 5.489 -85.477 0.000 5.976 -85.802 -1.414 3.567 -88.117 -1.414
3 14 4.279 -89.339 -2.000 3.567 -88.117 -1.414 5.976 -85.802 -1.414
3 14 5.976 -85.802 -1.414 7.153 -86.587 -2.000 4.279 -89.339 -2.000
3 14 4.991 -90.561 -1.414 4.279 -89.339 -2.000 7.153 -86.587 -2.000
3 14 7.153 -86.587 -2.000 8.330 -87.371 -1.414 4.991 -90.561 -1.414
3 14 5.286 -91.067 0.000 4.991 -90.561 -1.414 8.330 -87.371 -1.414
3 14 8.330 -87.371 -1.414 8.817 -87.696 0.000 5.286 -91.067 0.000
3 14 4.991 -90.561 1.414 5.286 -91.067 0.000 8.817 -87.696 0.000
3 14 8.817 -87.696 0.000 8.330 -87.371 1.414 4.991 -90.561 1.414
3 14 4.279 -89.339 2.000 4.991 -90.561 1.414 8.330 -87.371 1.414
3 14 8.330 -87.371 1.414 7.153 -86.587 2.000 4.279 -89.339 2.000
3 14 5.976 -85.802 1.414 7.153 -86.587 2.000 8.595 -82.858 2.000
3 14 8.595 -82.858 2.000 7.254 -82.408 1.414 5.976 -85.802 1.414
3 14 5.489 -85.477 0.000 5.976 -85.802 1.414 7.254 -82.408 1.414
3 14 7.254 -82.408 1.414 6.699 -82.222 0.000 5.489 -85.477 0.000
3 14 5.976 -85.802 -1.414 5.489 -85.477 0.000 6.699 -82.222 0.000
3 14 6.699 -82.222 0.000 7.254 -82.408 -1.414 5.976 -85.802 -1.414
3 14 7.153 -86.587 -2.000 5.976 -85.802 -1.414 7.254 -82.408 -1.414
3 14 7.254 -82.408 -1.414 8.595 -82.858 -2.000 7.153 -86.587 -2.000
3 14 8.330 -87.371 -1.414 7.153 -86.587 -2.000 8.595 -82.858 -2.000
3 14 8.595 -82.858 -2.000 9.936 -83.308 -1.414 8.330 -87.371 -1.414
3 14 8.817 -87.696 0.000 8.330 -87.371 -1.414 9.936 -83.308 -1.414
3 14 9.936 -83.308 -1.414 10.491 -83.495 0.000 8.817 -87.696 0.000
3 14 8.330 -87.371 1.414 8.817 -87.696 0.000 10.491 -83.495 0.000
3 14 10.491 -83.495 0.000 9.936 -83.308 1.414 8.330 -87.371 1.414
3 14 7.153 -86.587 2.000 8.330 -87.371 1.414 9.936 -83.308 1.414
3 14 9.936 -83.308 1.414 8.595 -82.858 2.000 7.153 -86.587 2.000
3 14 7.254 -82.408 1.414 8.595 -82.858 2.000 10.805 -75.135 2.000
3 14 10.805 -75.135 2.000 9.445 -74.746 1.414 7.254 -82.408 1.414
3 14 6.699 -82.222 0.000 7.254 -82.408 1.414 9.445 -74.746 1.414
3 14 9.445 -74.746 1.414 8.882 -74.585 0.000 6.699 -82.222 0.000
3 14 7.254 -82.408 -1.414 6.699 -82.222 0.000 8.882 -74.585 0.000
3 14 8.882 -74.585 0.000 9.445 -74.746 -1.414 7.254 -82.408 -1.414
3 14 8.595 -82.858 -2.000 7.254 -82.408 -1.414 9.445 -74.746 -1.414
3 14 9.445 -74.746 -1.414 10.805 -75.135 -2.000 8.595 -82.858 -2.000
3 14 9.936 -83.308 -1.414 8.595 -82.858 -2.000 10.805 -75.135 -2.000
3 14 10.805 -75.135 -2.000 12.164 -75.524 -1.414 9.936 -83.308 -1.414
3 14 10.491 -83.495 0.000 9.936 -83.308 -1.414 12.164 -75.524 -1.414
3 14 12.164 -75.524 -1.414 12.727 -75.685 0.000 10.491 -83.495 0.000
3 14 9.936 -83.308 1.414 10.491 -83.495 0.000 12.727 -75.685 0.000
3 14 12.727 -75.685 0.000 12.164 -75.524 1.414 9.936 -83.308 1.414
3 14 8.595 -82.858 2.000 9.936 -83.308 1.414 12.164 -75.524 1.414
3 14 12.164 -75.524 1.414 10.805 -75.135 2.000 8.595 -82.858 2.000
3 14 9.445 -74.746 1.414 10.805 -75.135 2.000 21.850 -36.517 2.000
3 14 21.850 -36.517 2.000 20.490 -36.129 1.414 9.445 -74.746 1.414
3 14 8.882 -74.585 0.000 9.445 -74.746 1.414 20.490 -36.129 1.414
3 14 20.490 -36.129 1.414 19.927 -35.968 0.000 8.882 -74.585 0.000
3 14 9.445 -74.746 -1.414 8.882 -74.585 0.000 19.927 -35.968 0.000
3 14 19.927 -35.968 0.000 20.490 -36.129 -1.414 9.445 -74.746 -1.414
3 14 10.805 -75.135 -2.000 9.445 -74.746 -1.414 20.490 -36.129 -1.414
3 14 20.490 -36.129 -1.414 21.850 -36.517 -2.000 10.805 -75.135 -2.000
3 14 12.164 -75.524 -1.414 10.805 -75.135 -2.000 21.850 -36.517 -2.000
3 14 21.850 -36.517 -2.000 23.210 -36.906 -1.414 12.164 -75.524 -1.414
3 14 12.727 -75.685 0.000 12.164 -75.524 -1.414 23.210 -36.906 -1.414
3 14 23.210 -36.906 -1.414 23.773 -37.067 0.000 12.727 -75.685 0.000
3 14 12.164 -75.524 1.414 12.727 -75.685 0.000 23.773 -37.067 0.000
3 14 23.773 -37.067 0.000 23.210 -36.906 1.414 12.164 -75.524 1.414
3 14 10.805 -75.135 2.000 12.164 -75.524 1.414 23.210 -36.906 1.414
3 14 23.210 -36.906 1.414 21.850 -36.517 2.000 10.805 -75.135 2.000
3 14 20.490 -36.129 1.414 21.850 -36.517 2.000 29.570 -9.481 2.000
3 14 29.570 -9.481 2.000 28.193 -9.159 1.414 20.490 -36.129 1.414
3 14 19.927 -35.968 0.000 20.490 -36.129 1.414 28.193 -9.159 1.414
3 14 28.193 -9.159 1.414 27.623 -9.025 0.000 19.927 -35.968 0.000
3 14 20.490 -36.129 -1.414 19.927 -35.968 0.000 27.623 -9.025 0.000
3 14 27.623 -9.025 0.000 28.193 -9.159 -1.414 20.490 -36.129 -1.414
3 14 21.850 -36.517 -2.000 20.490 -36.129 -1.414 28.193 -9.159 -1.414
3 14 28.193 -9.159 -1.414 29.570 -9.481 -2.000 21.850 -36.517 -2.000
3 14 23.210 -36.906 -1.414 21.850 -36.517 -2.000 29.570 -9.481 -2.000
3 14 29.570 -9.481 -2.000 30.947 -9.804 -1.414 23.210 -36.906 -1.414
3 14 23.773 -37.067 0.000 23.210 -36.906 -1.414 30.947 -9.804 -1.414
3 14 30.947 -9.804 -1.414 31.517 -9.938 0.000 23.773 -37.067 0.000
3 14 23.210 -36.906 1.414 23.773 -37.067 0.000 31.517 -9.938 0.000
3 14 31.517 -9.938 0.000 30.947 -9.804 1.414 23.210 -36.906 1.414
3 14 21.850 -36.517 2.000 23.210 -36.906 1.414 30.947 -9.804 1.414
3 14 30.947 -9.804 1.414 29.570 -9.481 2.000 21.850 -36.517 2.000
3 14 28.193 -9.159 1.414 29.570 -9.481 2.000 30.297 -5.534 2.000
3 14 30.297 -5.534 2.000 28.892 -5.370 1.414 28.193 -9.159 1.414
3 14 27.623 -9.025 0.000 28.193 -9.159 1.414 28.892 -5.370 1.414
3 14 28.892 -5.370 1.414 28.310 -5.302 0.000 27.623 -9.025 0.000
3 14 28.193 -9.159 -1.414 27.623 -9.025 0.000 28.310 -5.302 0.000
3 14 28.310 -5.302 0.000 28.892 -5.370 -1.414 28.193 -9.159 -1.414
3 14 29.570 -9.481 -2.000 28.193 -9.159 -1.414 28.892 -5.370 -1.414
3 14 28.892 -5.370 -1.414 30.297 -5.534 -2.000 29.570 -9.481 -2.000
3 14 30.947 -9.804 -1.414 29.570 -9.481 -2.000 30.297 -5.534 -2.000
3 14 30.297 -5.534 -2.000 31.701 -5.698 -1.414 30.947 -9.804 -1.414
3 14 31.517 -9.938 0.000 30.947 -9.804 -1.414 31.701 -5.698 -1.414
3 14 31.701 -5.698 -1.414 32.283 -5.765 0.000 31.517 -9.938 0.000
3 14 30.947 -9.804 1.414 31.517 -9.938 0.000 32.283 -5.765 0.000
3 14 32.283 -5.765 0.000 31.701 -5.698 1.414 30.947 -9.804 1.414
3 14 29.570 -9.481 2.000 30.947 -9.804 1.414 31.701 -5.698 1.414
3 14 31.701 -5.698 1.414 30.297 -5.534 2.000 29.570 -9.481 2.000
3 14 28.892 -5.370 1.414 30.297 -5.534 2.000 30.499 -1.524 2.000
3 14 30.499 -1.524 2.000 29.085 -1.546 1.414 28.892 -5.370 1.414
3 14 28.310 -5.302 0.000 28.892 -5.370 1.414 29.085 -1.546 1.414
3 14 29.085 -1.546 1.414 28.499 -1.556 0.000 28.310 -5.302 0.000
3 14 28.892 -5.370 -1.414 28.310 -5.302 0.000 28.499 -1.556 0.000
3 14 28.499 -1.556 0.000 29.085 -1.546 -1.414 28.892 -5.370 -1.414
3 14 30.297 -5.534 -2.000 28.892 -5.370 -1.414 29.085 -1.546 -1.414
3 14 29.085 -1.546 -1.414 30.499 -1.524 -2.000 30.297 -5.534 -2.000
3 14 31.701 -5.698 -1.414 30.297 -5.534 -2.000 30.499 -1.524 -2.000
3 14 30.499 -1.524 -2.000 31.913 -1.503 -1.414 31.701 -5.698 -1.414
3 14 32.283 -5.765 0.000 31.701 -5.698 -1.414 31.913 -1.503 -1.414
3 14 31.913 -1.503 -1.414 32.498 -1.493 0.000 32.283 -5.765 0.000
3 14 31.701 -5.698 1.414 32.283 -5.765 0.000 32.498 -1.493 0.000
3 14 32.498 -1.493 0.000 31.913 -1.503 1.414 31.701 -5.698 1.414
3 14 30.297 -5.534 2.000 31.701 -5.698 1.414 31.913 -1.503 1.414
3 14 31.913 -1.503 1.414 30.499 -1.524 2.000 30.297 -5.534 2.000
3 14 29.085 -1.546 1.414 30.499 -1.524 2.000 30.172 2.477 2.000
3 14 30.172 2.477 2.000 28.773 2.269 1.414 29.085 -1.546 1.414
3 14 28.499 -1.556 0.000 29.085 -1.546 1.414 28.773 2.269 1.414
3 14 28.773 2.269 1.414 28.194 2.183 0.000 28.499 -1.556 0.000
3 14 29.085 -1.546 -1.414 28.499 -1.556 0.000 28.194 2.183 0.000
3 14 28.194 2.183 0.000 28.773 2.269 -1.414 29.085 -1.546 -1.414
3 14 30.499 -1.524 -2.000 29.085 -1.546 -1.414 28.773 2.269 -1.414
3 14 28.773 2.269 -1.414 30.172 2.477 -2.000 30.499 -1.524 -2.000
3 14 31.913 -1.503 -1.414 30.499 -1.524 -2.000 30.172 2.477 -2.000
3 14 30.172 2.477 -2.000 31.571 2.684 -1.414 31.913 -1.503 -1.414
3 14 32.498 -1.493 0.000 31.913 -1.503 -1.414 31.571 2.684 -1.414
3 14 31.571 2.684 -1.414 32.151 2.770 0.000 32.498 -1.493 0.000
3 14 31.913 -1.503 1.414 32.498 -1.493 0.000 32.151 2.770 0.000
3 14 32.151 2.770 0.000 31.571 2.684 1.414 31.913 -1.503 1.414
3 14 30.499 -1.524 2.000 31.913 -1.503 1.414 31.571 2.684 1.414
3 14 31.571 2.684 1.414 30.172 2.477 2.000 30.499 -1.524 2.000
3 14 28.773 2.269 1.414 30.172 2.477 2.000 29.323 6.400 2.000
3 14 29.323 6.400 2.000 27.964 6.011 1.414 28.773 2.269 1.414
3 14 28.194 2.183 0.000 28.773 2.269 1.414 27.964 6.011 1.414
3 14 27.964 6.011 1.414 27.401 5.849 0.000 28.194 2.183 0.000
3 14 28.773 2.269 -1.414 28.194 2.183 0.000 27.401 5.849 0.000
3 14 27.401 5.849 0.000 27.964 6.011 -1.414 28.773 2.269 -1.414
3 14 30.172 2.477 -2.000 28.773 2.269 -1.414 27.964 6.011 -1.414
3 14 27.964 6.011 -1.414 29.323 6.400 -2.000 30.172 2.477 -2.000
3 14 31.571 2.684 -1.414 30.172 2.477 -2.000 29.323 6.400 -2.000
3 14 29.323 6.400 -2.000 30.683 6.789 -1.414 31.571 2.684 -1.414
3 14 32.151 2.770 0.000 31.571 2.684 -1.414 30.683 6.789 -1.414
3 14 30.683 6.789 -1.414 31.246 6.951 0.000 32.151 2.770 0.000
3 14 31.571 2.684 1.414 32.151 2.770 0.000 31.246 6.951 0.000
3 14 31.246 6.951 0.000 30.683 6.789 1.414 31.571 2.684 1.414
3 14 30.172 2.477 2.000 31.571 2.684 1.414 30.683 6.789 1.414
3 14 30.683 6.789 1.414 29.323 6.400 2.000 30.172 2.477 2.000
3 14 27.964 6.011 1.414 29.323 6.400 2.000 27.967 10.178 2.000
3 14 27.967 10.178 2.000 26.670 9.614 1.414 27.964 6.011 1.414
3 14 27.401 5.849 0.000 27.964 6.011 1.414 26.670 9.614 1.414
3 14 26.670 9.614 1.414 26.133 9.380 0.000 27.401 5.849 0.000
3 14 27.964 6.011 -1.414 27.401 5.849 0.000 26.133 9.380 0.000
3 14 26.133 9.380 0.000 26.670 9.614 -1.414 27.964 6.011 -1.414
3 14 29.323 6.400 -2.000 27.964 6.011 -1.414 26.670 9.614 -1.414
3 14 26.670 9.614 -1.414 27.967 10.178 -2.000 29.323 6.400 -2.000
3 14 30.683 6.789 -1.414 29.323 6.400 -2.000 27.967 10.178 -2.000
3 14 27.967 10.178 -2.000 29.263 10.743 -1.414 30.683 6.789 -1.414
3 14 31.246 6.951 0.000 30.683 6.789 -1.414 29.263 10.743 -1.414
3 14 29.263 10.743 -1.414 29.800 10.977 0.000 31.246 6.951 0.000
3 14 30.683 6.789 1.414 31.246 6.951 0.000 29.800 10.977 0.000
3 14 29.800 10.977 0.000 29.263 10.743 1.414 30.683 6.789 1.414
3 14 29.323 6.400 2.000 30.683 6.789 1.414 29.263 10.743 1.414
3 14 29.263 10.743 1.414 27.967 10.178 2.000 29.323 6.400 2.000
3 14 26.670 9.614 1.414 27.967 10.178 2.000 26.125 13.745 2.000
3 14 26.125 13.745 2.000 24.914 13.016 1.414 26.670 9.614 1.414
3 14 26.133 9.380 0.000 26.670 9.614 1.414 24.914 13.016 1.414
3 14 24.914 13.016 1.414 24.412 12.713 0.000 26.133 9.380 0.000
3 14 26.670 9.614 -1.414 26.133 9.380 0.000 24.412 12.713 0.000
3 14 24.412 12.713 0.000 24.914 13.016 -1.414 26.670 9.614 -1.414
3 14 27.967 10.178 -2.000 26.670 9.614 -1.414 24.914 13.016 -1.414
3 14 24.914 13.016 -1.414 26.125 13.745 -2.000 27.967 10.178 -2.000
3 14 29.263 10.743 -1.414 27.967 10.178 -2.000 26.125 13.745 -2.000
3 14 26.125 13.745 -2.000 27.337 14.475 -1.414 29.263 10.743 -1.414
3 14 29.800 10.977 0.000 29.263 10.743 -1.414 27.337 14.475 -1.414
3 14 27.337 14.475 -1.414 27.839 14.778 0.000 29.800 10.977 0.000
3 14 29.263 10.743 1.414 29.800 10.977 0.000 27.839 14.778 0.000
3 14 27.839 14.778 0.000 27.337 14.475 1.414 29.263 10.743 1.414
3 14 27.967 10.178 2.000 29.263 10.743 1.414 27.337 14.475 1.414
3 14 27.337 14.475 1.414 26.125 13.745 2.000 27.967 10.178 2.000
3 14 24.914 13.016 1.414 26.125 13.745 2.000 23.832 17.040 2.000
3 14 23.832 17.040 2.000 22.727 16.157 1.414 24.914 13.016 1.414
3 14 24.412 12.713 0.000 24.914 13.016 1.414 22.727 16.157 1.414
3 14 22.727 16.157 1.414 22.269 15.792 0.000 24.412 12.713 0.000
3 14 24.914 13.016 -1.414 24.412 12.713 0.000 22.269 15.792 0.000
3 14 22.269 15.792 0.000 22.727 16.157 -1.414 24.914 13.016 -1.414
3 14 26.125 13.745 -2.000 24.914 13.016 -1.414 22.727 16.157 -1.414
3 14 22.727 16.157 -1.414 23.832 17.040 -2.000 26.125 13.745 -2.000
3 14 27.337 14.475 -1.414 26.125 13.745 -2.000 23.832 17.040 -2.000
3 14 23.832 17.040 -2.000 24.937 17.923 -1.414 27.337 14.475 -1.414
3 14 27.839 14.778 0.000 27.337 14.475 -1.414 24.937 17.923 -1.414
3 14 24.937 17.923 -1.414 25.394 18.288 0.000 27.839 14.778 0.000
3 14 27.337 14.475 1.414 27.839 14.778 0.000 25.394 18.288 0.000
3 14 25.394 18.288 0.000 24.937 17.923 1.414 27.337 14.475 1.414
3 14 26.125 13.745 2.000 27.337 14.475 1.414 24.937 17.923 1.414
3 14 24.937 17.923 1.414 23.832 17.040 2.000 26.125 13.745 2.000
3 14 22.727 16.157 1.414 23.832 17.040 2.000 21.125 20.005 2.000
3 14 21.125 20.005 2.000 20.146 18.985 1.414 22.727 16.157 1.414
3 14 22.269 15.792 0.000 22.727 16.157 1.414 20.146 18.985 1.414
3 14 20.146 18.985 1.414 19.740 18.562 0.000 22.269 15.792 0.000
3 14 22.727 16.157 -1.414 22.269 15.792 0.000 19.740 18.562 0.000
3 14 19.740 18.562 0.000 20.146 18.985 -1.414 22.727 16.157 -1.414
3 14 23.832 17.040 -2.000 22.727 16.157 -1.414 20.146 18.985 -1.414
3 14 20.146 18.985 -1.414 21.125 20.005 -2.000 23.832 17.040 -2.000
3 14 24.937 17.923 -1.414 23.832 17.040 -2.000 21.125 20.005 -2.000
3 14 21.125 20.005 -2.000 22.105 21.025 -1.414 24.937 17.923 -1.414
3 14 25.394 18.288 0.000 24.937 17.923 -1.414 22.105 21.025 -1.414
3 14 22.105 21.025 -1.414 22.511 21.448 0.000 25.394 18.288 0.000
3 14 24.937 17.923 1.414 25.394 18.288 0.000 22.511 21.448 0.000
3 14 22.511 21.448 0.000 22.105 21.025 1.414 24.937 17.923 1.414
3 14 23.832 17.040 2.000 24.937 17.923 1.414 22.105 21.025 1.414
3 14 22.105 21.025 1.414 21.125 20.005 2.000 23.832 17.040 2.000
3 14 20.146 18.985 1.414 21.125 20.005 2.000 18.053 22.589 2.000
3 14 18.053 22.589 2.000 17.216 21.449 1.414 20.146 18.985 1.414
3 14 19.740 18.562 0.000 20.146 18.985 1.414 17.216 21.449 1.414
3 14 17.216 21.449 1.414 16.869 20.977 0.000 19.740 18.562 0.000
3 14 20.146 18.985 -1.414 19.740 18.562 0.000 16.869 20.977 0.000
3 14 16.869 20.977 0.000 17.216 21.449 -1.414 20.146 18.985 -1.414
3 14 21.125 20.005 -2.000 20.146 18.985 -1.414 17.216 21.449 -1.414
3 14 17.216 21.449 -1.414 18.053 22.589 -2.000 21.125 20.005 -2.000
3 14 22.105 21.025 -1.414 21.125 20.005 -2.000 18.053 22.589 -2.000
3 14 18.053 22.589 -2.000 18.890 23.729 -1.414 22.105 21.025 -1.414
3 14 22.511 21.448 0.000 22.105 21.025 -1.414 18.890 23.729 -1.414
3 14 18.890 23.729 -1.414 19.237 24.201 0.000 22.511 21.448 0.000
3 14 22.105 21.025 1.414 22.511 21.448 0.000 19.237 24.201 0.000
3 14 19.237 24.201 0.000 18.890 23.729 1.414 22.105 21.025 1.414
3 14 21.125 20.005 2.000 22.105 21.025 1.414 18.890 23.729 1.414
3 14 18.890 23.729 1.414 18.053 22.589 2.000 21.125 20.005 2.000
3 14 17.216 21.449 1.414 18.053 22.589 2.000 14.668 24.747 2.000
3 14 14.668 24.747 2.000 13.988 23.507 1.414 17.216 21.449 1.414
3 14 16.869 20.977 0.000 17.216 21.449 1.414 13.988 23.507 1.414
3 14 13.988 23.507 1.414 13.706 22.993 0.000 16.869 20.977 0.000
3 14 17.216 21.449 -1.414 16.869 20.977 0.000 13.706 22.993 0.000
3 14 13.706 22.993 0.000 13.988 23.507 -1.414 17.216 21.449 -1.414
3 14 18.053 22.589 -2.000 17.216 21.449 -1.414 13.988 23.507 -1.414
3 14 13.988 23.507 -1.414 14.668 24.747 -2.000 18.053 22.589 -2.000
3 14 18.890 23.729 -1.414 18.053 22.589 -2.000 14.668 24.747 -2.000
3 14 14.668 24.747 -2.000 15.348 25.987 -1.414 18.890 23.729 -1.414
3 14 19.237 24.201 0.000 18.890 23.729 -1.414 15.348 25.987 -1.414
3 14 15.348 25.987 -1.414 15.630 26.500 0.000 19.237 24.201 0.000
3 14 18.890 23.729 1.414 19.237 24.201 0.000 15.630 26.500 0.000
3 14 15.630 26.500 0.000 15.348 25.987 1.414 18.890 23.729 1.414
3 14 18.053 22.589 2.000 18.890 23.729 1.414 15.348 25.987 1.414
3 14 15.348 25.987 1.414 14.668 24.747 2.000 18.053 22.589 2.000
3 14 13.988 23.507 1.414 14.668 24.747 2.000 11.028 26.442 2.000
3 14 11.028 26.442 2.000 10.517 25.123 1.414 13.988 23.507 1.414
3 14 13.706 22.993 0.000 13.988 23.507 1.414 10.517 25.123 1.414
3 14 10.517 25.123 1.414 10.305 24.577 0.000 13.706 22.993 0.000
3 14 13.988 23.507 -1.414 13.706 22.993 0.000 10.305 24.577 0.000
3 14 10.305 24.577 0.000 10.517 25.123 -1.414 13.988 23.507 -1.414
3 14 14.668 24.747 -2.000 13.988 23.507 -1.414 10.517 25.123 -1.414
3 14 10.517 25.123 -1.414 11.028 26.442 -2.000 14.668 24.747 -2.000
3 14 15.348 25.987 -1.414 14.668 24.747 -2.000 11.028 26.442 -2.000
3 14 11.028 26.442 -2.000 11.540 27.760 -1.414 15.348 25.987 -1.414
3 14 15.630 26.500 0.000 15.348 25.987 -1.414 11.540 27.760 -1.414
3 14 11.540 27.760 -1.414 11.752 28.306 0.000 15.630 26.500 0.000
3 14 15.348 25.987 1.414 15.630 26.500 0.000 11.752 28.306 0.000
3 14 11.752 28.306 0.000 11.540 27.760 1.414 15.348 25.987 1.414
3 14 14.668 24.747 2.000 15.348 25.987 1.414 11.540 27.760 1.414
3 14 11.540 27.760 1.414 11.028 26.442 2.000 14.668 24.747 2.000
3 14 10.517 25.123 1.414 11.028 26.442 2.000 7.198 27.644 2.000
3 14 7.198 27.644 2.000 6.864 26.270 1.414 10.517 25.123 1.414
3 14 10.305 24.577 0.000 10.517 25.123 1.414 6.864 26.270 1.414
3 14 6.864 26.270 1.414 6.726 25.701 0.000 10.305 24.577 0.000
3 14 10.517 25.123 -1.414 10.305 24.577 0.000 6.726 25.701 0.000
3 14 6.726 25.701 0.000 6.864 26.270 -1.414 10.517 25.123 -1.414
3 14 11.028 26.442 -2.000 10.517 25.123 -1.414 6.864 26.270 -1.414
3 14 6.864 26.270 -1.414 7.198 27.644 -2.000 11.028 26.442 -2.000
3 14 11.540 27.760 -1.414 11.028 26.442 -2.000 7.198 27.644 -2.000
3 14 7.198 27.644 -2.000 7.532 29.018 -1.414 11.540 27.760 -1.414
3 14 11.752 28.306 0.000 11.540 27.760 -1.414 7.532 29.018 -1.414
3 14 7.532 29.018 -1.414 7.670 29.588 0.000 11.752 28.306 0.000
3 14 11.540 27.760 1.414 11.752 28.306 0.000 7.670 29.588 0.000
3 14 7.670 29.588 0.000 7.532 29.018 1.414 11.540 27.760 1.414
3 14 11.028 26.442 2.000 11.540 27.760 1.414 7.532 29.018 1.414
3 14 7.532 29.018 1.414 7.198 27.644 2.000 11.028 26.442 2.000
3 14 6.864 26.270 1.414 7.198 27.644 2.000 3.243 28.333 2.000
3 14 3.243 28.333 2.000 3.092 26.927 1.414 6.864 26.270 1.414
3 14 6.726 25.701 0.000 6.864 26.270 1.414 3.092 26.927 1.414
3 14 3.092 26.927 1.414 3.030 26.344 0.000 6.726 25.701 0.000
3 14 6.864 26.270 -1.414 6.726 25.701 0.000 3.030 26.344 0.000
3 14 3.030 26.344 0.000 3.092 26.927 -1.414 6.864 26.270 -1.414
3 14 7.198 27.644 -2.000 6.864 26.270 -1.414 3.092 26.927 -1.414
3 14 3.092 26.927 -1.414 3.243 28.333 -2.000 7.198 27.644 -2.000
3 14 7.532 29.018 -1.414 7.198 27.644 -2.000 3.243 28.333 -2.000
3 14 3.243 28.333 -2.000 3.393 29.739 -1.414 7.532 29.018 -1.414
3 14 7.670 29.588 0.000 7.532 29.018 -1.414 3.393 29.739 -1.414
3 14 3.393 29.739 -1.414 3.456 30.322 0.000 7.670 29.588 0.000
3 14 7.532 29.018 1.414 7.670 29.588 0.000 3.456 30.322 0.000
3 14 3.456 30.322 0.000 3.393 29.739 1.414 7.532 29.018 1.414
3 14 7.198 27.644 2.000 7.532 29.018 1.414 3.393 29.739 1.414
3 14 3.393 29.739 1.414 3.243 28.333 2.000 7.198 27.644 2.000
3 14 3.092 26.927 1.414 3.243 28.333 2.000 -0.769 28.496 2.000
3 14 -0.769 28.496 2.000 -0.733 27.083 1.414 3.092 26.927 1.414
3 14 3.030 26.344 0.000 3.092 26.927 1.414 -0.733 27.083 1.414
3 14 -0.733 27.083 1.414 -0.718 26.497 0.000 3.030 26.344 0.000
3 14 3.092 26.927 -1.414 3.030 26.344 0.000 -0.718 26.497 0.000
3 14 -0.718 26.497 0.000 -0.733 27.083 -1.414 3.092 26.927 -1.414
3 14 3.243 28.333 -2.000 3.092 26.927 -1.414 -0.733 27.083 -1.414
3 14 -0.733 27.083 -1.414 -0.769 28.496 -2.000 3.243 28.333 -2.000
3 14 3.393 29.739 -1.414 3.243 28.333 -2.000 -0.769 28.496 -2.000
3 14 -0.769 28.496 -2.000 -0.804 29.910 -1.414 3.393 29.739 -1.414
3 14 3.456 30.322 0.000 3.393 29.739 -1.414 -0.804 29.910 -1.414
3 14 -0.804 29.910 -1.414 -0.819 30.496 0.000 3.456 30.322 0.000
3 14 3.393 29.739 1.414 3.456 30.322 0.000 -0.819 30.496 0.000
3 14 -0.819 30.496 0.000 -0.804 29.910 1.414 3.393 29.739 1.414
3 14 3.243 28.333 2.000 3.393 29.739 1.414 -0.804 29.910 1.414
3 14 -0.804 29.910 1.414 -0.769 28.496 2.000 3.243 28.333 2.000
3 14 -0.733 27.083 1.414 -0.769 28.496 2.000 -4.767 28.132 2.000
3 14 -4.767 28.132 2.000 -4.546 26.735 1.414 -0.733 27.083 1.414
3 14 -0.718 26.497 0.000 -0.733 27.083 1.414 -4.546 26.735 1.414
3 14 -4.546 26.735 1.414 -4.454 26.156 0.000 -0.718 26.497 0.000
3 14 -0.733 27.083 -1.414 -0.718 26.497 0.000 -4.454 26.156 0.000
3 14 -4.454 26.156 0.000 -4.546 26.735 -1.414 -0.733 27.083 -1.414
3 14 -0.769 28.496 -2.000 -0.733 27.083 -1.414 -4.546 26.735 -1.414
3 14 -4.546 26.735 -1.414 -4.767 28.132 -2.000 -0.769 28.496 -2.000
3 14 -0.804 29.910 -1.414 -0.769 28.496 -2.000 -4.767 28.132 -2.000
3 14 -4.767 28.132 -2.000 -4.988 29.529 -1.414 -0.804 29.910 -1.414
3 14 -0.819 30.496 0.000 -0.804 29.910 -1.414 -4.988 29.529 -1.414
3 14 -4.988 29.529 -1.414 -5.079 30.107 0.000 -0.819 30.496 0.000
3 14 -0.804 29.910 1.414 -0.819 30.496 0.000 -5.079 30.107 0.000
3 14 -5.079 30.107 0.000 -4.988 29.529 1.414 -0.804 29.910 1.414
3 14 -0.769 28.496 2.000 -0.804 29.910 1.414 -4.988 29.529 1.414
3 14 -4.988 29.529 1.414 -4.767 28.132 2.000 -0.769 28.496 2.000
3 14 -4.546 26.735 1.414 -4.767 28.132 2.000 -8.682 27.245 2.000
3 14 -8.682 27.245 2.000 -8.284 25.888 1.414 -4.546 26.735 1.414
3 14 -4.454 26.156 0.000 -4.546 26.735 1.414 -8.284 25.888 1.414
3 14 -8.284 25.888 1.414 -8.119 25.326 0.000 -4.454 26.156 0.000
3 14 -4.546 26.735 -1.414 -4.454 26.156 0.000 -8.119 25.326 0.000
3 14 -8.119 25.326 0.000 -8.284 25.888 -1.414 -4.546 26.735 -1.414
3 14 -4.767 28.132 -2.000 -4.546 26.735 -1.414 -8.284 25.888 -1.414
3 14 -8.284 25.888 -1.414 -8.682 27.245 -2.000 -4.767 28.132 -2.000
3 14 -4.988 29.529 -1.414 -4.767 28.132 -2.000 -8.682 27.245 -2.000
3 14 -8.682 27.245 -2.000 -9.081 28.602 -1.414 -4.988 29.529 -1.414
3 14 -5.079 30.107 0.000 -4.988 29.529 -1.414 -9.081 28.602 -1.414
3 14 -9.081 28.602 -1.414 -9.246 29.164 0.000 -5.079 30.107 0.000
3 14 -4.988 29.529 1.414 -5.079 30.107 0.000 -9.246 29.164 0.000
3 14 -9.246 29.164 0.000 -9.081 28.602 1.414 -4.988 29.529 1.414
3 14 -4.767 28.132 2.000 -4.988 29.529 1.414 -9.081 28.602 1.414
3 14 -9.081 28.602 1.414 -8.682 27.245 2.000 -4.767 28.132 2.000
3 14 -8.284 25.888 1.414 -8.682 27.245 2.000 -11.986 26.045 2.000
3 14 -11.986 26.045 2.000 -11.424 24.747 1.414 -8.284 25.888 1.414
3 14 -8.119 25.326 0.000 -8.284 25.888 1.414 -11.424 24.747 1.414
3 14 -11.424 24.747 1.414 -11.191 24.210 0.000 -8.119 25.326 0.000
3 14 -8.284 25.888 -1.414 -8.119 25.326 0.000 -11.191 24.210 0.000
3 14 -11.191 24.210 0.000 -11.424 24.747 -1.414 -8.284 25.888 -1.414
3 14 -8.682 27.245 -2.000 -8.284 25.888 -1.414 -11.424 24.747 -1.414
3 14 -11.424 24.747 -1.414 -11.986 26.045 -2.000 -8.682 27.245 -2.000
3 14 -9.081 28.602 -1.414 -8.682 27.245 -2.000 -11.986 26.045 -2.000
3 14 -11.986 26.045 -2.000 -12.549 27.342 -1.414 -9.081 28.602 -1.414
3 14 -9.246 29.164 0.000 -9.081 28.602 -1.414 -12.549 27.342 -1.414
3 14 -12.549 27.342 -1.414 -12.782 27.880 0.000 -9.246 29.164 0.000
3 14 -9.081 28.602 1.414 -9.246 29.164 0.000 -12.782 27.880 0.000
3 14 -12.782 27.880 0.000 -12.549 27.342 1.414 -9.081 28.602 1.414
3 14 -8.682 27.245 2.000 -9.081 28.602 1.414 -12.549 27.342 1.414
3 14 -12.549 27.342 1.414 -11.986 26.045 2.000 -8.682 27.245 2.000
3 14 -11.424 24.747 1.414 -11.986 26.045 2.000 -15.565 24.228 2.000
3 14 -15.565 24.228 2.000 -14.844 23.012 1.414 -11.424 24.747 1.414
3 14 -11.191 24.210 0.000 -11.424 24.747 1.414 -14.844 23.012 1.414
3 14 -14.844 23.012 1.414 -14.545 22.508 0.000 -11.191 24.210 0.000
3 14 -11.424 24.747 -1.414 -11.191 24.210 0.000 -14.545 22.508 0.000
3 14 -14.545 22.508 0.000 -14.844 23.012 -1.414 -11.424 24.747 -1.414
3 14 -11.986 26.045 -2.000 -11.424 24.747 -1.414 -14.844 23.012 -1.414
3 14 -14.844 23.012 -1.414 -15.565 24.228 -2.000 -11.986 26.045 -2.000
3 14 -12.549 27.342 -1.414 -11.986 26.045 -2.000 -15.565 24.228 -2.000
3 14 -15.565 24.228 -2.000 -16.287 25.444 -1.414 -12.549 27.342 -1.414
3 14 -12.782 27.880 0.000 -12.549 27.342 -1.414 -16.287 25.444 -1.414
3 14 -16.287 25.444 -1.414 -16.586 25.948 0.000 -12.782 27.880 0.000
3 14 -12.549 27.342 1.414 -12.782 27.880 0.000 -16.586 25.948 0.000
3 14 -16.586 25.948 0.000 -16.287 25.444 1.414 -12.549 27.342 1.414
3 14 -11.986 26.045 2.000 -12.549 27.342 1.414 -16.287 25.444 1.414
3 14 -16.287 25.444 1.414 -15.565 24.228 2.000 -11.986 26.045 2.000
3 14 -14.844 23.012 1.414 -15.565 24.228 2.000 -18.875 21.957 2.000
3 14 -18.875 21.957 2.000 -18.000 20.846 1.414 -14.844 23.012 1.414
3 14 -14.545 22.508 0.000 -14.844 23.012 1.414 -18.000 20.846 1.414
3 14 -18.000 20.846 1.414 -17.637 20.386 0.000 -14.545 22.508 0.000
3 14 -14.844 23.012 -1.414 -14.545 22.508 0.000 -17.637 20.386 0.000
3 14 -17.637 20.386 0.000 -18.000 20.846 -1.414 -14.844 23.012 -1.414
3 14 -15.565 24.228 -2.000 -14.844 23.012 -1.414 -18.000 20.846 -1.414
3 14 -18.000 20.846 -1.414 -18.875 21.957 -2.000 -15.565 24.228 -2.000
3 14 -16.287 25.444 -1.414 -15.565 24.228 -2.000 -18.875 21.957 -2.000
3 14 -18.875 21.957 -2.000 -19.750 23.067 -1.414 -16.287 25.444 -1.414
3 14 -16.586 25.948 0.000 -16.287 25.444 -1.414 -19.750 23.067 -1.414
3 14 -19.750 23.067 -1.414 -20.113 23.527 0.000 -16.586 25.948 0.000
3 14 -16.287 25.444 1.414 -16.586 25.948 0.000 -20.113 23.527 0.000
3 14 -20.113 23.527 0.000 -19.750 23.067 1.414 -16.287 25.444 1.414
3 14 -15.565 24.228 2.000 -16.287 25.444 1.414 -19.750 23.067 1.414
3 14 -19.750 23.067 1.414 -18.875 21.957 2.000 -15.565 24.228 2.000
3 14 -18.000 20.846 1.414 -18.875 21.957 2.000 -21.857 19.270 2.000
3 14 -21.857 19.270 2.000 -20.844 18.284 1.414 -18.000 20.846 1.414
3 14 -17.637 20.386 0.000 -18.000 20.846 1.414 -20.844 18.284 1.414
3 14 -20.844 18.284 1.414 -20.424 17.876 0.000 -17.637 20.386 0.000
3 14 -18.000 20.846 -1.414 -17.637 20.386 0.000 -20.424 17.876 0.000
3 14 -20.424 17.876 0.000 -20.844 18.284 -1.414 -18.000 20.846 -1.414
3 14 -18.875 21.957 -2.000 -18.000 20.846 -1.414 -20.844 18.284 -1.414
3 14 -20.844 18.284 -1.414 -21.857 19.270 -2.000 -18.875 21.957 -2.000
3 14 -19.750 23.067 -1.414 -18.875 21.957 -2.000 -21.857 19.270 -2.000
3 14 -21.857 19.270 -2.000 -22.871 20.257 -1.414 -19.750 23.067 -1.414
3 14 -20.113 23.527 0.000 -19.750 23.067 -1.414 -22.871 20.257 -1.414
3 14 -22.871 20.257 -1.414 -23.291 20.665 0.000 -20.113 23.527 0.000
3 14 -19.750 23.067 1.414 -20.113 23.527 0.000 -23.291 20.665 0.000
3 14 -23.291 20.665 0.000 -22.871 20.257 1.414 -19.750 23.067 1.414
3 14 -18.875 21.957 2.000 -19.750 23.067 1.414 -22.871 20.257 1.414
3 14 -22.871 20.257 1.414 -21.857 19.270 2.000 -18.875 21.957 2.000
3 14 -20.844 18.284 1.414 -21.857 19.270 2.000 -24.461 16.216 2.000
3 14 -24.461 16.216 2.000 -23.327 15.371 1.414 -20.844 18.284 1.414
3 14 -20.424 17.876 0.000 -20.844 18.284 1.414 -23.327 15.371 1.414
3 14 -23.327 15.371 1.414 -22.857 15.021 0.000 -20.424 17.876 0.000
3 14 -20.844 18.284 -1.414 -20.424 17.876 0.000 -22.857 15.021 0.000
3 14 -22.857 15.021 0.000 -23.327 15.371 -1.414 -20.844 18.284 -1.414
3 14 -21.857 19.270 -2.000 -20.844 18.284 -1.414 -23.327 15.371 -1.414
3 14 -23.327 15.371 -1.414 -24.461 16.216 -2.000 -21.857 19.270 -2.000
3 14 -22.871 20.257 -1.414 -21.857 19.270 -2.000 -24.461 16.216 -2.000
3 14 -24.461 16.216 -2.000 -25.595 17.060 -1.414 -22.871 20.257 -1.414
3 14 -23.291 20.665 0.000 -22.871 20.257 -1.414 -25.595 17.060 -1.414
3 14 -25.595 17.060 -1.414 -26.065 17.410 0.000 -23.291 20.665 0.000
3 14 -22.871 20.257 1.414 -23.291 20.665 0.000 -26.065 17.410 0.000
3 14 -26.065 17.410 0.000 -25.595 17.060 1.414 -22.871 20.257 1.414
3 14 -21.857 19.270 2.000 -22.871 20.257 1.414 -25.595 17.060 1.414
3 14 -25.595 17.060 1.414 -24.461 16.216 2.000 -21.857 19.270 2.000
3 14 -23.327 15.371 1.414 -24.461 16.216 2.000 -26.641 12.846 2.000
3 14 -26.641 12.846 2.000 -25.406 12.157 1.414 -23.327 15.371 1.414
3 14 -22.857 15.021 0.000 -23.327 15.371 1.414 -25.406 12.157 1.414
3 14 -25.406 12.157 1.414 -24.894 11.872 0.000 -22.857 15.021 0.000
3 14 -23.327 15.371 -1.414 -22.857 15.021 0.000 -24.894 11.872 0.000
3 14 -24.894 11.872 0.000 -25.406 12.157 -1.414 -23.327 15.371 -1.414
3 14 -24.461 16.216 -2.000 -23.327 15.371 -1.414 -25.406 12.157 -1.414
3 14 -25.406 12.157 -1.414 -26.641 12.846 -2.000 -24.461 16.216 -2.000
3 14 -25.595 17.060 -1.414 -24.461 16.216 -2.000 -26.641 12.846 -2.000
3 14 -26.641 12.846 -2.000 -27.877 13.534 -1.414 -25.595 17.060 -1.414
3 14 -26.065 17.410 0.000 -25.595 17.060 -1.414 -27.877 13.534 -1.414
3 14 -27.877 13.534 -1.414 -28.388 13.819 0.000 -26.065 17.410 0.000
3 14 -25.595 17.060 1.414 -26.065 17.410 0.000 -28.388 13.819 0.000
3 14 -28.388 13.819 0.000 -27.877 13.534 1.414 -25.595 17.060 1.414
3 14 -24.461 16.216 2.000 -25.595 17.060 1.414 -27.877 13.534 1.414
3 14 -27.877 13.534 1.414 -26.641 12.846 2.000 -24.461 16.216 2.000
3 14 -25.406 12.157 1.414 -26.641 12.846 2.000 -28.360 9.219 2.000
3 14 -28.360 9.219 2.000 -27.045 8.698 1.414 -25.406 12.157 1.414
3 14 -24.894 11.872 0.000 -25.406 12.157 1.414 -27.045 8.698 1.414
3 14 -27.045 8.698 1.414 -26.500 8.483 0.000 -24.894 11.872 0.000
3 14 -25.406 12.157 -1.414 -24.894 11.872 0.000 -26.500 8.483 0.000
3 14 -26.500 8.483 0.000 -27.045 8.698 -1.414 -25.406 12.157 -1.414
3 14 -26.641 12.846 -2.000 -25.406 12.157 -1.414 -27.045 8.698 -1.414
3 14 -27.045 8.698 -1.414 -28.360 9.219 -2.000 -26.641 12.846 -2.000
3 14 -27.877 13.534 -1.414 -26.641 12.846 -2.000 -28.360 9.219 -2.000
3 14 -28.360 9.219 -2.000 -29.675 9.739 -1.414 -27.877 13.534 -1.414
3 14 -28.388 13.819 0.000 -27.877 13.534 -1.414 -29.675 9.739 -1.414
3 14 -29.675 9.739 -1.414 -30.220 9.954 0.000 -28.388 13.819 0.000
3 14 -27.877 13.534 1.414 -28.388 13.819 0.000 -30.220 9.954 0.000
3 14 -30.220 9.954 0.000 -29.675 9.739 1.414 -27.877 13.534 1.414
3 14 -26.641 12.846 2.000 -27.877 13.534 1.414 -29.675 9.739 1.414
3 14 -29.675 9.739 1.414 -28.360 9.219 2.000 -26.641 12.846 2.000
3 14 -27.045 8.698 1.414 -28.360 9.219 2.000 -29.588 5.397 2.000
3 14 -29.588 5.397 2.000 -28.216 5.054 1.414 -27.045 8.698 1.414
3 14 -26.500 8.483 0.000 -27.045 8.698 1.414 -28.216 5.054 1.414
3 14 -28.216 5.054 1.414 -27.647 4.912 0.000 -26.500 8.483 0.000
3 14 -27.045 8.698 -1.414 -26.500 8.483 0.000 -27.647 4.912 0.000
3 14 -27.647 4.912 0.000 -28.216 5.054 -1.414 -27.045 8.698 -1.414
3 14 -28.360 9.219 -2.000 -27.045 8.698 -1.414 -28.216 5.054 -1.414
3 14 -28.216 5.054 -1.414 -29.588 5.397 -2.000 -28.360 9.219 -2.000
3 14 -29.675 9.739 -1.414 -28.360 9.219 -2.000 -29.588 5.397 -2.000
3 14 -29.588 5.397 -2.000 -30.960 5.740 -1.414 -29.675 9.739 -1.414
3 14 -30.220 9.954 0.000 -29.675 9.739 -1.414 -30.960 5.740 -1.414
3 14 -30.960 5.740 -1.414 -31.528 5.882 0.000 -30.220 9.954 0.000
3 14 -29.675 9.739 1.414 -30.220 9.954 0.000 -31.528 5.882 0.000
3 14 -31.528 5.882 0.000 -30.960 5.740 1.414 -29.675 9.739 1.414
3 14 -28.360 9.219 2.000 -29.675 9.739 1.414 -30.960 5.740 1.414
3 14 -30.960 5.740 1.414 -29.588 5.397 2.000 -28.360 9.219 2.000
3 14 -28.216 5.054 1.414 -29.588 5.397 2.000 -30.303 1.448 2.000
3 14 -30.303 1.448 2.000 -28.898 1.288 1.414 -28.216 5.054 1.414
3 14 -27.647 4.912 0.000 -28.216 5.054 1.414 -28.898 1.288 1.414
3 14 -28.898 1.288 1.414 -28.315 1.222 0.000 -27.647 4.912 0.000
3 14 -28.216 5.054 -1.414 -27.647 4.912 0.000 -28.315 1.222 0.000
3 14 -28.315 1.222 0.000 -28.898 1.288 -1.414 -28.216 5.054 -1.414
3 14 -29.588 5.397 -2.000 -28.216 5.054 -1.414 -28.898 1.288 -1.414
3 14 -28.898 1.288 -1.414 -30.303 1.448 -2.000 -29.588 5.397 -2.000
3 14 -30.960 5.740 -1.414 -29.588 5.397 -2.000 -30.303 1.448 -2.000
3 14 -30.303 1.448 -2.000 -31.708 1.608 -1.414 -30.960 5.740 -1.414
3 14 -31.528 5.882 0.000 -30.960 5.740 -1.414 -31.708 1.608 -1.414
3 14 -31.708 1.608 -1.414 -32.290 1.674 0.000 -31.528 5.882 0.000
3 14 -30.960 5.740 1.414 -31.528 5.882 0.000 -32.290 1.674 0.000
3 14 -32.290 1.674 0.000 -31.708 1.608 1.414 -30.960 5.740 1.414
3 14 -29.588 5.397 2.000 -30.960 5.740 1.414 -31.708 1.608 1.414
3 14 -31.708 1.608 1.414 -30.303 1.448 2.000 -29.588 5.397 2.000
3 14 -28.898 1.288 1.414 -30.303 1.448 2.000 -30.493 -2.561 2.000
3 14 -30.493 -2.561 2.000 -29.079 -2.535 1.414 -28.898 1.288 1.414
3 14 -28.315 1.222 0.000 -28.898 1.288 1.414 -29.079 -2.535 1.414
3 14 -29.079 -2.535 1.414 -28.493 -2.525 0.000 -28.315 1.222 0.000
3 14 -28.898 1.288 -1.414 -28.315 1.222 0.000 -28.493 -2.525 0.000
3 14 -28.493 -2.525 0.000 -29.079 -2.535 -1.414 -28.898 1.288 -1.414
3 14 -30.303 1.448 -2.000 -28.898 1.288 -1.414 -29.079 -2.535 -1.414
3 14 -29.079 -2.535 -1.414 -30.493 -2.561 -2.000 -30.303 1.448 -2.000
3 14 -31.708 1.608 -1.414 -30.303 1.448 -2.000 -30.493 -2.561 -2.000
3 14 -30.493 -2.561 -2.000 -31.907 -2.588 -1.414 -31.708 1.608 -1.414
3 14 -32.290 1.674 0.000 -31.708 1.608 -1.414 -31.907 -2.588 -1.414
3 14 -31.907 -2.588 -1.414 -32.493 -2.598 0.000 -32.290 1.674 0.000
3 14 -31.708 1.608 1.414 -32.290 1.674 0.000 -32.493 -2.598 0.000
3 14 -32.493 -2.598 0.000 -31.907 -2.588 1.414 -31.708 1.608 1.414
3 14 -30.303 1.448 2.000 -31.708 1.608 1.414 -31.907 -2.588 1.414
3 14 -31.907 -2.588 1.414 -30.493 -2.561 2.000 -30.303 1.448 2.000
3 14 -29.079 -2.535 1.414 -30.493 -2.561 2.000 -30.155 -6.561 2.000
3 14 -30.155 -6.561 2.000 -28.757 -6.351 1.414 -29.079 -2.535 1.414
3 14 -28.493 -2.525 0.000 -29.079 -2.535 1.414 -28.757 -6.351 1.414
3 14 -28.757 -6.351 1.414 -28.177 -6.264 0.000 -28.493 -2.525 0.000
3 14 -29.079 -2.535 -1.414 -28.493 -2.525 0.000 -28.177 -6.264 0.000
3 14 -28.177 -6.264 0.000 -28.757 -6.351 -1.414 -29.079 -2.535 -1.414
3 14 -30.493 -2.561 -2.000 -29.079 -2.535 -1.414 -28.757 -6.351 -1.414
3 14 -28.757 -6.351 -1.414 -30.155 -6.561 -2.000 -30.493 -2.561 -2.000
3 14 -31.907 -2.588 -1.414 -30.493 -2.561 -2.000 -30.155 -6.561 -2.000
3 14 -30.155 -6.561 -2.000 -31.554 -6.771 -1.414 -31.907 -2.588 -1.414
3 14 -32.493 -2.598 0.000 -31.907 -2.588 -1.414 -31.554 -6.771 -1.414
3 14 -31.554 -6.771 -1.414 -32.133 -6.858 0.000 -32.493 -2.598 0.000
3 14 -31.907 -2.588 1.414 -32.493 -2.598 0.000 -32.133 -6.858 0.000
3 14 -32.133 -6.858 0.000 -31.554 -6.771 1.414 -31.907 -2.588 1.414
3 14 -30.493 -2.561 2.000 -31.907 -2.588 1.414 -31.554 -6.771 1.414
3 14 -31.554 -6.771 1.414 -30.155 -6.561 2.000 -30.493 -2.561 2.000
3 14 -28.757 -6.351 1.414 -30.155 -6.561 2.000 -29.324 -10.388 2.000
3 14 -29.324 -10.388 2.000 -27.964 -9.999 1.414 -28.757 -6.351 1.414
3 14 -28.177 -6.264 0.000 -28.757 -6.351 1.414 -27.964 -9.999 1.414
3 14 -27.964 -9.999 1.414 -27.401 -9.838 0.000 -28.177 -6.264 0.000
3 14 -28.757 -6.351 -1.414 -28.177 -6.264 0.000 -27.401 -9.838 0.000
3 14 -27.401 -9.838 0.000 -27.964 -9.999 -1.414 -28.757 -6.351 -1.414
3 14 -30.155 -6.561 -2.000 -28.757 -6.351 -1.414 -27.964 -9.999 -1.414
3 14 -27.964 -9.999 -1.414 -29.324 -10.388 -2.000 -30.155 -6.561 -2.000
3 14 -31.554 -6.771 -1.414 -30.155 -6.561 -2.000 -29.324 -10.388 -2.000
3 14 -29.324 -10.388 -2.000 -30.684 -10.776 -1.414 -31.554 -6.771 -1.414
3 14 -32.133 -6.858 0.000 -31.554 -6.771 -1.414 -30.684 -10.776 -1.414
3 14 -30.684 -10.776 -1.414 -31.247 -10.938 0.000 -32.133 -6.858 0.000
3 14 -31.554 -6.771 1.414 -32.133 -6.858 0.000 -31.247 -10.938 0.000
3 14 -31.247 -10.938 0.000 -30.684 -10.776 1.414 -31.554 -6.771 1.414
3 14 -30.155 -6.561 2.000 -31.554 -6.771 1.414 -30.684 -10.776 1.414
3 14 -30.684 -10.776 1.414 -29.324 -10.388 2.000 -30.155 -6.561 2.000
