0 FILE xpj0107.dat
0 xpj0107
0 Name:  Untitled_13
0 Author:  
0 BL_Item_No xpj0107.dat
0 BFC CERTIFY CCW
3 65 11.234 9.497 -5.586 11.437 10.896 -5.000 3.004 12.121 -5.170
3 65 3.004 12.121 -5.170 2.820 10.719 -5.755 11.234 9.497 -5.586
3 65 11.150 8.917 -7.000 11.234 9.497 -5.586 2.820 10.719 -5.755
3 65 2.820 10.719 -5.755 2.782 10.133 -7.168 11.150 8.917 -7.000
3 65 11.234 9.497 -8.414 11.150 8.917 -7.000 2.782 10.133 -7.168
3 65 2.782 10.133 -7.168 2.912 10.706 -8.582 11.234 9.497 -8.414
3 65 11.437 10.896 -9.000 11.234 9.497 -8.414 2.912 10.706 -8.582
3 65 2.912 10.706 -8.582 3.135 12.102 -9.167 11.437 10.896 -9.000
3 65 11.640 12.296 -8.414 11.437 10.896 -9.000 3.135 12.102 -9.167
3 65 3.135 12.102 -9.167 3.319 13.505 -8.582 11.640 12.296 -8.414
3 65 11.724 12.875 -7.000 11.640 12.296 -8.414 3.319 13.505 -8.582
3 65 3.319 13.505 -8.582 3.357 14.091 -7.168 11.724 12.875 -7.000
3 65 11.640 12.296 -5.586 11.724 12.875 -7.000 3.357 14.091 -7.168
3 65 3.357 14.091 -7.168 3.227 13.518 -5.755 11.640 12.296 -5.586
3 65 11.437 10.896 -5.000 11.640 12.296 -5.586 3.227 13.518 -5.755
3 65 3.227 13.518 -5.755 3.004 12.121 -5.170 11.437 10.896 -5.000
3 65 2.820 10.719 -5.755 3.004 12.121 -5.170 -16.699 14.986 -6.086
3 65 -16.699 14.986 -6.086 -16.872 13.582 -6.671 2.820 10.719 -5.755
3 65 2.782 10.133 -7.168 2.820 10.719 -5.755 -16.872 13.582 -6.671
3 65 -16.872 13.582 -6.671 -16.884 12.992 -8.083 2.782 10.133 -7.168
3 65 2.912 10.706 -8.582 2.782 10.133 -7.168 -16.884 12.992 -8.083
3 65 -16.884 12.992 -8.083 -16.727 13.561 -9.496 2.912 10.706 -8.582
3 65 3.135 12.102 -9.167 2.912 10.706 -8.582 -16.727 13.561 -9.496
3 65 -16.727 13.561 -9.496 -16.494 14.956 -10.081 3.135 12.102 -9.167
3 65 3.319 13.505 -8.582 3.135 12.102 -9.167 -16.494 14.956 -10.081
3 65 -16.494 14.956 -10.081 -16.320 16.360 -9.495 3.319 13.505 -8.582
3 65 3.357 14.091 -7.168 3.319 13.505 -8.582 -16.320 16.360 -9.495
3 65 -16.320 16.360 -9.495 -16.309 16.950 -8.083 3.357 14.091 -7.168
3 65 3.227 13.518 -5.755 3.357 14.091 -7.168 -16.309 16.950 -8.083
3 65 -16.309 16.950 -8.083 -16.465 16.381 -6.671 3.227 13.518 -5.755
3 65 3.004 12.121 -5.170 3.227 13.518 -5.755 -16.465 16.381 -6.671
3 65 -16.465 16.381 -6.671 -16.699 14.986 -6.086 3.004 12.121 -5.170
3 65 -16.872 13.582 -6.671 -16.699 14.986 -6.086 -36.368 17.846 -7.235
3 65 -36.368 17.846 -7.235 -36.537 16.442 -7.820 -16.872 13.582 -6.671
3 65 -16.884 12.992 -8.083 -16.872 13.582 -6.671 -36.537 16.442 -7.820
3 65 -36.537 16.442 -7.820 -36.538 15.850 -9.231 -16.884 12.992 -8.083
3 65 -16.727 13.561 -9.496 -16.884 12.992 -8.083 -36.538 15.850 -9.231
3 65 -36.538 15.850 -9.231 -36.370 16.417 -10.643 -16.727 13.561 -9.496
3 65 -16.494 14.956 -10.081 -16.727 13.561 -9.496 -36.370 16.417 -10.643
3 65 -36.370 16.417 -10.643 -36.132 17.812 -11.228 -16.494 14.956 -10.081
3 65 -16.320 16.360 -9.495 -16.494 14.956 -10.081 -36.132 17.812 -11.228
3 65 -36.132 17.812 -11.228 -35.963 19.216 -10.643 -16.320 16.360 -9.495
3 65 -16.309 16.950 -8.083 -16.320 16.360 -9.495 -35.963 19.216 -10.643
3 65 -35.963 19.216 -10.643 -35.962 19.808 -9.231 -16.309 16.950 -8.083
3 65 -16.465 16.381 -6.671 -16.309 16.950 -8.083 -35.962 19.808 -9.231
3 65 -35.962 19.808 -9.231 -36.130 19.241 -7.820 -16.465 16.381 -6.671
3 65 -16.699 14.986 -6.086 -16.465 16.381 -6.671 -36.130 19.241 -7.820
3 65 -36.130 19.241 -7.820 -36.368 17.846 -7.235 -16.699 14.986 -6.086
3 65 -36.537 16.442 -7.820 -36.368 17.846 -7.235 -75.664 23.561 -9.683
3 65 -75.664 23.561 -9.683 -75.834 22.157 -10.268 -36.537 16.442 -7.820
3 65 -36.538 15.850 -9.231 -36.537 16.442 -7.820 -75.834 22.157 -10.268
3 65 -75.834 22.157 -10.268 -75.837 21.565 -11.680 -36.538 15.850 -9.231
3 65 -36.370 16.417 -10.643 -36.538 15.850 -9.231 -75.837 21.565 -11.680
3 65 -75.837 21.565 -11.680 -75.672 22.133 -13.092 -36.370 16.417 -10.643
3 65 -36.132 17.812 -11.228 -36.370 16.417 -10.643 -75.672 22.133 -13.092
3 65 -75.672 22.133 -13.092 -75.434 23.528 -13.676 -36.132 17.812 -11.228
3 65 -35.963 19.216 -10.643 -36.132 17.812 -11.228 -75.434 23.528 -13.676
3 65 -75.434 23.528 -13.676 -75.265 24.932 -13.092 -35.963 19.216 -10.643
3 65 -35.962 19.808 -9.231 -35.963 19.216 -10.643 -75.265 24.932 -13.092
3 65 -75.265 24.932 -13.092 -75.261 25.524 -11.680 -35.962 19.808 -9.231
3 65 -36.130 19.241 -7.820 -35.962 19.808 -9.231 -75.261 25.524 -11.680
3 65 -75.261 25.524 -11.680 -75.427 24.956 -10.268 -36.130 19.241 -7.820
3 65 -36.368 17.846 -7.235 -36.130 19.241 -7.820 -75.427 24.956 -10.268
3 65 -75.427 24.956 -10.268 -75.664 23.561 -9.683 -36.368 17.846 -7.235
3 65 -75.834 22.157 -10.268 -75.664 23.561 -9.683 -111.022 28.703 -11.626
3 65 -111.022 28.703 -11.626 -111.199 27.299 -12.211 -75.834 22.157 -10.268
3 65 -75.837 21.565 -11.680 -75.834 22.157 -10.268 -111.199 27.299 -12.211
3 65 -111.199 27.299 -12.211 -111.220 26.711 -13.624 -75.837 21.565 -11.680
3 65 -75.672 22.133 -13.092 -75.837 21.565 -11.680 -111.220 26.711 -13.624
3 65 -111.220 26.711 -13.624 -111.073 27.281 -15.036 -75.672 22.133 -13.092
3 65 -75.434 23.528 -13.676 -75.672 22.133 -13.092 -111.073 27.281 -15.036
3 65 -111.073 27.281 -15.036 -110.844 28.677 -15.622 -75.434 23.528 -13.676
3 65 -75.265 24.932 -13.092 -75.434 23.528 -13.676 -110.844 28.677 -15.622
3 65 -110.844 28.677 -15.622 -110.666 30.080 -15.036 -75.265 24.932 -13.092
3 65 -75.261 25.524 -11.680 -75.265 24.932 -13.092 -110.666 30.080 -15.036
3 65 -110.666 30.080 -15.036 -110.645 30.669 -13.624 -75.261 25.524 -11.680
3 65 -75.427 24.956 -10.268 -75.261 25.524 -11.680 -110.645 30.669 -13.624
3 65 -110.645 30.669 -13.624 -110.792 30.098 -12.211 -75.427 24.956 -10.268
3 65 -75.664 23.561 -9.683 -75.427 24.956 -10.268 -110.792 30.098 -12.211
3 65 -110.792 30.098 -12.211 -111.022 28.703 -11.626 -75.664 23.561 -9.683
3 65 -111.199 27.299 -12.211 -111.022 28.703 -11.626 -118.857 29.842 -11.907
3 65 -118.857 29.842 -11.907 -119.045 28.440 -12.493 -111.199 27.299 -12.211
3 65 -111.220 26.711 -13.624 -111.199 27.299 -12.211 -119.045 28.440 -12.493
3 65 -119.045 28.440 -12.493 -119.090 27.854 -13.906 -111.220 26.711 -13.624
3 65 -111.073 27.281 -15.036 -111.220 26.711 -13.624 -119.090 27.854 -13.906
3 65 -119.090 27.854 -13.906 -118.967 28.428 -15.320 -111.073 27.281 -15.036
3 65 -110.844 28.677 -15.622 -111.073 27.281 -15.036 -118.967 28.428 -15.320
3 65 -118.967 28.428 -15.320 -118.747 29.826 -15.906 -110.844 28.677 -15.622
3 65 -110.666 30.080 -15.036 -110.844 28.677 -15.622 -118.747 29.826 -15.906
3 65 -118.747 29.826 -15.906 -118.560 31.227 -15.320 -110.666 30.080 -15.036
3 65 -110.645 30.669 -13.624 -110.666 30.080 -15.036 -118.560 31.227 -15.320
3 65 -118.560 31.227 -15.320 -118.515 31.813 -13.906 -110.645 30.669 -13.624
3 65 -110.792 30.098 -12.211 -110.645 30.669 -13.624 -118.515 31.813 -13.906
3 65 -118.515 31.813 -13.906 -118.638 31.239 -12.493 -110.792 30.098 -12.211
3 65 -111.022 28.703 -11.626 -110.792 30.098 -12.211 -118.638 31.239 -12.493
3 65 -118.638 31.239 -12.493 -118.857 29.842 -11.907 -111.022 28.703 -11.626
3 65 -119.045 28.440 -12.493 -118.857 29.842 -11.907 -122.762 30.409 -11.986
3 65 -122.762 30.409 -11.986 -122.947 29.007 -12.572 -119.045 28.440 -12.493
3 65 -119.090 27.854 -13.906 -119.045 28.440 -12.493 -122.947 29.007 -12.572
3 65 -122.947 29.007 -12.572 -123.009 28.424 -13.986 -119.090 27.854 -13.906
3 65 -118.967 28.428 -15.320 -119.090 27.854 -13.906 -123.009 28.424 -13.986
3 65 -123.009 28.424 -13.986 -122.914 29.002 -15.400 -118.967 28.428 -15.320
3 65 -118.747 29.826 -15.906 -118.967 28.428 -15.320 -122.914 29.002 -15.400
3 65 -122.914 29.002 -15.400 -122.716 30.402 -15.986 -118.747 29.826 -15.906
3 65 -118.560 31.227 -15.320 -118.747 29.826 -15.906 -122.716 30.402 -15.986
3 65 -122.716 30.402 -15.986 -122.531 31.804 -15.400 -118.560 31.227 -15.320
3 65 -118.515 31.813 -13.906 -118.560 31.227 -15.320 -122.531 31.804 -15.400
3 65 -122.531 31.804 -15.400 -122.469 32.387 -13.986 -118.515 31.813 -13.906
3 65 -118.638 31.239 -12.493 -118.515 31.813 -13.906 -122.469 32.387 -13.986
3 65 -122.469 32.387 -13.986 -122.564 31.809 -12.572 -118.638 31.239 -12.493
3 65 -118.857 29.842 -11.907 -118.638 31.239 -12.493 -122.564 31.809 -12.572
3 65 -122.564 31.809 -12.572 -122.762 30.409 -11.986 -118.857 29.842 -11.907
3 65 -122.947 29.007 -12.572 -122.762 30.409 -11.986 -126.688 30.909 -12.000
3 65 -126.688 30.909 -12.000 -126.785 29.498 -12.586 -122.947 29.007 -12.572
3 65 -123.009 28.424 -13.986 -122.947 29.007 -12.572 -126.785 29.498 -12.586
3 65 -126.785 29.498 -12.586 -126.823 28.913 -14.000 -123.009 28.424 -13.986
3 65 -122.914 29.002 -15.400 -123.009 28.424 -13.986 -126.823 28.913 -14.000
3 65 -126.823 28.913 -14.000 -126.780 29.498 -15.414 -122.914 29.002 -15.400
3 65 -122.716 30.402 -15.986 -122.914 29.002 -15.400 -126.780 29.498 -15.414
3 65 -126.780 29.498 -15.414 -126.681 30.908 -16.000 -122.716 30.402 -15.986
3 65 -122.531 31.804 -15.400 -122.716 30.402 -15.986 -126.681 30.908 -16.000
3 65 -126.681 30.908 -16.000 -126.585 32.319 -15.414 -122.531 31.804 -15.400
3 65 -122.469 32.387 -13.986 -122.531 31.804 -15.400 -126.585 32.319 -15.414
3 65 -126.585 32.319 -15.414 -126.547 32.904 -14.000 -122.469 32.387 -13.986
3 65 -122.564 31.809 -12.572 -122.469 32.387 -13.986 -126.547 32.904 -14.000
3 65 -126.547 32.904 -14.000 -126.590 32.320 -12.586 -122.564 31.809 -12.572
3 65 -122.762 30.409 -11.986 -122.564 31.809 -12.572 -126.590 32.320 -12.586
3 65 -126.590 32.320 -12.586 -126.688 30.909 -12.000 -122.762 30.409 -11.986
3 65 -126.785 29.498 -12.586 -126.688 30.909 -12.000 -130.660 30.953 -12.000
3 65 -130.660 30.953 -12.000 -130.582 29.541 -12.586 -126.785 29.498 -12.586
3 65 -126.823 28.913 -14.000 -126.785 29.498 -12.586 -130.582 29.541 -12.586
3 65 -130.582 29.541 -12.586 -130.549 28.956 -14.000 -126.823 28.913 -14.000
3 65 -126.780 29.498 -15.414 -126.823 28.913 -14.000 -130.549 28.956 -14.000
3 65 -130.549 28.956 -14.000 -130.582 29.541 -15.414 -126.780 29.498 -15.414
3 65 -126.681 30.908 -16.000 -126.780 29.498 -15.414 -130.582 29.541 -15.414
3 65 -130.582 29.541 -15.414 -130.660 30.953 -16.000 -126.681 30.908 -16.000
3 65 -126.585 32.319 -15.414 -126.681 30.908 -16.000 -130.660 30.953 -16.000
3 65 -130.660 30.953 -16.000 -130.739 32.365 -15.414 -126.585 32.319 -15.414
3 65 -126.547 32.904 -14.000 -126.585 32.319 -15.414 -130.739 32.365 -15.414
3 65 -130.739 32.365 -15.414 -130.772 32.950 -14.000 -126.547 32.904 -14.000
3 65 -126.590 32.320 -12.586 -126.547 32.904 -14.000 -130.772 32.950 -14.000
3 65 -130.772 32.950 -14.000 -130.739 32.365 -12.586 -126.590 32.320 -12.586
3 65 -126.688 30.909 -12.000 -126.590 32.320 -12.586 -130.739 32.365 -12.586
3 65 -130.739 32.365 -12.586 -130.660 30.953 -12.000 -126.688 30.909 -12.000
3 65 -130.582 29.541 -12.586 -130.660 30.953 -12.000 -134.607 30.468 -12.000
3 65 -134.607 30.468 -12.000 -134.342 29.079 -12.586 -130.582 29.541 -12.586
3 65 -130.549 28.956 -14.000 -130.582 29.541 -12.586 -134.342 29.079 -12.586
3 65 -134.342 29.079 -12.586 -134.232 28.503 -14.000 -130.549 28.956 -14.000
3 65 -130.582 29.541 -15.414 -130.549 28.956 -14.000 -134.232 28.503 -14.000
3 65 -134.232 28.503 -14.000 -134.342 29.079 -15.414 -130.582 29.541 -15.414
3 65 -130.660 30.953 -16.000 -130.582 29.541 -15.414 -134.342 29.079 -15.414
3 65 -134.342 29.079 -15.414 -134.607 30.468 -16.000 -130.660 30.953 -16.000
3 65 -130.739 32.365 -15.414 -130.660 30.953 -16.000 -134.607 30.468 -16.000
3 65 -134.607 30.468 -16.000 -134.871 31.857 -15.414 -130.739 32.365 -15.414
3 65 -130.772 32.950 -14.000 -130.739 32.365 -15.414 -134.871 31.857 -15.414
3 65 -134.871 31.857 -15.414 -134.981 32.433 -14.000 -130.772 32.950 -14.000
3 65 -130.739 32.365 -12.586 -130.772 32.950 -14.000 -134.981 32.433 -14.000
3 65 -134.981 32.433 -14.000 -134.871 31.857 -12.586 -130.739 32.365 -12.586
3 65 -130.660 30.953 -12.000 -130.739 32.365 -12.586 -134.871 31.857 -12.586
3 65 -134.871 31.857 -12.586 -134.607 30.468 -12.000 -130.660 30.953 -12.000
3 65 -134.342 29.079 -12.586 -134.607 30.468 -12.000 -138.455 29.469 -12.000
3 65 -138.455 29.469 -12.000 -138.009 28.127 -12.586 -134.342 29.079 -12.586
3 65 -134.232 28.503 -14.000 -134.342 29.079 -12.586 -138.009 28.127 -12.586
3 65 -138.009 28.127 -12.586 -137.825 27.571 -14.000 -134.232 28.503 -14.000
3 65 -134.342 29.079 -15.414 -134.232 28.503 -14.000 -137.825 27.571 -14.000
3 65 -137.825 27.571 -14.000 -138.009 28.127 -15.414 -134.342 29.079 -15.414
3 65 -134.607 30.468 -16.000 -134.342 29.079 -15.414 -138.009 28.127 -15.414
3 65 -138.009 28.127 -15.414 -138.455 29.469 -16.000 -134.607 30.468 -16.000
3 65 -134.871 31.857 -15.414 -134.607 30.468 -16.000 -138.455 29.469 -16.000
3 65 -138.455 29.469 -16.000 -138.900 30.811 -15.414 -134.871 31.857 -15.414
3 65 -134.981 32.433 -14.000 -134.871 31.857 -15.414 -138.900 30.811 -15.414
3 65 -138.900 30.811 -15.414 -139.084 31.367 -14.000 -134.981 32.433 -14.000
3 65 -134.871 31.857 -12.586 -134.981 32.433 -14.000 -139.084 31.367 -14.000
3 65 -139.084 31.367 -14.000 -138.900 30.811 -12.586 -134.871 31.857 -12.586
3 65 -134.607 30.468 -12.000 -134.871 31.857 -12.586 -138.900 30.811 -12.586
3 65 -138.900 30.811 -12.586 -138.455 29.469 -12.000 -134.607 30.468 -12.000
3 65 -138.009 28.127 -12.586 -138.455 29.469 -12.000 -142.137 27.969 -12.000
3 65 -142.137 27.969 -12.000 -141.517 26.698 -12.586 -138.009 28.127 -12.586
3 65 -137.825 27.571 -14.000 -138.009 28.127 -12.586 -141.517 26.698 -12.586
3 65 -141.517 26.698 -12.586 -141.261 26.171 -14.000 -137.825 27.571 -14.000
3 65 -138.009 28.127 -15.414 -137.825 27.571 -14.000 -141.261 26.171 -14.000
3 65 -141.261 26.171 -14.000 -141.517 26.698 -15.414 -138.009 28.127 -15.414
3 65 -138.455 29.469 -16.000 -138.009 28.127 -15.414 -141.517 26.698 -15.414
3 65 -141.517 26.698 -15.414 -142.137 27.969 -16.000 -138.455 29.469 -16.000
3 65 -138.900 30.811 -15.414 -138.455 29.469 -16.000 -142.137 27.969 -16.000
3 65 -142.137 27.969 -16.000 -142.756 29.241 -15.414 -138.900 30.811 -15.414
3 65 -139.084 31.367 -14.000 -138.900 30.811 -15.414 -142.756 29.241 -15.414
3 65 -142.756 29.241 -15.414 -143.013 29.767 -14.000 -139.084 31.367 -14.000
3 65 -138.900 30.811 -12.586 -139.084 31.367 -14.000 -143.013 29.767 -14.000
3 65 -143.013 29.767 -14.000 -142.756 29.241 -12.586 -138.900 30.811 -12.586
3 65 -138.455 29.469 -12.000 -138.900 30.811 -12.586 -142.756 29.241 -12.586
3 65 -142.756 29.241 -12.586 -142.137 27.969 -12.000 -138.455 29.469 -12.000
3 65 -141.517 26.698 -12.586 -142.137 27.969 -12.000 -145.587 25.994 -12.000
3 65 -145.587 25.994 -12.000 -144.805 24.816 -12.586 -141.517 26.698 -12.586
3 65 -141.261 26.171 -14.000 -141.517 26.698 -12.586 -144.805 24.816 -12.586
3 65 -144.805 24.816 -12.586 -144.481 24.328 -14.000 -141.261 26.171 -14.000
3 65 -141.517 26.698 -15.414 -141.261 26.171 -14.000 -144.481 24.328 -14.000
3 65 -144.481 24.328 -14.000 -144.805 24.816 -15.414 -141.517 26.698 -15.414
3 65 -142.137 27.969 -16.000 -141.517 26.698 -15.414 -144.805 24.816 -15.414
3 65 -144.805 24.816 -15.414 -145.587 25.994 -16.000 -142.137 27.969 -16.000
3 65 -142.756 29.241 -15.414 -142.137 27.969 -16.000 -145.587 25.994 -16.000
3 65 -145.587 25.994 -16.000 -146.369 27.172 -15.414 -142.756 29.241 -15.414
3 65 -143.013 29.767 -14.000 -142.756 29.241 -15.414 -146.369 27.172 -15.414
3 65 -146.369 27.172 -15.414 -146.693 27.660 -14.000 -143.013 29.767 -14.000
3 65 -142.756 29.241 -12.586 -143.013 29.767 -14.000 -146.693 27.660 -14.000
3 65 -146.693 27.660 -14.000 -146.369 27.172 -12.586 -142.756 29.241 -12.586
3 65 -142.137 27.969 -12.000 -142.756 29.241 -12.586 -146.369 27.172 -12.586
3 65 -146.369 27.172 -12.586 -145.587 25.994 -12.000 -142.137 27.969 -12.000
3 65 -144.805 24.816 -12.586 -145.587 25.994 -12.000 -148.747 23.581 -12.000
3 65 -148.747 23.581 -12.000 -147.816 22.516 -12.586 -144.805 24.816 -12.586
3 65 -144.481 24.328 -14.000 -144.805 24.816 -12.586 -147.816 22.516 -12.586
3 65 -147.816 22.516 -12.586 -147.431 22.075 -14.000 -144.481 24.328 -14.000
3 65 -144.805 24.816 -15.414 -144.481 24.328 -14.000 -147.431 22.075 -14.000
3 65 -147.431 22.075 -14.000 -147.816 22.516 -15.414 -144.805 24.816 -15.414
3 65 -145.587 25.994 -16.000 -144.805 24.816 -15.414 -147.816 22.516 -15.414
3 65 -147.816 22.516 -15.414 -148.747 23.581 -16.000 -145.587 25.994 -16.000
3 65 -146.369 27.172 -15.414 -145.587 25.994 -16.000 -148.747 23.581 -16.000
3 65 -148.747 23.581 -16.000 -149.678 24.646 -15.414 -146.369 27.172 -15.414
3 65 -146.693 27.660 -14.000 -146.369 27.172 -15.414 -149.678 24.646 -15.414
3 65 -149.678 24.646 -15.414 -150.063 25.087 -14.000 -146.693 27.660 -14.000
3 65 -146.369 27.172 -12.586 -146.693 27.660 -14.000 -150.063 25.087 -14.000
3 65 -150.063 25.087 -14.000 -149.678 24.646 -12.586 -146.369 27.172 -12.586
3 65 -145.587 25.994 -12.000 -146.369 27.172 -12.586 -149.678 24.646 -12.586
3 65 -149.678 24.646 -12.586 -148.747 23.581 -12.000 -145.587 25.994 -12.000
3 65 -147.816 22.516 -12.586 -148.747 23.581 -12.000 -151.560 20.772 -12.000
3 65 -151.560 20.772 -12.000 -150.497 19.840 -12.586 -147.816 22.516 -12.586
3 65 -147.431 22.075 -14.000 -147.816 22.516 -12.586 -150.497 19.840 -12.586
3 65 -150.497 19.840 -12.586 -150.057 19.453 -14.000 -147.431 22.075 -14.000
3 65 -147.816 22.516 -15.414 -147.431 22.075 -14.000 -150.057 19.453 -14.000
3 65 -150.057 19.453 -14.000 -150.497 19.840 -15.414 -147.816 22.516 -15.414
3 65 -148.747 23.581 -16.000 -147.816 22.516 -15.414 -150.497 19.840 -15.414
3 65 -150.497 19.840 -15.414 -151.560 20.772 -16.000 -148.747 23.581 -16.000
3 65 -149.678 24.646 -15.414 -148.747 23.581 -16.000 -151.560 20.772 -16.000
3 65 -151.560 20.772 -16.000 -152.624 21.704 -15.414 -149.678 24.646 -15.414
3 65 -150.063 25.087 -14.000 -149.678 24.646 -15.414 -152.624 21.704 -15.414
3 65 -152.624 21.704 -15.414 -153.064 22.090 -14.000 -150.063 25.087 -14.000
3 65 -149.678 24.646 -12.586 -150.063 25.087 -14.000 -153.064 22.090 -14.000
3 65 -153.064 22.090 -14.000 -152.624 21.704 -12.586 -149.678 24.646 -12.586
3 65 -148.747 23.581 -12.000 -149.678 24.646 -12.586 -152.624 21.704 -12.586
3 65 -152.624 21.704 -12.586 -151.560 20.772 -12.000 -148.747 23.581 -12.000
3 65 -150.497 19.840 -12.586 -151.560 20.772 -12.000 -153.978 17.615 -12.000
3 65 -153.978 17.615 -12.000 -152.800 16.832 -12.586 -150.497 19.840 -12.586
3 65 -150.057 19.453 -14.000 -150.497 19.840 -12.586 -152.800 16.832 -12.586
3 65 -152.800 16.832 -12.586 -152.312 16.508 -14.000 -150.057 19.453 -14.000
3 65 -150.497 19.840 -15.414 -150.057 19.453 -14.000 -152.312 16.508 -14.000
3 65 -152.312 16.508 -14.000 -152.800 16.832 -15.414 -150.497 19.840 -15.414
3 65 -151.560 20.772 -16.000 -150.497 19.840 -15.414 -152.800 16.832 -15.414
3 65 -152.800 16.832 -15.414 -153.978 17.615 -16.000 -151.560 20.772 -16.000
3 65 -152.624 21.704 -15.414 -151.560 20.772 -16.000 -153.978 17.615 -16.000
3 65 -153.978 17.615 -16.000 -155.155 18.398 -15.414 -152.624 21.704 -15.414
3 65 -153.064 22.090 -14.000 -152.624 21.704 -15.414 -155.155 18.398 -15.414
3 65 -155.155 18.398 -15.414 -155.643 18.723 -14.000 -153.064 22.090 -14.000
3 65 -152.624 21.704 -12.586 -153.064 22.090 -14.000 -155.643 18.723 -14.000
3 65 -155.643 18.723 -14.000 -155.155 18.398 -12.586 -152.624 21.704 -12.586
3 65 -151.560 20.772 -12.000 -152.624 21.704 -12.586 -155.155 18.398 -12.586
3 65 -155.155 18.398 -12.586 -153.978 17.615 -12.000 -151.560 20.772 -12.000
3 65 -152.800 16.832 -12.586 -153.978 17.615 -12.000 -155.954 14.165 -12.000
3 65 -155.954 14.165 -12.000 -154.683 13.545 -12.586 -152.800 16.832 -12.586
3 65 -152.312 16.508 -14.000 -152.800 16.832 -12.586 -154.683 13.545 -12.586
3 65 -154.683 13.545 -12.586 -154.157 13.288 -14.000 -152.312 16.508 -14.000
3 65 -152.800 16.832 -15.414 -152.312 16.508 -14.000 -154.157 13.288 -14.000
3 65 -154.157 13.288 -14.000 -154.683 13.545 -15.414 -152.800 16.832 -15.414
3 65 -153.978 17.615 -16.000 -152.800 16.832 -15.414 -154.683 13.545 -15.414
3 65 -154.683 13.545 -15.414 -155.954 14.165 -16.000 -153.978 17.615 -16.000
3 65 -155.155 18.398 -15.414 -153.978 17.615 -16.000 -155.954 14.165 -16.000
3 65 -155.954 14.165 -16.000 -157.225 14.786 -15.414 -155.155 18.398 -15.414
3 65 -155.643 18.723 -14.000 -155.155 18.398 -15.414 -157.225 14.786 -15.414
3 65 -157.225 14.786 -15.414 -157.751 15.043 -14.000 -155.643 18.723 -14.000
3 65 -155.155 18.398 -12.586 -155.643 18.723 -14.000 -157.751 15.043 -14.000
3 65 -157.751 15.043 -14.000 -157.225 14.786 -12.586 -155.155 18.398 -12.586
3 65 -153.978 17.615 -12.000 -155.155 18.398 -12.586 -157.225 14.786 -12.586
3 65 -157.225 14.786 -12.586 -155.954 14.165 -12.000 -153.978 17.615 -12.000
3 65 -154.683 13.545 -12.586 -155.954 14.165 -12.000 -157.459 10.485 -12.000
3 65 -157.459 10.485 -12.000 -156.118 10.038 -12.586 -154.683 13.545 -12.586
3 65 -154.157 13.288 -14.000 -154.683 13.545 -12.586 -156.118 10.038 -12.586
3 65 -156.118 10.038 -12.586 -155.562 9.853 -14.000 -154.157 13.288 -14.000
3 65 -154.683 13.545 -15.414 -154.157 13.288 -14.000 -155.562 9.853 -14.000
3 65 -155.562 9.853 -14.000 -156.118 10.038 -15.414 -154.683 13.545 -15.414
3 65 -155.954 14.165 -16.000 -154.683 13.545 -15.414 -156.118 10.038 -15.414
3 65 -156.118 10.038 -15.414 -157.459 10.485 -16.000 -155.954 14.165 -16.000
3 65 -157.225 14.786 -15.414 -155.954 14.165 -16.000 -157.459 10.485 -16.000
3 65 -157.459 10.485 -16.000 -158.801 10.933 -15.414 -157.225 14.786 -15.414
3 65 -157.751 15.043 -14.000 -157.225 14.786 -15.414 -158.801 10.933 -15.414
3 65 -158.801 10.933 -15.414 -159.356 11.118 -14.000 -157.751 15.043 -14.000
3 65 -157.225 14.786 -12.586 -157.751 15.043 -14.000 -159.356 11.118 -14.000
3 65 -159.356 11.118 -14.000 -158.801 10.933 -12.586 -157.225 14.786 -12.586
3 65 -155.954 14.165 -12.000 -157.225 14.786 -12.586 -158.801 10.933 -12.586
3 65 -158.801 10.933 -12.586 -157.459 10.485 -12.000 -155.954 14.165 -12.000
3 65 -156.118 10.038 -12.586 -157.459 10.485 -12.000 -158.465 6.639 -12.000
3 65 -158.465 6.639 -12.000 -157.075 6.373 -12.586 -156.118 10.038 -12.586
3 65 -155.562 9.853 -14.000 -156.118 10.038 -12.586 -157.075 6.373 -12.586
3 65 -157.075 6.373 -12.586 -156.500 6.263 -14.000 -155.562 9.853 -14.000
3 65 -156.118 10.038 -15.414 -155.562 9.853 -14.000 -156.500 6.263 -14.000
3 65 -156.500 6.263 -14.000 -157.075 6.373 -15.414 -156.118 10.038 -15.414
3 65 -157.459 10.485 -16.000 -156.118 10.038 -15.414 -157.075 6.373 -15.414
3 65 -157.075 6.373 -15.414 -158.465 6.639 -16.000 -157.459 10.485 -16.000
3 65 -158.801 10.933 -15.414 -157.459 10.485 -16.000 -158.465 6.639 -16.000
3 65 -158.465 6.639 -16.000 -159.854 6.904 -15.414 -158.801 10.933 -15.414
3 65 -159.356 11.118 -14.000 -158.801 10.933 -15.414 -159.854 6.904 -15.414
3 65 -159.854 6.904 -15.414 -160.429 7.014 -14.000 -159.356 11.118 -14.000
3 65 -158.801 10.933 -12.586 -159.356 11.118 -14.000 -160.429 7.014 -14.000
3 65 -160.429 7.014 -14.000 -159.854 6.904 -12.586 -158.801 10.933 -12.586
3 65 -157.459 10.485 -12.000 -158.801 10.933 -12.586 -159.854 6.904 -12.586
3 65 -159.854 6.904 -12.586 -158.465 6.639 -12.000 -157.459 10.485 -12.000
3 65 -157.075 6.373 -12.586 -158.465 6.639 -12.000 -158.949 2.693 -12.000
3 65 -158.949 2.693 -12.000 -157.537 2.618 -12.586 -157.075 6.373 -12.586
3 65 -156.500 6.263 -14.000 -157.075 6.373 -12.586 -157.537 2.618 -12.586
3 65 -157.537 2.618 -12.586 -156.952 2.587 -14.000 -156.500 6.263 -14.000
3 65 -157.075 6.373 -15.414 -156.500 6.263 -14.000 -156.952 2.587 -14.000
3 65 -156.952 2.587 -14.000 -157.537 2.618 -15.414 -157.075 6.373 -15.414
3 65 -158.465 6.639 -16.000 -157.075 6.373 -15.414 -157.537 2.618 -15.414
3 65 -157.537 2.618 -15.414 -158.949 2.693 -16.000 -158.465 6.639 -16.000
3 65 -159.854 6.904 -15.414 -158.465 6.639 -16.000 -158.949 2.693 -16.000
3 65 -158.949 2.693 -16.000 -160.361 2.767 -15.414 -159.854 6.904 -15.414
3 65 -160.429 7.014 -14.000 -159.854 6.904 -15.414 -160.361 2.767 -15.414
3 65 -160.361 2.767 -15.414 -160.946 2.798 -14.000 -160.429 7.014 -14.000
3 65 -159.854 6.904 -12.586 -160.429 7.014 -14.000 -160.946 2.798 -14.000
3 65 -160.946 2.798 -14.000 -160.361 2.767 -12.586 -159.854 6.904 -12.586
3 65 -158.465 6.639 -12.000 -159.854 6.904 -12.586 -160.361 2.767 -12.586
3 65 -160.361 2.767 -12.586 -158.949 2.693 -12.000 -158.465 6.639 -12.000
3 65 -157.537 2.618 -12.586 -158.949 2.693 -12.000 -158.876 -1.782 -12.000
3 65 -158.876 -1.782 -12.000 -157.468 -1.658 -12.586 -157.537 2.618 -12.586
3 65 -156.952 2.587 -14.000 -157.537 2.618 -12.586 -157.468 -1.658 -12.586
3 65 -157.468 -1.658 -12.586 -156.884 -1.607 -14.000 -156.952 2.587 -14.000
3 65 -157.537 2.618 -15.414 -156.952 2.587 -14.000 -156.884 -1.607 -14.000
3 65 -156.884 -1.607 -14.000 -157.468 -1.658 -15.414 -157.537 2.618 -15.414
3 65 -158.949 2.693 -16.000 -157.537 2.618 -15.414 -157.468 -1.658 -15.414
3 65 -157.468 -1.658 -15.414 -158.876 -1.782 -16.000 -158.949 2.693 -16.000
3 65 -160.361 2.767 -15.414 -158.949 2.693 -16.000 -158.876 -1.782 -16.000
3 65 -158.876 -1.782 -16.000 -160.285 -1.906 -15.414 -160.361 2.767 -15.414
3 65 -160.946 2.798 -14.000 -160.361 2.767 -15.414 -160.285 -1.906 -15.414
3 65 -160.285 -1.906 -15.414 -160.869 -1.957 -14.000 -160.946 2.798 -14.000
3 65 -160.361 2.767 -12.586 -160.946 2.798 -14.000 -160.869 -1.957 -14.000
3 65 -160.869 -1.957 -14.000 -160.285 -1.906 -12.586 -160.361 2.767 -12.586
3 65 -158.949 2.693 -12.000 -160.361 2.767 -12.586 -160.285 -1.906 -12.586
3 65 -160.285 -1.906 -12.586 -158.876 -1.782 -12.000 -158.949 2.693 -12.000
3 65 -157.468 -1.658 -12.586 -158.876 -1.782 -12.000 -158.247 -5.708 -12.000
3 65 -158.247 -5.708 -12.000 -156.868 -5.392 -12.586 -157.468 -1.658 -12.586
3 65 -156.884 -1.607 -14.000 -157.468 -1.658 -12.586 -156.868 -5.392 -12.586
3 65 -156.868 -5.392 -12.586 -156.297 -5.261 -14.000 -156.884 -1.607 -14.000
3 65 -157.468 -1.658 -15.414 -156.884 -1.607 -14.000 -156.297 -5.261 -14.000
3 65 -156.297 -5.261 -14.000 -156.868 -5.392 -15.414 -157.468 -1.658 -15.414
3 65 -158.876 -1.782 -16.000 -157.468 -1.658 -15.414 -156.868 -5.392 -15.414
3 65 -156.868 -5.392 -15.414 -158.247 -5.708 -16.000 -158.876 -1.782 -16.000
3 65 -160.285 -1.906 -15.414 -158.876 -1.782 -16.000 -158.247 -5.708 -16.000
3 65 -158.247 -5.708 -16.000 -159.625 -6.024 -15.414 -160.285 -1.906 -15.414
3 65 -160.869 -1.957 -14.000 -160.285 -1.906 -15.414 -159.625 -6.024 -15.414
3 65 -159.625 -6.024 -15.414 -160.196 -6.155 -14.000 -160.869 -1.957 -14.000
3 65 -160.285 -1.906 -12.586 -160.869 -1.957 -14.000 -160.196 -6.155 -14.000
3 65 -160.196 -6.155 -14.000 -159.625 -6.024 -12.586 -160.285 -1.906 -12.586
3 65 -158.876 -1.782 -12.000 -160.285 -1.906 -12.586 -159.625 -6.024 -12.586
3 65 -159.625 -6.024 -12.586 -158.247 -5.708 -12.000 -158.876 -1.782 -12.000
3 65 -156.868 -5.392 -12.586 -158.247 -5.708 -12.000 -157.103 -9.517 -12.000
3 65 -157.103 -9.517 -12.000 -155.779 -9.021 -12.586 -156.868 -5.392 -12.586
3 65 -156.297 -5.261 -14.000 -156.868 -5.392 -12.586 -155.779 -9.021 -12.586
3 65 -155.779 -9.021 -12.586 -155.230 -8.816 -14.000 -156.297 -5.261 -14.000
3 65 -156.868 -5.392 -15.414 -156.297 -5.261 -14.000 -155.230 -8.816 -14.000
3 65 -155.230 -8.816 -14.000 -155.779 -9.021 -15.414 -156.868 -5.392 -15.414
3 65 -158.247 -5.708 -16.000 -156.868 -5.392 -15.414 -155.779 -9.021 -15.414
3 65 -155.779 -9.021 -15.414 -157.103 -9.517 -16.000 -158.247 -5.708 -16.000
3 65 -159.625 -6.024 -15.414 -158.247 -5.708 -16.000 -157.103 -9.517 -16.000
3 65 -157.103 -9.517 -16.000 -158.427 -10.013 -15.414 -159.625 -6.024 -15.414
3 65 -160.196 -6.155 -14.000 -159.625 -6.024 -15.414 -158.427 -10.013 -15.414
3 65 -158.427 -10.013 -15.414 -158.976 -10.219 -14.000 -160.196 -6.155 -14.000
3 65 -159.625 -6.024 -12.586 -160.196 -6.155 -14.000 -158.976 -10.219 -14.000
3 65 -158.976 -10.219 -14.000 -158.427 -10.013 -12.586 -159.625 -6.024 -12.586
3 65 -158.247 -5.708 -12.000 -159.625 -6.024 -12.586 -158.427 -10.013 -12.586
3 65 -158.427 -10.013 -12.586 -157.103 -9.517 -12.000 -158.247 -5.708 -12.000
3 65 -155.779 -9.021 -12.586 -157.103 -9.517 -12.000 -155.463 -13.140 -12.000
3 65 -155.463 -13.140 -12.000 -154.215 -12.473 -12.586 -155.779 -9.021 -12.586
3 65 -155.230 -8.816 -14.000 -155.779 -9.021 -12.586 -154.215 -12.473 -12.586
3 65 -154.215 -12.473 -12.586 -153.699 -12.197 -14.000 -155.230 -8.816 -14.000
3 65 -155.779 -9.021 -15.414 -155.230 -8.816 -14.000 -153.699 -12.197 -14.000
3 65 -153.699 -12.197 -14.000 -154.215 -12.473 -15.414 -155.779 -9.021 -15.414
3 65 -157.103 -9.517 -16.000 -155.779 -9.021 -15.414 -154.215 -12.473 -15.414
3 65 -154.215 -12.473 -15.414 -155.463 -13.140 -16.000 -157.103 -9.517 -16.000
3 65 -158.427 -10.013 -15.414 -157.103 -9.517 -16.000 -155.463 -13.140 -16.000
3 65 -155.463 -13.140 -16.000 -156.710 -13.807 -15.414 -158.427 -10.013 -15.414
3 65 -158.976 -10.219 -14.000 -158.427 -10.013 -15.414 -156.710 -13.807 -15.414
3 65 -156.710 -13.807 -15.414 -157.226 -14.083 -14.000 -158.976 -10.219 -14.000
3 65 -158.427 -10.013 -12.586 -158.976 -10.219 -14.000 -157.226 -14.083 -14.000
3 65 -157.226 -14.083 -14.000 -156.710 -13.807 -12.586 -158.427 -10.013 -12.586
3 65 -157.103 -9.517 -12.000 -158.427 -10.013 -12.586 -156.710 -13.807 -12.586
3 65 -156.710 -13.807 -12.586 -155.463 -13.140 -12.000 -157.103 -9.517 -12.000
3 65 -154.215 -12.473 -12.586 -155.463 -13.140 -12.000 -153.361 -16.516 -12.000
3 65 -153.361 -16.516 -12.000 -152.212 -15.690 -12.586 -154.215 -12.473 -12.586
3 65 -153.699 -12.197 -14.000 -154.215 -12.473 -12.586 -152.212 -15.690 -12.586
3 65 -152.212 -15.690 -12.586 -151.737 -15.348 -14.000 -153.699 -12.197 -14.000
3 65 -154.215 -12.473 -15.414 -153.699 -12.197 -14.000 -151.737 -15.348 -14.000
3 65 -151.737 -15.348 -14.000 -152.212 -15.690 -15.414 -154.215 -12.473 -15.414
3 65 -155.463 -13.140 -16.000 -154.215 -12.473 -15.414 -152.212 -15.690 -15.414
3 65 -152.212 -15.690 -15.414 -153.361 -16.516 -16.000 -155.463 -13.140 -16.000
3 65 -156.710 -13.807 -15.414 -155.463 -13.140 -16.000 -153.361 -16.516 -16.000
3 65 -153.361 -16.516 -16.000 -154.509 -17.341 -15.414 -156.710 -13.807 -15.414
3 65 -157.226 -14.083 -14.000 -156.710 -13.807 -15.414 -154.509 -17.341 -15.414
3 65 -154.509 -17.341 -15.414 -154.985 -17.683 -14.000 -157.226 -14.083 -14.000
3 65 -156.710 -13.807 -12.586 -157.226 -14.083 -14.000 -154.985 -17.683 -14.000
3 65 -154.985 -17.683 -14.000 -154.509 -17.341 -12.586 -156.710 -13.807 -12.586
3 65 -155.463 -13.140 -12.000 -156.710 -13.807 -12.586 -154.509 -17.341 -12.586
3 65 -154.509 -17.341 -12.586 -153.361 -16.516 -12.000 -155.463 -13.140 -12.000
3 65 -152.212 -15.690 -12.586 -153.361 -16.516 -12.000 -150.831 -19.584 -12.000
3 65 -150.831 -19.584 -12.000 -149.801 -18.614 -12.586 -152.212 -15.690 -12.586
3 65 -151.737 -15.348 -14.000 -152.212 -15.690 -12.586 -149.801 -18.614 -12.586
3 65 -149.801 -18.614 -12.586 -149.375 -18.212 -14.000 -151.737 -15.348 -14.000
3 65 -152.212 -15.690 -15.414 -151.737 -15.348 -14.000 -149.375 -18.212 -14.000
3 65 -149.375 -18.212 -14.000 -149.801 -18.614 -15.414 -152.212 -15.690 -15.414
3 65 -153.361 -16.516 -16.000 -152.212 -15.690 -15.414 -149.801 -18.614 -15.414
3 65 -149.801 -18.614 -15.414 -150.831 -19.584 -16.000 -153.361 -16.516 -16.000
3 65 -154.509 -17.341 -15.414 -153.361 -16.516 -16.000 -150.831 -19.584 -16.000
3 65 -150.831 -19.584 -16.000 -151.860 -20.554 -15.414 -154.509 -17.341 -15.414
3 65 -154.985 -17.683 -14.000 -154.509 -17.341 -15.414 -151.860 -20.554 -15.414
3 65 -151.860 -20.554 -15.414 -152.286 -20.955 -14.000 -154.985 -17.683 -14.000
3 65 -154.509 -17.341 -12.586 -154.985 -17.683 -14.000 -152.286 -20.955 -14.000
3 65 -152.286 -20.955 -14.000 -151.860 -20.554 -12.586 -154.509 -17.341 -12.586
3 65 -153.361 -16.516 -12.000 -154.509 -17.341 -12.586 -151.860 -20.554 -12.586
3 65 -151.860 -20.554 -12.586 -150.831 -19.584 -12.000 -153.361 -16.516 -12.000
3 65 -149.801 -18.614 -12.586 -150.831 -19.584 -12.000 -147.918 -22.292 -12.000
3 65 -147.918 -22.292 -12.000 -147.027 -21.194 -12.586 -149.801 -18.614 -12.586
3 65 -149.375 -18.212 -14.000 -149.801 -18.614 -12.586 -147.027 -21.194 -12.586
3 65 -147.027 -21.194 -12.586 -146.658 -20.739 -14.000 -149.375 -18.212 -14.000
3 65 -149.801 -18.614 -15.414 -149.375 -18.212 -14.000 -146.658 -20.739 -14.000
3 65 -146.658 -20.739 -14.000 -147.027 -21.194 -15.414 -149.801 -18.614 -15.414
3 65 -150.831 -19.584 -16.000 -149.801 -18.614 -15.414 -147.027 -21.194 -15.414
3 65 -147.027 -21.194 -15.414 -147.918 -22.292 -16.000 -150.831 -19.584 -16.000
3 65 -151.860 -20.554 -15.414 -150.831 -19.584 -16.000 -147.918 -22.292 -16.000
3 65 -147.918 -22.292 -16.000 -148.810 -23.390 -15.414 -151.860 -20.554 -15.414
3 65 -152.286 -20.955 -14.000 -151.860 -20.554 -15.414 -148.810 -23.390 -15.414
3 65 -148.810 -23.390 -15.414 -149.179 -23.845 -14.000 -152.286 -20.955 -14.000
3 65 -151.860 -20.554 -12.586 -152.286 -20.955 -14.000 -149.179 -23.845 -14.000
3 65 -149.179 -23.845 -14.000 -148.810 -23.390 -12.586 -151.860 -20.554 -12.586
3 65 -150.831 -19.584 -12.000 -151.860 -20.554 -12.586 -148.810 -23.390 -12.586
3 65 -148.810 -23.390 -12.586 -147.918 -22.292 -12.000 -150.831 -19.584 -12.000
3 65 -147.027 -21.194 -12.586 -147.918 -22.292 -12.000 -144.670 -24.585 -12.000
3 65 -144.670 -24.585 -12.000 -143.932 -23.379 -12.586 -147.027 -21.194 -12.586
3 65 -146.658 -20.739 -14.000 -147.027 -21.194 -12.586 -143.932 -23.379 -12.586
3 65 -143.932 -23.379 -12.586 -143.626 -22.879 -14.000 -146.658 -20.739 -14.000
3 65 -147.027 -21.194 -15.414 -146.658 -20.739 -14.000 -143.626 -22.879 -14.000
3 65 -143.626 -22.879 -14.000 -143.932 -23.379 -15.414 -147.027 -21.194 -15.414
3 65 -147.918 -22.292 -16.000 -147.027 -21.194 -15.414 -143.932 -23.379 -15.414
3 65 -143.932 -23.379 -15.414 -144.670 -24.585 -16.000 -147.918 -22.292 -16.000
3 65 -148.810 -23.390 -15.414 -147.918 -22.292 -16.000 -144.670 -24.585 -16.000
3 65 -144.670 -24.585 -16.000 -145.408 -25.792 -15.414 -148.810 -23.390 -15.414
3 65 -149.179 -23.845 -14.000 -148.810 -23.390 -15.414 -145.408 -25.792 -15.414
3 65 -145.408 -25.792 -15.414 -145.713 -26.291 -14.000 -149.179 -23.845 -14.000
3 65 -148.810 -23.390 -12.586 -149.179 -23.845 -14.000 -145.713 -26.291 -14.000
3 65 -145.713 -26.291 -14.000 -145.408 -25.792 -12.586 -148.810 -23.390 -12.586
3 65 -147.918 -22.292 -12.000 -148.810 -23.390 -12.586 -145.408 -25.792 -12.586
3 65 -145.408 -25.792 -12.586 -144.670 -24.585 -12.000 -147.918 -22.292 -12.000
3 65 -143.932 -23.379 -12.586 -144.670 -24.585 -12.000 -141.149 -26.433 -12.000
3 65 -141.149 -26.433 -12.000 -140.576 -25.140 -12.586 -143.932 -23.379 -12.586
3 65 -143.626 -22.879 -14.000 -143.932 -23.379 -12.586 -140.576 -25.140 -12.586
3 65 -140.576 -25.140 -12.586 -140.339 -24.605 -14.000 -143.626 -22.879 -14.000
3 65 -143.932 -23.379 -15.414 -143.626 -22.879 -14.000 -140.339 -24.605 -14.000
3 65 -140.339 -24.605 -14.000 -140.576 -25.140 -15.414 -143.932 -23.379 -15.414
3 65 -144.670 -24.585 -16.000 -143.932 -23.379 -15.414 -140.576 -25.140 -15.414
3 65 -140.576 -25.140 -15.414 -141.149 -26.433 -16.000 -144.670 -24.585 -16.000
3 65 -145.408 -25.792 -15.414 -144.670 -24.585 -16.000 -141.149 -26.433 -16.000
3 65 -141.149 -26.433 -16.000 -141.721 -27.726 -15.414 -145.408 -25.792 -15.414
3 65 -145.713 -26.291 -14.000 -145.408 -25.792 -15.414 -141.721 -27.726 -15.414
3 65 -141.721 -27.726 -15.414 -141.959 -28.262 -14.000 -145.713 -26.291 -14.000
3 65 -145.408 -25.792 -12.586 -145.713 -26.291 -14.000 -141.959 -28.262 -14.000
3 65 -141.959 -28.262 -14.000 -141.721 -27.726 -12.586 -145.408 -25.792 -12.586
3 65 -144.670 -24.585 -12.000 -145.408 -25.792 -12.586 -141.721 -27.726 -12.586
3 65 -141.721 -27.726 -12.586 -141.149 -26.433 -12.000 -144.670 -24.585 -12.000
3 65 -140.576 -25.140 -12.586 -141.149 -26.433 -12.000 -137.414 -27.799 -12.000
3 65 -137.414 -27.799 -12.000 -137.018 -26.442 -12.586 -140.576 -25.140 -12.586
3 65 -140.339 -24.605 -14.000 -140.576 -25.140 -12.586 -137.018 -26.442 -12.586
3 65 -137.018 -26.442 -12.586 -136.854 -25.879 -14.000 -140.339 -24.605 -14.000
3 65 -140.576 -25.140 -15.414 -140.339 -24.605 -14.000 -136.854 -25.879 -14.000
3 65 -136.854 -25.879 -14.000 -137.018 -26.442 -15.414 -140.576 -25.140 -15.414
3 65 -141.149 -26.433 -16.000 -140.576 -25.140 -15.414 -137.018 -26.442 -15.414
3 65 -137.018 -26.442 -15.414 -137.414 -27.799 -16.000 -141.149 -26.433 -16.000
3 65 -141.721 -27.726 -15.414 -141.149 -26.433 -16.000 -137.414 -27.799 -16.000
3 65 -137.414 -27.799 -16.000 -137.810 -29.157 -15.414 -141.721 -27.726 -15.414
3 65 -141.959 -28.262 -14.000 -141.721 -27.726 -15.414 -137.810 -29.157 -15.414
3 65 -137.810 -29.157 -15.414 -137.975 -29.719 -14.000 -141.959 -28.262 -14.000
3 65 -141.721 -27.726 -12.586 -141.959 -28.262 -14.000 -137.975 -29.719 -14.000
3 65 -137.975 -29.719 -14.000 -137.810 -29.157 -12.586 -141.721 -27.726 -12.586
3 65 -141.149 -26.433 -12.000 -141.721 -27.726 -12.586 -137.810 -29.157 -12.586
3 65 -137.810 -29.157 -12.586 -137.414 -27.799 -12.000 -141.149 -26.433 -12.000
3 65 -137.018 -26.442 -12.586 -137.414 -27.799 -12.000 -133.531 -28.656 -12.000
3 65 -133.531 -28.656 -12.000 -133.318 -27.258 -12.586 -137.018 -26.442 -12.586
3 65 -136.854 -25.879 -14.000 -137.018 -26.442 -12.586 -133.318 -27.258 -12.586
3 65 -133.318 -27.258 -12.586 -133.230 -26.679 -14.000 -136.854 -25.879 -14.000
3 65 -137.018 -26.442 -15.414 -136.854 -25.879 -14.000 -133.230 -26.679 -14.000
3 65 -133.230 -26.679 -14.000 -133.318 -27.258 -15.414 -137.018 -26.442 -15.414
3 65 -137.414 -27.799 -16.000 -137.018 -26.442 -15.414 -133.318 -27.258 -15.414
3 65 -133.318 -27.258 -15.414 -133.531 -28.656 -16.000 -137.414 -27.799 -16.000
3 65 -137.810 -29.157 -15.414 -137.414 -27.799 -16.000 -133.531 -28.656 -16.000
3 65 -133.531 -28.656 -16.000 -133.745 -30.054 -15.414 -137.810 -29.157 -15.414
3 65 -137.975 -29.719 -14.000 -137.810 -29.157 -15.414 -133.745 -30.054 -15.414
3 65 -133.745 -30.054 -15.414 -133.833 -30.633 -14.000 -137.975 -29.719 -14.000
3 65 -137.810 -29.157 -12.586 -137.975 -29.719 -14.000 -133.833 -30.633 -14.000
3 65 -133.833 -30.633 -14.000 -133.745 -30.054 -12.586 -137.810 -29.157 -12.586
3 65 -137.414 -27.799 -12.000 -137.810 -29.157 -12.586 -133.745 -30.054 -12.586
3 65 -133.745 -30.054 -12.586 -133.531 -28.656 -12.000 -137.414 -27.799 -12.000
3 65 -133.318 -27.258 -12.586 -133.531 -28.656 -12.000 -129.570 -28.996 -12.000
3 65 -129.570 -28.996 -12.000 -129.543 -27.582 -12.586 -133.318 -27.258 -12.586
3 65 -133.230 -26.679 -14.000 -133.318 -27.258 -12.586 -129.543 -27.582 -12.586
3 65 -129.543 -27.582 -12.586 -129.531 -26.996 -14.000 -133.230 -26.679 -14.000
3 65 -133.318 -27.258 -15.414 -133.230 -26.679 -14.000 -129.531 -26.996 -14.000
3 65 -129.531 -26.996 -14.000 -129.543 -27.582 -15.414 -133.318 -27.258 -15.414
3 65 -133.531 -28.656 -16.000 -133.318 -27.258 -15.414 -129.543 -27.582 -15.414
3 65 -129.543 -27.582 -15.414 -129.570 -28.996 -16.000 -133.531 -28.656 -16.000
3 65 -133.745 -30.054 -15.414 -133.531 -28.656 -16.000 -129.570 -28.996 -16.000
3 65 -129.570 -28.996 -16.000 -129.597 -30.410 -15.414 -133.745 -30.054 -15.414
3 65 -133.833 -30.633 -14.000 -133.745 -30.054 -15.414 -129.597 -30.410 -15.414
3 65 -129.597 -30.410 -15.414 -129.608 -30.995 -14.000 -133.833 -30.633 -14.000
3 65 -133.745 -30.054 -12.586 -133.833 -30.633 -14.000 -129.608 -30.995 -14.000
3 65 -129.608 -30.995 -14.000 -129.597 -30.410 -12.586 -133.745 -30.054 -12.586
3 65 -133.531 -28.656 -12.000 -133.745 -30.054 -12.586 -129.597 -30.410 -12.586
3 65 -129.597 -30.410 -12.586 -129.570 -28.996 -12.000 -133.531 -28.656 -12.000
3 65 -129.543 -27.582 -12.586 -129.570 -28.996 -12.000 -125.613 -28.810 -12.000
3 65 -125.613 -28.810 -12.000 -125.743 -27.402 -12.586 -129.543 -27.582 -12.586
3 65 -129.531 -26.996 -14.000 -129.543 -27.582 -12.586 -125.743 -27.402 -12.586
3 65 -125.743 -27.402 -12.586 -125.787 -26.817 -14.000 -129.531 -26.996 -14.000
3 65 -129.543 -27.582 -15.414 -129.531 -26.996 -14.000 -125.787 -26.817 -14.000
3 65 -125.787 -26.817 -14.000 -125.721 -27.399 -15.414 -129.543 -27.582 -15.414
3 65 -129.570 -28.996 -16.000 -129.543 -27.582 -15.414 -125.721 -27.399 -15.414
3 65 -125.721 -27.399 -15.414 -125.582 -28.806 -16.000 -129.570 -28.996 -16.000
3 65 -129.597 -30.410 -15.414 -129.570 -28.996 -16.000 -125.582 -28.806 -16.000
3 65 -125.582 -28.806 -16.000 -125.453 -30.215 -15.414 -129.597 -30.410 -15.414
3 65 -129.608 -30.995 -14.000 -129.597 -30.410 -15.414 -125.453 -30.215 -15.414
3 65 -125.453 -30.215 -15.414 -125.408 -30.799 -14.000 -129.608 -30.995 -14.000
3 65 -129.597 -30.410 -12.586 -129.608 -30.995 -14.000 -125.408 -30.799 -14.000
3 65 -125.408 -30.799 -14.000 -125.475 -30.217 -12.586 -129.597 -30.410 -12.586
3 65 -129.570 -28.996 -12.000 -129.597 -30.410 -12.586 -125.475 -30.217 -12.586
3 65 -125.475 -30.217 -12.586 -125.613 -28.810 -12.000 -129.570 -28.996 -12.000
3 65 -125.743 -27.402 -12.586 -125.613 -28.810 -12.000 -117.780 -27.685 -11.876
3 65 -117.780 -27.685 -11.876 -117.966 -26.283 -12.462 -125.743 -27.402 -12.586
3 65 -125.787 -26.817 -14.000 -125.743 -27.402 -12.586 -117.966 -26.283 -12.462
3 65 -117.966 -26.283 -12.462 -118.009 -25.697 -13.875 -125.787 -26.817 -14.000
3 65 -125.721 -27.399 -15.414 -125.787 -26.817 -14.000 -118.009 -25.697 -13.875
3 65 -118.009 -25.697 -13.875 -117.884 -26.271 -15.289 -125.721 -27.399 -15.414
3 65 -125.582 -28.806 -16.000 -125.721 -27.399 -15.414 -117.884 -26.271 -15.289
3 65 -117.884 -26.271 -15.289 -117.665 -27.668 -15.875 -125.582 -28.806 -16.000
3 65 -125.453 -30.215 -15.414 -125.582 -28.806 -16.000 -117.665 -27.668 -15.875
3 65 -117.665 -27.668 -15.875 -117.480 -29.070 -15.289 -125.453 -30.215 -15.414
3 65 -125.408 -30.799 -14.000 -125.453 -30.215 -15.414 -117.480 -29.070 -15.289
3 65 -117.480 -29.070 -15.289 -117.436 -29.656 -13.876 -125.408 -30.799 -14.000
3 65 -125.475 -30.217 -12.586 -125.408 -30.799 -14.000 -117.436 -29.656 -13.876
3 65 -117.436 -29.656 -13.876 -117.561 -29.082 -12.462 -125.475 -30.217 -12.586
3 65 -125.613 -28.810 -12.000 -125.475 -30.217 -12.586 -117.561 -29.082 -12.462
3 65 -117.561 -29.082 -12.462 -117.780 -27.685 -11.876 -125.613 -28.810 -12.000
3 65 -117.966 -26.283 -12.462 -117.780 -27.685 -11.876 -102.085 -25.403 -11.202
3 65 -102.085 -25.403 -11.202 -102.260 -24.000 -11.787 -117.966 -26.283 -12.462
3 65 -118.009 -25.697 -13.875 -117.966 -26.283 -12.462 -102.260 -24.000 -11.787
3 65 -102.260 -24.000 -11.787 -102.275 -23.410 -13.200 -118.009 -25.697 -13.875
3 65 -117.884 -26.271 -15.289 -118.009 -25.697 -13.875 -102.275 -23.410 -13.200
3 65 -102.275 -23.410 -13.200 -102.122 -23.980 -14.612 -117.884 -26.271 -15.289
3 65 -117.665 -27.668 -15.875 -117.884 -26.271 -15.289 -102.122 -23.980 -14.612
3 65 -102.122 -23.980 -14.612 -101.890 -25.375 -15.197 -117.665 -27.668 -15.875
3 65 -117.480 -29.070 -15.289 -117.665 -27.668 -15.875 -101.890 -25.375 -15.197
3 65 -101.890 -25.375 -15.197 -101.715 -26.779 -14.612 -117.480 -29.070 -15.289
3 65 -117.436 -29.656 -13.876 -117.480 -29.070 -15.289 -101.715 -26.779 -14.612
3 65 -101.715 -26.779 -14.612 -101.700 -27.368 -13.200 -117.436 -29.656 -13.876
3 65 -117.561 -29.082 -12.462 -117.436 -29.656 -13.876 -101.700 -27.368 -13.200
3 65 -101.700 -27.368 -13.200 -101.853 -26.799 -11.787 -117.561 -29.082 -12.462
3 65 -117.780 -27.685 -11.876 -117.561 -29.082 -12.462 -101.853 -26.799 -11.787
3 65 -101.853 -26.799 -11.787 -102.085 -25.403 -11.202 -117.780 -27.685 -11.876
3 65 -102.260 -24.000 -11.787 -102.085 -25.403 -11.202 -78.518 -21.976 -9.858
3 65 -78.518 -21.976 -9.858 -78.687 -20.572 -10.442 -102.260 -24.000 -11.787
3 65 -102.275 -23.410 -13.200 -102.260 -24.000 -11.787 -78.687 -20.572 -10.442
3 65 -78.687 -20.572 -10.442 -78.689 -19.980 -11.854 -102.275 -23.410 -13.200
3 65 -102.122 -23.980 -14.612 -102.275 -23.410 -13.200 -78.689 -19.980 -11.854
3 65 -78.689 -19.980 -11.854 -78.522 -20.548 -13.266 -102.122 -23.980 -14.612
3 65 -101.890 -25.375 -15.197 -102.122 -23.980 -14.612 -78.522 -20.548 -13.266
3 65 -78.522 -20.548 -13.266 -78.284 -21.942 -13.851 -101.890 -25.375 -15.197
3 65 -101.715 -26.779 -14.612 -101.890 -25.375 -15.197 -78.284 -21.942 -13.851
3 65 -78.284 -21.942 -13.851 -78.115 -23.347 -13.266 -101.715 -26.779 -14.612
3 65 -101.700 -27.368 -13.200 -101.715 -26.779 -14.612 -78.115 -23.347 -13.266
3 65 -78.115 -23.347 -13.266 -78.113 -23.938 -11.854 -101.700 -27.368 -13.200
3 65 -101.853 -26.799 -11.787 -101.700 -27.368 -13.200 -78.113 -23.938 -11.854
3 65 -78.113 -23.938 -11.854 -78.280 -23.371 -10.442 -101.853 -26.799 -11.787
3 65 -102.085 -25.403 -11.202 -101.853 -26.799 -11.787 -78.280 -23.371 -10.442
3 65 -78.280 -23.371 -10.442 -78.518 -21.976 -9.858 -102.085 -25.403 -11.202
3 65 -78.687 -20.572 -10.442 -78.518 -21.976 -9.858 -39.217 -16.261 -7.410
3 65 -39.217 -16.261 -7.410 -39.387 -14.856 -7.994 -78.687 -20.572 -10.442
3 65 -78.689 -19.980 -11.854 -78.687 -20.572 -10.442 -39.387 -14.856 -7.994
3 65 -39.387 -14.856 -7.994 -39.390 -14.265 -9.406 -78.689 -19.980 -11.854
3 65 -78.522 -20.548 -13.266 -78.689 -19.980 -11.854 -39.390 -14.265 -9.406
3 65 -39.390 -14.265 -9.406 -39.224 -14.832 -10.818 -78.522 -20.548 -13.266
3 65 -78.284 -21.942 -13.851 -78.522 -20.548 -13.266 -39.224 -14.832 -10.818
3 65 -39.224 -14.832 -10.818 -38.987 -16.227 -11.403 -78.284 -21.942 -13.851
3 65 -78.115 -23.347 -13.266 -78.284 -21.942 -13.851 -38.987 -16.227 -11.403
3 65 -38.987 -16.227 -11.403 -38.817 -17.631 -10.818 -78.115 -23.347 -13.266
3 65 -78.113 -23.938 -11.854 -78.115 -23.347 -13.266 -38.817 -17.631 -10.818
3 65 -38.817 -17.631 -10.818 -38.814 -18.223 -9.406 -78.113 -23.938 -11.854
3 65 -78.280 -23.371 -10.442 -78.113 -23.938 -11.854 -38.814 -18.223 -9.406
3 65 -38.814 -18.223 -9.406 -38.980 -17.655 -7.994 -78.280 -23.371 -10.442
3 65 -78.518 -21.976 -9.858 -78.280 -23.371 -10.442 -38.980 -17.655 -7.994
3 65 -38.980 -17.655 -7.994 -39.217 -16.261 -7.410 -78.518 -21.976 -9.858
3 65 -39.387 -14.856 -7.994 -39.217 -16.261 -7.410 -3.812 -11.112 -5.439
3 65 -3.812 -11.112 -5.439 -3.988 -9.709 -6.024 -39.387 -14.856 -7.994
3 65 -39.390 -14.265 -9.406 -39.387 -14.856 -7.994 -3.988 -9.709 -6.024
3 65 -3.988 -9.709 -6.024 -4.008 -9.120 -7.437 -39.390 -14.265 -9.406
3 65 -39.224 -14.832 -10.818 -39.390 -14.265 -9.406 -4.008 -9.120 -7.437
3 65 -4.008 -9.120 -7.437 -3.858 -9.690 -8.850 -39.224 -14.832 -10.818
3 65 -38.987 -16.227 -11.403 -39.224 -14.832 -10.818 -3.858 -9.690 -8.850
3 65 -3.858 -9.690 -8.850 -3.628 -11.085 -9.435 -38.987 -16.227 -11.403
3 65 -38.817 -17.631 -10.818 -38.987 -16.227 -11.403 -3.628 -11.085 -9.435
3 65 -3.628 -11.085 -9.435 -3.451 -12.489 -8.850 -38.817 -17.631 -10.818
3 65 -38.814 -18.223 -9.406 -38.817 -17.631 -10.818 -3.451 -12.489 -8.850
3 65 -3.451 -12.489 -8.850 -3.432 -13.078 -7.437 -38.814 -18.223 -9.406
3 65 -38.980 -17.655 -7.994 -38.814 -18.223 -9.406 -3.432 -13.078 -7.437
3 65 -3.432 -13.078 -7.437 -3.582 -12.508 -6.024 -38.980 -17.655 -7.994
3 65 -39.217 -16.261 -7.410 -38.980 -17.655 -7.994 -3.582 -12.508 -6.024
3 65 -3.582 -12.508 -6.024 -3.812 -11.112 -5.439 -39.217 -16.261 -7.410
3 65 -3.988 -9.709 -6.024 -3.812 -11.112 -5.439 4.087 -9.964 -5.136
3 65 4.087 -9.964 -5.136 3.902 -8.562 -5.721 -3.988 -9.709 -6.024
3 65 -4.008 -9.120 -7.437 -3.988 -9.709 -6.024 3.902 -8.562 -5.721
3 65 3.902 -8.562 -5.721 3.862 -7.976 -7.135 -4.008 -9.120 -7.437
3 65 -3.858 -9.690 -8.850 -4.008 -9.120 -7.437 3.862 -7.976 -7.135
3 65 3.862 -7.976 -7.135 3.990 -8.549 -8.548 -3.858 -9.690 -8.850
3 65 -3.628 -11.085 -9.435 -3.858 -9.690 -8.850 3.990 -8.549 -8.548
3 65 3.990 -8.549 -8.548 4.212 -9.946 -9.134 -3.628 -11.085 -9.435
3 65 -3.451 -12.489 -8.850 -3.628 -11.085 -9.435 4.212 -9.946 -9.134
3 65 4.212 -9.946 -9.134 4.397 -11.348 -8.548 -3.451 -12.489 -8.850
3 65 -3.432 -13.078 -7.437 -3.451 -12.489 -8.850 4.397 -11.348 -8.548
3 65 4.397 -11.348 -8.548 4.437 -11.934 -7.135 -3.432 -13.078 -7.437
3 65 -3.582 -12.508 -6.024 -3.432 -13.078 -7.437 4.437 -11.934 -7.135
3 65 4.437 -11.934 -7.135 4.308 -11.361 -5.721 -3.582 -12.508 -6.024
3 65 -3.812 -11.112 -5.439 -3.582 -12.508 -6.024 4.308 -11.361 -5.721
3 65 4.308 -11.361 -5.721 4.087 -9.964 -5.136 -3.812 -11.112 -5.439
3 65 3.902 -8.562 -5.721 4.087 -9.964 -5.136 8.053 -9.388 -5.035
3 65 8.053 -9.388 -5.035 7.853 -7.988 -5.621 3.902 -8.562 -5.721
3 65 3.862 -7.976 -7.135 3.902 -8.562 -5.721 7.853 -7.988 -5.621
3 65 7.853 -7.988 -5.621 7.790 -7.405 -7.035 3.862 -7.976 -7.135
3 65 3.990 -8.549 -8.548 3.862 -7.976 -7.135 7.790 -7.405 -7.035
3 65 7.790 -7.405 -7.035 7.899 -7.981 -8.449 3.990 -8.549 -8.548
3 65 4.212 -9.946 -9.134 3.990 -8.549 -8.548 7.899 -7.981 -8.449
3 65 7.899 -7.981 -8.449 8.118 -9.378 -9.034 4.212 -9.946 -9.134
3 65 4.397 -11.348 -8.548 4.212 -9.946 -9.134 8.118 -9.378 -9.034
3 65 8.118 -9.378 -9.034 8.317 -10.778 -8.449 4.397 -11.348 -8.548
3 65 4.437 -11.934 -7.135 4.397 -11.348 -8.548 8.317 -10.778 -8.449
3 65 8.317 -10.778 -8.449 8.381 -11.361 -7.035 4.437 -11.934 -7.135
3 65 4.308 -11.361 -5.721 4.437 -11.934 -7.135 8.381 -11.361 -7.035
3 65 8.381 -11.361 -7.035 8.271 -10.785 -5.621 4.308 -11.361 -5.721
3 65 4.087 -9.964 -5.136 4.308 -11.361 -5.721 8.271 -10.785 -5.621
3 65 8.271 -10.785 -5.621 8.053 -9.388 -5.035 4.087 -9.964 -5.136
3 65 7.853 -7.988 -5.621 8.053 -9.388 -5.035 12.504 -8.706 -5.000
3 65 12.504 -8.706 -5.000 12.085 -7.356 -5.586 7.853 -7.988 -5.621
3 65 7.790 -7.405 -7.035 7.853 -7.988 -5.621 12.085 -7.356 -5.586
3 65 12.085 -7.356 -5.586 11.916 -6.795 -7.000 7.790 -7.405 -7.035
3 65 7.899 -7.981 -8.449 7.790 -7.405 -7.035 11.916 -6.795 -7.000
3 65 11.916 -6.795 -7.000 12.096 -7.353 -8.414 7.899 -7.981 -8.449
3 65 8.118 -9.378 -9.034 7.899 -7.981 -8.449 12.096 -7.353 -8.414
3 65 12.096 -7.353 -8.414 12.519 -8.703 -9.000 8.118 -9.378 -9.034
3 65 8.317 -10.778 -8.449 8.118 -9.378 -9.034 12.519 -8.703 -9.000
3 65 12.519 -8.703 -9.000 12.938 -10.053 -8.414 8.317 -10.778 -8.449
3 65 8.381 -11.361 -7.035 8.317 -10.778 -8.449 12.938 -10.053 -8.414
3 65 12.938 -10.053 -8.414 13.108 -10.614 -6.999 8.381 -11.361 -7.035
3 65 8.271 -10.785 -5.621 8.381 -11.361 -7.035 13.108 -10.614 -6.999
3 65 13.108 -10.614 -6.999 12.928 -10.056 -5.585 8.271 -10.785 -5.621
3 65 8.053 -9.388 -5.035 8.271 -10.785 -5.621 12.928 -10.056 -5.585
3 65 12.928 -10.056 -5.585 12.504 -8.706 -5.000 8.053 -9.388 -5.035
3 65 12.085 -7.356 -5.586 12.504 -8.706 -5.000 16.074 -6.970 -5.000
3 65 16.074 -6.970 -5.000 15.216 -5.846 -5.586 12.085 -7.356 -5.586
3 65 11.916 -6.795 -7.000 12.085 -7.356 -5.586 15.216 -5.846 -5.586
3 65 15.216 -5.846 -5.586 14.861 -5.380 -7.000 11.916 -6.795 -7.000
3 65 12.096 -7.353 -8.414 11.916 -6.795 -7.000 14.861 -5.380 -7.000
3 65 14.861 -5.380 -7.000 15.216 -5.846 -8.414 12.096 -7.353 -8.414
3 65 12.519 -8.703 -9.000 12.096 -7.353 -8.414 15.216 -5.846 -8.414
3 65 15.216 -5.846 -8.414 16.074 -6.970 -9.000 12.519 -8.703 -9.000
3 65 12.938 -10.053 -8.414 12.519 -8.703 -9.000 16.074 -6.970 -9.000
3 65 16.074 -6.970 -9.000 16.932 -8.094 -8.414 12.938 -10.053 -8.414
3 65 13.108 -10.614 -6.999 12.938 -10.053 -8.414 16.932 -8.094 -8.414
3 65 16.932 -8.094 -8.414 17.288 -8.560 -7.000 13.108 -10.614 -6.999
3 65 12.928 -10.056 -5.585 13.108 -10.614 -6.999 17.288 -8.560 -7.000
3 65 17.288 -8.560 -7.000 16.932 -8.094 -5.586 12.928 -10.056 -5.585
3 65 12.504 -8.706 -5.000 12.928 -10.056 -5.585 16.932 -8.094 -5.586
3 65 16.932 -8.094 -5.586 16.074 -6.970 -5.000 12.504 -8.706 -5.000
3 65 15.216 -5.846 -5.586 16.074 -6.970 -5.000 18.687 -3.992 -5.000
3 65 18.687 -3.992 -5.000 17.460 -3.288 -5.586 15.216 -5.846 -5.586
3 65 14.861 -5.380 -7.000 15.216 -5.846 -5.586 17.460 -3.288 -5.586
3 65 17.460 -3.288 -5.586 16.952 -2.996 -7.000 14.861 -5.380 -7.000
3 65 15.216 -5.846 -8.414 14.861 -5.380 -7.000 16.952 -2.996 -7.000
3 65 16.952 -2.996 -7.000 17.460 -3.288 -8.414 15.216 -5.846 -8.414
3 65 16.074 -6.970 -9.000 15.216 -5.846 -8.414 17.460 -3.288 -8.414
3 65 17.460 -3.288 -8.414 18.687 -3.992 -9.000 16.074 -6.970 -9.000
3 65 16.932 -8.094 -8.414 16.074 -6.970 -9.000 18.687 -3.992 -9.000
3 65 18.687 -3.992 -9.000 19.913 -4.696 -8.414 16.932 -8.094 -8.414
3 65 17.288 -8.560 -7.000 16.932 -8.094 -8.414 19.913 -4.696 -8.414
3 65 19.913 -4.696 -8.414 20.421 -4.987 -7.000 17.288 -8.560 -7.000
3 65 16.932 -8.094 -5.586 17.288 -8.560 -7.000 20.421 -4.987 -7.000
3 65 20.421 -4.987 -7.000 19.913 -4.696 -5.586 16.932 -8.094 -5.586
3 65 16.074 -6.970 -5.000 16.932 -8.094 -5.586 19.913 -4.696 -5.586
3 65 19.913 -4.696 -5.586 18.687 -3.992 -5.000 16.074 -6.970 -5.000
3 65 17.460 -3.288 -5.586 18.687 -3.992 -5.000 19.940 -0.235 -5.000
3 65 19.940 -0.235 -5.000 18.537 -0.061 -5.586 17.460 -3.288 -5.586
3 65 16.952 -2.996 -7.000 17.460 -3.288 -5.586 18.537 -0.061 -5.586
3 65 18.537 -0.061 -5.586 17.955 0.012 -7.000 16.952 -2.996 -7.000
3 65 17.460 -3.288 -8.414 16.952 -2.996 -7.000 17.955 0.012 -7.000
3 65 17.955 0.012 -7.000 18.537 -0.061 -8.414 17.460 -3.288 -8.414
3 65 18.687 -3.992 -9.000 17.460 -3.288 -8.414 18.537 -0.061 -8.414
3 65 18.537 -0.061 -8.414 19.940 -0.235 -9.000 18.687 -3.992 -9.000
3 65 19.913 -4.696 -8.414 18.687 -3.992 -9.000 19.940 -0.235 -9.000
3 65 19.940 -0.235 -9.000 21.343 -0.409 -8.414 19.913 -4.696 -8.414
3 65 20.421 -4.987 -7.000 19.913 -4.696 -8.414 21.343 -0.409 -8.414
3 65 21.343 -0.409 -8.414 21.925 -0.482 -7.000 20.421 -4.987 -7.000
3 65 19.913 -4.696 -5.586 20.421 -4.987 -7.000 21.925 -0.482 -7.000
3 65 21.925 -0.482 -7.000 21.343 -0.409 -5.586 19.913 -4.696 -5.586
3 65 18.687 -3.992 -5.000 19.913 -4.696 -5.586 21.343 -0.409 -5.586
3 65 21.343 -0.409 -5.586 19.940 -0.235 -5.000 18.687 -3.992 -5.000
3 65 18.537 -0.061 -5.586 19.940 -0.235 -5.000 19.644 3.714 -5.000
3 65 19.644 3.714 -5.000 18.283 3.331 -5.586 18.537 -0.061 -5.586
3 65 17.955 0.012 -7.000 18.537 -0.061 -5.586 18.283 3.331 -5.586
3 65 18.283 3.331 -5.586 17.719 3.172 -7.000 17.955 0.012 -7.000
3 65 18.537 -0.061 -8.414 17.955 0.012 -7.000 17.719 3.172 -7.000
3 65 17.719 3.172 -7.000 18.283 3.331 -8.414 18.537 -0.061 -8.414
3 65 19.940 -0.235 -9.000 18.537 -0.061 -8.414 18.283 3.331 -8.414
3 65 18.283 3.331 -8.414 19.644 3.714 -9.000 19.940 -0.235 -9.000
3 65 21.343 -0.409 -8.414 19.940 -0.235 -9.000 19.644 3.714 -9.000
3 65 19.644 3.714 -9.000 21.005 4.098 -8.414 21.343 -0.409 -8.414
3 65 21.925 -0.482 -7.000 21.343 -0.409 -8.414 21.005 4.098 -8.414
3 65 21.005 4.098 -8.414 21.569 4.256 -7.000 21.925 -0.482 -7.000
3 65 21.343 -0.409 -5.586 21.925 -0.482 -7.000 21.569 4.256 -7.000
3 65 21.569 4.256 -7.000 21.005 4.098 -5.586 21.343 -0.409 -5.586
3 65 19.940 -0.235 -5.000 21.343 -0.409 -5.586 21.005 4.098 -5.586
3 65 21.005 4.098 -5.586 19.644 3.714 -5.000 19.940 -0.235 -5.000
3 65 18.283 3.331 -5.586 19.644 3.714 -5.000 17.835 7.237 -5.000
3 65 17.835 7.237 -5.000 16.730 6.356 -5.586 18.283 3.331 -5.586
3 65 17.719 3.172 -7.000 18.283 3.331 -5.586 16.730 6.356 -5.586
3 65 16.730 6.356 -5.586 16.272 5.991 -7.000 17.719 3.172 -7.000
3 65 18.283 3.331 -8.414 17.719 3.172 -7.000 16.272 5.991 -7.000
3 65 16.272 5.991 -7.000 16.730 6.356 -8.414 18.283 3.331 -8.414
3 65 19.644 3.714 -9.000 18.283 3.331 -8.414 16.730 6.356 -8.414
3 65 16.730 6.356 -8.414 17.835 7.237 -9.000 19.644 3.714 -9.000
3 65 21.005 4.098 -8.414 19.644 3.714 -9.000 17.835 7.237 -9.000
3 65 17.835 7.237 -9.000 18.941 8.119 -8.414 21.005 4.098 -8.414
3 65 21.569 4.256 -7.000 21.005 4.098 -8.414 18.941 8.119 -8.414
3 65 18.941 8.119 -8.414 19.399 8.484 -7.000 21.569 4.256 -7.000
3 65 21.005 4.098 -5.586 21.569 4.256 -7.000 19.399 8.484 -7.000
3 65 19.399 8.484 -7.000 18.941 8.119 -5.586 21.005 4.098 -5.586
3 65 19.644 3.714 -5.000 21.005 4.098 -5.586 18.941 8.119 -5.586
3 65 18.941 8.119 -5.586 17.835 7.237 -5.000 19.644 3.714 -5.000
3 65 16.730 6.356 -5.586 17.835 7.237 -5.000 14.805 9.785 -5.000
3 65 14.805 9.785 -5.000 14.116 8.550 -5.586 16.730 6.356 -5.586
3 65 16.272 5.991 -7.000 16.730 6.356 -5.586 14.116 8.550 -5.586
3 65 14.116 8.550 -5.586 13.830 8.038 -7.000 16.272 5.991 -7.000
3 65 16.730 6.356 -8.414 16.272 5.991 -7.000 13.830 8.038 -7.000
3 65 13.830 8.038 -7.000 14.116 8.550 -8.414 16.730 6.356 -8.414
3 65 17.835 7.237 -9.000 16.730 6.356 -8.414 14.116 8.550 -8.414
3 65 14.116 8.550 -8.414 14.805 9.785 -9.000 17.835 7.237 -9.000
3 65 18.941 8.119 -8.414 17.835 7.237 -9.000 14.805 9.785 -9.000
3 65 14.805 9.785 -9.000 15.494 11.020 -8.414 18.941 8.119 -8.414
3 65 19.399 8.484 -7.000 18.941 8.119 -8.414 15.494 11.020 -8.414
3 65 15.494 11.020 -8.414 15.779 11.531 -7.000 19.399 8.484 -7.000
3 65 18.941 8.119 -5.586 19.399 8.484 -7.000 15.779 11.531 -7.000
3 65 15.779 11.531 -7.000 15.494 11.020 -5.586 18.941 8.119 -5.586
3 65 17.835 7.237 -5.000 18.941 8.119 -5.586 15.494 11.020 -5.586
3 65 15.494 11.020 -5.586 14.805 9.785 -5.000 17.835 7.237 -5.000
3 65 14.116 8.550 -5.586 14.805 9.785 -5.000 11.437 10.896 -5.000
3 65 11.437 10.896 -5.000 11.234 9.497 -5.586 14.116 8.550 -5.586
3 65 13.830 8.038 -7.000 14.116 8.550 -5.586 11.234 9.497 -5.586
3 65 11.234 9.497 -5.586 11.150 8.917 -7.000 13.830 8.038 -7.000
3 65 14.116 8.550 -8.414 13.830 8.038 -7.000 11.150 8.917 -7.000
3 65 11.150 8.917 -7.000 11.234 9.497 -8.414 14.116 8.550 -8.414
3 65 14.805 9.785 -9.000 14.116 8.550 -8.414 11.234 9.497 -8.414
3 65 11.234 9.497 -8.414 11.437 10.896 -9.000 14.805 9.785 -9.000
3 65 15.494 11.020 -8.414 14.805 9.785 -9.000 11.437 10.896 -9.000
3 65 11.437 10.896 -9.000 11.640 12.296 -8.414 15.494 11.020 -8.414
3 65 15.779 11.531 -7.000 15.494 11.020 -8.414 11.640 12.296 -8.414
3 65 11.640 12.296 -8.414 11.724 12.875 -7.000 15.779 11.531 -7.000
3 65 15.494 11.020 -5.586 15.779 11.531 -7.000 11.724 12.875 -7.000
3 65 11.724 12.875 -7.000 11.640 12.296 -5.586 15.494 11.020 -5.586
3 65 14.805 9.785 -5.000 15.494 11.020 -5.586 11.640 12.296 -5.586
3 65 11.640 12.296 -5.586 11.437 10.896 -5.000 14.805 9.785 -5.000
