0 FILE xpj0108.dat
0 xpj0108
0 Name:  UntitledModel
0 Author:  
0 BL_Item_No xpj0108.dat
0 BFC CERTIFY CCW
3 65 0.000 7.586 1.414 0.000 9.000 2.000 -16.095 9.000 2.287
3 65 -16.095 9.000 2.287 -16.109 7.586 1.701 0.000 7.586 1.414
3 65 0.000 7.000 0.000 0.000 7.586 1.414 -16.109 7.586 1.701
3 65 -16.109 7.586 1.701 -16.143 7.000 0.287 0.000 7.000 0.000
3 65 0.000 7.586 -1.414 0.000 7.000 0.000 -16.143 7.000 0.287
3 65 -16.143 7.000 0.287 -16.177 7.586 -1.126 0.000 7.586 -1.414
3 65 0.000 9.000 -2.000 0.000 7.586 -1.414 -16.177 7.586 -1.126
3 65 -16.177 7.586 -1.126 -16.192 9.000 -1.712 0.000 9.000 -2.000
3 65 0.000 10.414 -1.414 0.000 9.000 -2.000 -16.192 9.000 -1.712
3 65 -16.192 9.000 -1.712 -16.177 10.414 -1.126 0.000 10.414 -1.414
3 65 0.000 11.000 0.000 0.000 10.414 -1.414 -16.177 10.414 -1.126
3 65 -16.177 10.414 -1.126 -16.143 11.000 0.287 0.000 11.000 0.000
3 65 0.000 10.414 1.414 0.000 11.000 0.000 -16.143 11.000 0.287
3 65 -16.143 11.000 0.287 -16.109 10.414 1.701 0.000 10.414 1.414
3 65 0.000 9.000 2.000 0.000 10.414 1.414 -16.109 10.414 1.701
3 65 -16.109 10.414 1.701 -16.095 9.000 2.287 0.000 9.000 2.000
3 65 -16.109 7.586 1.701 -16.095 9.000 2.287 -44.320 9.000 3.153
3 65 -44.320 9.000 3.153 -44.339 7.586 2.568 -16.109 7.586 1.701
3 65 -16.143 7.000 0.287 -16.109 7.586 1.701 -44.339 7.586 2.568
3 65 -44.339 7.586 2.568 -44.385 7.000 1.154 -16.143 7.000 0.287
3 65 -16.177 7.586 -1.126 -16.143 7.000 0.287 -44.385 7.000 1.154
3 65 -44.385 7.000 1.154 -44.432 7.586 -0.259 -16.177 7.586 -1.126
3 65 -16.192 9.000 -1.712 -16.177 7.586 -1.126 -44.432 7.586 -0.259
3 65 -44.432 7.586 -0.259 -44.451 9.000 -0.844 -16.192 9.000 -1.712
3 65 -16.177 10.414 -1.126 -16.192 9.000 -1.712 -44.451 9.000 -0.844
3 65 -44.451 9.000 -0.844 -44.432 10.414 -0.259 -16.177 10.414 -1.126
3 65 -16.143 11.000 0.287 -16.177 10.414 -1.126 -44.432 10.414 -0.259
3 65 -44.432 10.414 -0.259 -44.385 11.000 1.154 -16.143 11.000 0.287
3 65 -16.109 10.414 1.701 -16.143 11.000 0.287 -44.385 11.000 1.154
3 65 -44.385 11.000 1.154 -44.339 10.414 2.568 -16.109 10.414 1.701
3 65 -16.095 9.000 2.287 -16.109 10.414 1.701 -44.339 10.414 2.568
3 65 -44.339 10.414 2.568 -44.320 9.000 3.153 -16.095 9.000 2.287
3 65 -44.339 7.586 2.568 -44.320 9.000 3.153 -84.657 9.000 4.560
3 65 -84.657 9.000 4.560 -84.677 7.586 3.975 -44.339 7.586 2.568
3 65 -44.385 7.000 1.154 -44.339 7.586 2.568 -84.677 7.586 3.975
3 65 -84.677 7.586 3.975 -84.726 7.000 2.561 -44.385 7.000 1.154
3 65 -44.432 7.586 -0.259 -44.385 7.000 1.154 -84.726 7.000 2.561
3 65 -84.726 7.000 2.561 -84.775 7.586 1.148 -44.432 7.586 -0.259
3 65 -44.451 9.000 -0.844 -44.432 7.586 -0.259 -84.775 7.586 1.148
3 65 -84.775 7.586 1.148 -84.796 9.000 0.562 -44.451 9.000 -0.844
3 65 -44.432 10.414 -0.259 -44.451 9.000 -0.844 -84.796 9.000 0.562
3 65 -84.796 9.000 0.562 -84.775 10.414 1.148 -44.432 10.414 -0.259
3 65 -44.385 11.000 1.154 -44.432 10.414 -0.259 -84.775 10.414 1.148
3 65 -84.775 10.414 1.148 -84.726 11.000 2.561 -44.385 11.000 1.154
3 65 -44.339 10.414 2.568 -44.385 11.000 1.154 -84.726 11.000 2.561
3 65 -84.726 11.000 2.561 -84.677 10.414 3.975 -44.339 10.414 2.568
3 65 -44.320 9.000 3.153 -44.339 10.414 2.568 -84.677 10.414 3.975
3 65 -84.677 10.414 3.975 -84.657 9.000 4.560 -44.320 9.000 3.153
3 65 -84.677 7.586 3.975 -84.657 9.000 4.560 -124.505 9.000 5.943
3 65 -124.505 9.000 5.943 -124.523 7.586 5.357 -84.677 7.586 3.975
3 65 -84.726 7.000 2.561 -84.677 7.586 3.975 -124.523 7.586 5.357
3 65 -124.523 7.586 5.357 -124.567 7.000 3.944 -84.726 7.000 2.561
3 65 -84.775 7.586 1.148 -84.726 7.000 2.561 -124.567 7.000 3.944
3 65 -124.567 7.000 3.944 -124.612 7.586 2.530 -84.775 7.586 1.148
3 65 -84.796 9.000 0.562 -84.775 7.586 1.148 -124.612 7.586 2.530
3 65 -124.612 7.586 2.530 -124.630 9.000 1.945 -84.796 9.000 0.562
3 65 -84.775 10.414 1.148 -84.796 9.000 0.562 -124.630 9.000 1.945
3 65 -124.630 9.000 1.945 -124.612 10.414 2.530 -84.775 10.414 1.148
3 65 -84.726 11.000 2.561 -84.775 10.414 1.148 -124.612 10.414 2.530
3 65 -124.612 10.414 2.530 -124.567 11.000 3.944 -84.726 11.000 2.561
3 65 -84.677 10.414 3.975 -84.726 11.000 2.561 -124.567 11.000 3.944
3 65 -124.567 11.000 3.944 -124.523 10.414 5.357 -84.677 10.414 3.975
3 65 -84.657 9.000 4.560 -84.677 10.414 3.975 -124.523 10.414 5.357
3 65 -124.523 10.414 5.357 -124.505 9.000 5.943 -84.657 9.000 4.560
3 65 -124.523 7.586 5.357 -124.505 9.000 5.943 -160.843 9.000 6.953
3 65 -160.843 9.000 6.953 -160.854 7.586 6.367 -124.523 7.586 5.357
3 65 -124.567 7.000 3.944 -124.523 7.586 5.357 -160.854 7.586 6.367
3 65 -160.854 7.586 6.367 -160.882 7.000 4.953 -124.567 7.000 3.944
3 65 -124.612 7.586 2.530 -124.567 7.000 3.944 -160.882 7.000 4.953
3 65 -160.882 7.000 4.953 -160.909 7.586 3.539 -124.612 7.586 2.530
3 65 -124.630 9.000 1.945 -124.612 7.586 2.530 -160.909 7.586 3.539
3 65 -160.909 7.586 3.539 -160.920 9.000 2.953 -124.630 9.000 1.945
3 65 -124.612 10.414 2.530 -124.630 9.000 1.945 -160.920 9.000 2.953
3 65 -160.920 9.000 2.953 -160.909 10.414 3.539 -124.612 10.414 2.530
3 65 -124.567 11.000 3.944 -124.612 10.414 2.530 -160.909 10.414 3.539
3 65 -160.909 10.414 3.539 -160.882 11.000 4.953 -124.567 11.000 3.944
3 65 -124.523 10.414 5.357 -124.567 11.000 3.944 -160.882 11.000 4.953
3 65 -160.882 11.000 4.953 -160.854 10.414 6.367 -124.523 10.414 5.357
3 65 -124.505 9.000 5.943 -124.523 10.414 5.357 -160.854 10.414 6.367
3 65 -160.854 10.414 6.367 -160.843 9.000 6.953 -124.505 9.000 5.943
3 65 -160.854 7.586 6.367 -160.843 9.000 6.953 -164.906 9.001 6.997
3 65 -164.906 9.001 6.997 -164.783 7.592 6.410 -160.854 7.586 6.367
3 65 -160.882 7.000 4.953 -160.854 7.586 6.367 -164.783 7.592 6.410
3 65 -164.783 7.592 6.410 -164.738 7.008 4.996 -160.882 7.000 4.953
3 65 -160.909 7.586 3.539 -160.882 7.000 4.953 -164.738 7.008 4.996
3 65 -164.738 7.008 4.996 -164.799 7.591 3.582 -160.909 7.586 3.539
3 65 -160.920 9.000 2.953 -160.909 7.586 3.539 -164.799 7.591 3.582
3 65 -164.799 7.591 3.582 -164.930 8.999 2.997 -160.920 9.000 2.953
3 65 -160.909 10.414 3.539 -160.920 9.000 2.953 -164.930 8.999 2.997
3 65 -164.930 8.999 2.997 -165.053 10.408 3.583 -160.909 10.414 3.539
3 65 -160.882 11.000 4.953 -160.909 10.414 3.539 -165.053 10.408 3.583
3 65 -165.053 10.408 3.583 -165.098 10.992 4.997 -160.882 11.000 4.953
3 65 -160.854 10.414 6.367 -160.882 11.000 4.953 -165.098 10.992 4.997
3 65 -165.098 10.992 4.997 -165.037 10.409 6.411 -160.854 10.414 6.367
3 65 -160.843 9.000 6.953 -160.854 10.414 6.367 -165.037 10.409 6.411
3 65 -165.037 10.409 6.411 -164.906 9.001 6.997 -160.843 9.000 6.953
3 65 -164.783 7.592 6.410 -164.906 9.001 6.997 -168.837 8.287 7.000
3 65 -168.837 8.287 7.000 -168.154 7.049 6.414 -164.783 7.592 6.410
3 65 -164.738 7.008 4.996 -164.783 7.592 6.410 -168.154 7.049 6.414
3 65 -168.154 7.049 6.414 -167.872 6.536 5.000 -164.738 7.008 4.996
3 65 -164.799 7.591 3.582 -164.738 7.008 4.996 -167.872 6.536 5.000
3 65 -167.872 6.536 5.000 -168.155 7.049 3.586 -164.799 7.591 3.582
3 65 -164.930 8.999 2.997 -164.799 7.591 3.582 -168.155 7.049 3.586
3 65 -168.155 7.049 3.586 -168.839 8.287 3.000 -164.930 8.999 2.997
3 65 -165.053 10.408 3.583 -164.930 8.999 2.997 -168.839 8.287 3.000
3 65 -168.839 8.287 3.000 -169.523 9.525 3.586 -165.053 10.408 3.583
3 65 -165.098 10.992 4.997 -165.053 10.408 3.583 -169.523 9.525 3.586
3 65 -169.523 9.525 3.586 -169.805 10.038 5.000 -165.098 10.992 4.997
3 65 -165.037 10.409 6.411 -165.098 10.992 4.997 -169.805 10.038 5.000
3 65 -169.805 10.038 5.000 -169.521 9.525 6.414 -165.037 10.409 6.411
3 65 -164.906 9.001 6.997 -165.037 10.409 6.411 -169.521 9.525 6.414
3 65 -169.521 9.525 6.414 -168.837 8.287 7.000 -164.906 9.001 6.997
3 65 -168.154 7.049 6.414 -168.837 8.287 7.000 -171.515 5.365 7.000
3 65 -171.515 5.365 7.000 -170.216 4.807 6.414 -168.154 7.049 6.414
3 65 -167.872 6.536 5.000 -168.154 7.049 6.414 -170.216 4.807 6.414
3 65 -170.216 4.807 6.414 -169.677 4.576 5.000 -167.872 6.536 5.000
3 65 -168.155 7.049 3.586 -167.872 6.536 5.000 -169.677 4.576 5.000
3 65 -169.677 4.576 5.000 -170.216 4.807 3.586 -168.155 7.049 3.586
3 65 -168.839 8.287 3.000 -168.155 7.049 3.586 -170.216 4.807 3.586
3 65 -170.216 4.807 3.586 -171.515 5.365 3.000 -168.839 8.287 3.000
3 65 -169.523 9.525 3.586 -168.839 8.287 3.000 -171.515 5.365 3.000
3 65 -171.515 5.365 3.000 -172.815 5.923 3.586 -169.523 9.525 3.586
3 65 -169.805 10.038 5.000 -169.523 9.525 3.586 -172.815 5.923 3.586
3 65 -172.815 5.923 3.586 -173.353 6.154 5.000 -169.805 10.038 5.000
3 65 -169.521 9.525 6.414 -169.805 10.038 5.000 -173.353 6.154 5.000
3 65 -173.353 6.154 5.000 -172.815 5.923 6.414 -169.521 9.525 6.414
3 65 -168.837 8.287 7.000 -169.521 9.525 6.414 -172.815 5.923 6.414
3 65 -172.815 5.923 6.414 -171.515 5.365 7.000 -168.837 8.287 7.000
3 65 -170.216 4.807 6.414 -171.515 5.365 7.000 -171.790 1.411 7.000
3 65 -171.790 1.411 7.000 -170.418 1.756 6.414 -170.216 4.807 6.414
3 65 -169.677 4.576 5.000 -170.216 4.807 6.414 -170.418 1.756 6.414
3 65 -170.418 1.756 6.414 -169.850 1.899 5.000 -169.677 4.576 5.000
3 65 -170.216 4.807 3.586 -169.677 4.576 5.000 -169.850 1.899 5.000
3 65 -169.850 1.899 5.000 -170.418 1.756 3.586 -170.216 4.807 3.586
3 65 -171.515 5.365 3.000 -170.216 4.807 3.586 -170.418 1.756 3.586
3 65 -170.418 1.756 3.586 -171.789 1.410 3.000 -171.515 5.365 3.000
3 65 -172.815 5.923 3.586 -171.515 5.365 3.000 -171.789 1.410 3.000
3 65 -171.789 1.410 3.000 -173.161 1.064 3.586 -172.815 5.923 3.586
3 65 -173.353 6.154 5.000 -172.815 5.923 3.586 -173.161 1.064 3.586
3 65 -173.161 1.064 3.586 -173.729 0.921 5.000 -173.353 6.154 5.000
3 65 -172.815 5.923 6.414 -173.353 6.154 5.000 -173.729 0.921 5.000
3 65 -173.729 0.921 5.000 -173.161 1.065 6.414 -172.815 5.923 6.414
3 65 -171.515 5.365 7.000 -172.815 5.923 6.414 -173.161 1.065 6.414
3 65 -173.161 1.065 6.414 -171.790 1.411 7.000 -171.515 5.365 7.000
3 65 -170.418 1.756 6.414 -171.790 1.411 7.000 -169.709 -2.004 7.000
3 65 -169.709 -2.004 7.000 -168.553 -1.159 6.460 -170.418 1.756 6.414
3 65 -170.418 1.756 6.414 -168.553 -1.159 6.460 -168.043 -0.788 5.066
3 65 -168.043 -0.788 5.066 -169.850 1.899 5.000 -170.418 1.756 6.414
3 65 -170.418 1.756 3.586 -169.850 1.899 5.000 -168.043 -0.788 5.066
3 65 -168.043 -0.788 5.066 -168.477 -1.109 3.633 -170.418 1.756 3.586
3 65 -171.789 1.410 3.000 -170.418 1.756 3.586 -168.477 -1.109 3.633
3 65 -168.477 -1.109 3.633 -169.602 -1.935 3.003 -171.789 1.410 3.000
3 65 -173.161 1.064 3.586 -171.789 1.410 3.000 -169.602 -1.935 3.003
3 65 -169.602 -1.935 3.003 -170.758 -2.780 3.543 -173.161 1.064 3.586
3 65 -173.729 0.921 5.000 -173.161 1.064 3.586 -170.758 -2.780 3.543
3 65 -170.758 -2.780 3.543 -171.268 -3.151 4.937 -173.729 0.921 5.000
3 65 -173.161 1.065 6.414 -173.729 0.921 5.000 -171.268 -3.151 4.937
3 65 -171.268 -3.151 4.937 -170.834 -2.830 6.370 -173.161 1.065 6.414
3 65 -171.790 1.411 7.000 -173.161 1.065 6.414 -170.834 -2.830 6.370
3 65 -170.834 -2.830 6.370 -169.709 -2.004 7.000 -171.790 1.411 7.000
3 65 -169.709 -2.004 7.000 -167.426 -5.342 6.967 -166.269 -4.368 6.733
3 65 -166.269 -4.368 6.733 -168.553 -1.159 6.460 -169.709 -2.004 7.000
3 65 -168.553 -1.159 6.460 -166.269 -4.368 6.733 -165.570 -3.796 5.497
3 65 -165.570 -3.796 5.497 -168.043 -0.788 5.066 -168.553 -1.159 6.460
3 65 -168.043 -0.788 5.066 -165.570 -3.796 5.497 -165.738 -3.960 3.985
3 65 -165.738 -3.960 3.985 -168.477 -1.109 3.633 -168.043 -0.788 5.066
3 65 -168.477 -1.109 3.633 -165.738 -3.960 3.985 -166.676 -4.764 3.081
3 65 -166.676 -4.764 3.081 -169.602 -1.935 3.003 -168.477 -1.109 3.633
3 65 -169.602 -1.935 3.003 -166.676 -4.764 3.081 -167.833 -5.738 3.316
3 65 -167.833 -5.738 3.316 -170.758 -2.780 3.543 -169.602 -1.935 3.003
3 65 -170.758 -2.780 3.543 -167.833 -5.738 3.316 -168.533 -6.311 4.551
3 65 -168.533 -6.311 4.551 -171.268 -3.151 4.937 -170.758 -2.780 3.543
3 65 -171.268 -3.151 4.937 -168.533 -6.311 4.551 -168.364 -6.147 6.064
3 65 -168.364 -6.147 6.064 -170.834 -2.830 6.370 -171.268 -3.151 4.937
3 65 -170.834 -2.830 6.370 -168.364 -6.147 6.064 -167.426 -5.342 6.967
3 65 -167.426 -5.342 6.967 -169.709 -2.004 7.000 -170.834 -2.830 6.370
3 65 -167.426 -5.342 6.967 -165.467 -8.940 6.615 -164.361 -7.990 7.082
3 65 -164.361 -7.990 7.082 -166.269 -4.368 6.733 -167.426 -5.342 6.967
3 65 -166.269 -4.368 6.733 -164.361 -7.990 7.082 -163.308 -7.128 6.382
3 65 -163.308 -7.128 6.382 -165.570 -3.796 5.497 -166.269 -4.368 6.733
3 65 -165.570 -3.796 5.497 -163.308 -7.128 6.382 -162.924 -6.858 4.925
3 65 -162.924 -6.858 4.925 -165.738 -3.960 3.985 -165.570 -3.796 5.497
3 65 -165.738 -3.960 3.985 -162.924 -6.858 4.925 -163.434 -7.339 3.564
3 65 -163.434 -7.339 3.564 -166.676 -4.764 3.081 -165.738 -3.960 3.985
3 65 -166.676 -4.764 3.081 -163.434 -7.339 3.564 -164.540 -8.289 3.097
3 65 -164.540 -8.289 3.097 -167.833 -5.738 3.316 -166.676 -4.764 3.081
3 65 -167.833 -5.738 3.316 -164.540 -8.289 3.097 -165.593 -9.152 3.797
3 65 -165.593 -9.152 3.797 -168.533 -6.311 4.551 -167.833 -5.738 3.316
3 65 -168.533 -6.311 4.551 -165.593 -9.152 3.797 -165.977 -9.421 5.254
3 65 -165.977 -9.421 5.254 -168.364 -6.147 6.064 -168.533 -6.311 4.551
3 65 -168.364 -6.147 6.064 -165.977 -9.421 5.254 -165.467 -8.940 6.615
3 65 -165.467 -8.940 6.615 -167.426 -5.342 6.967 -168.364 -6.147 6.064
3 65 -165.467 -8.940 6.615 -163.448 -12.314 5.800 -163.513 -10.875 6.319
3 65 -163.513 -10.875 6.319 -164.361 -7.990 7.082 -165.467 -8.940 6.615
3 65 -164.361 -7.990 7.082 -163.513 -10.875 6.319 -162.609 -9.644 6.214
3 65 -162.609 -9.644 6.214 -163.308 -7.128 6.382 -164.361 -7.990 7.082
3 65 -163.308 -7.128 6.382 -162.609 -9.644 6.214 -161.266 -9.343 5.545
3 65 -161.266 -9.343 5.545 -162.924 -6.858 4.925 -163.308 -7.128 6.382
3 65 -162.924 -6.858 4.925 -161.266 -9.343 5.545 -160.270 -10.146 4.705
3 65 -160.270 -10.146 4.705 -163.434 -7.339 3.564 -162.924 -6.858 4.925
3 65 -163.434 -7.339 3.564 -160.270 -10.146 4.705 -160.205 -11.585 4.186
3 65 -160.205 -11.585 4.186 -164.540 -8.289 3.097 -163.434 -7.339 3.564
3 65 -164.540 -8.289 3.097 -160.205 -11.585 4.186 -161.109 -12.815 4.291
3 65 -161.109 -12.815 4.291 -165.593 -9.152 3.797 -164.540 -8.289 3.097
3 65 -165.593 -9.152 3.797 -161.109 -12.815 4.291 -162.453 -13.117 4.960
3 65 -162.453 -13.117 4.960 -165.977 -9.421 5.254 -165.593 -9.152 3.797
3 65 -165.977 -9.421 5.254 -162.453 -13.117 4.960 -163.448 -12.314 5.800
3 65 -163.448 -12.314 5.800 -165.467 -8.940 6.615 -165.977 -9.421 5.254
3 65 -163.448 -12.314 5.800 -162.539 -12.908 6.034 -163.426 -12.107 6.991
3 65 -163.426 -12.107 6.991 -163.513 -10.875 6.319 -163.448 -12.314 5.800
3 65 -163.513 -10.875 6.319 -163.426 -12.107 6.991 -163.527 -10.634 7.397
3 65 -163.527 -10.634 7.397 -162.609 -9.644 6.214 -163.513 -10.875 6.319
3 65 -162.609 -9.644 6.214 -163.527 -10.634 7.397 -162.781 -9.353 7.015
3 65 -162.781 -9.353 7.015 -161.266 -9.343 5.545 -162.609 -9.644 6.214
3 65 -161.266 -9.343 5.545 -162.781 -9.353 7.015 -161.627 -9.013 6.069
3 65 -161.627 -9.013 6.069 -160.270 -10.146 4.705 -161.266 -9.343 5.545
3 65 -160.270 -10.146 4.705 -161.627 -9.013 6.069 -160.740 -9.814 5.112
3 65 -160.740 -9.814 5.112 -160.205 -11.585 4.186 -160.270 -10.146 4.705
3 65 -160.205 -11.585 4.186 -160.740 -9.814 5.112 -160.640 -11.286 4.706
3 65 -160.640 -11.286 4.706 -161.109 -12.815 4.291 -160.205 -11.585 4.186
3 65 -161.109 -12.815 4.291 -160.640 -11.286 4.706 -161.385 -12.568 5.088
3 65 -161.385 -12.568 5.088 -162.453 -13.117 4.960 -161.109 -12.815 4.291
3 65 -162.453 -13.117 4.960 -161.385 -12.568 5.088 -162.539 -12.908 6.034
3 65 -162.539 -12.908 6.034 -163.448 -12.314 5.800 -162.453 -13.117 4.960
3 65 -162.539 -12.908 6.034 -157.300 -12.191 4.154 -157.056 -12.277 5.663
3 65 -157.056 -12.277 5.663 -163.426 -12.107 6.991 -162.539 -12.908 6.034
3 65 -163.426 -12.107 6.991 -157.056 -12.277 5.663 -157.409 -11.401 6.868
3 65 -157.409 -11.401 6.868 -163.527 -10.634 7.397 -163.426 -12.107 6.991
3 65 -163.527 -10.634 7.397 -157.409 -11.401 6.868 -158.151 -10.077 7.063
3 65 -158.151 -10.077 7.063 -162.781 -9.353 7.015 -163.527 -10.634 7.397
3 65 -162.781 -9.353 7.015 -158.151 -10.077 7.063 -158.847 -9.079 6.134
3 65 -158.847 -9.079 6.134 -161.627 -9.013 6.069 -162.781 -9.353 7.015
3 65 -161.627 -9.013 6.069 -158.847 -9.079 6.134 -159.090 -8.993 4.625
3 65 -159.090 -8.993 4.625 -160.740 -9.814 5.112 -161.627 -9.013 6.069
3 65 -160.740 -9.814 5.112 -159.090 -8.993 4.625 -158.738 -9.869 3.420
3 65 -158.738 -9.869 3.420 -160.640 -11.286 4.706 -160.740 -9.814 5.112
3 65 -160.640 -11.286 4.706 -158.738 -9.869 3.420 -157.996 -11.193 3.225
3 65 -157.996 -11.193 3.225 -161.385 -12.568 5.088 -160.640 -11.286 4.706
3 65 -161.385 -12.568 5.088 -157.996 -11.193 3.225 -157.300 -12.191 4.154
3 65 -157.300 -12.191 4.154 -162.539 -12.908 6.034 -161.385 -12.568 5.088
3 65 -157.300 -12.191 4.154 -154.098 -8.279 4.603 -154.305 -8.197 6.118
3 65 -154.305 -8.197 6.118 -157.056 -12.277 5.663 -157.300 -12.191 4.154
3 65 -157.056 -12.277 5.663 -154.305 -8.197 6.118 -155.378 -7.602 7.033
3 65 -155.378 -7.602 7.033 -157.409 -11.401 6.868 -157.056 -12.277 5.663
3 65 -157.409 -11.401 6.868 -155.378 -7.602 7.033 -156.688 -6.842 6.812
3 65 -156.688 -6.842 6.812 -158.151 -10.077 7.063 -157.409 -11.401 6.868
3 65 -158.151 -10.077 7.063 -156.688 -6.842 6.812 -157.468 -6.362 5.586
3 65 -157.468 -6.362 5.586 -158.847 -9.079 6.134 -158.151 -10.077 7.063
3 65 -158.847 -9.079 6.134 -157.468 -6.362 5.586 -157.261 -6.443 4.071
3 65 -157.261 -6.443 4.071 -159.090 -8.993 4.625 -158.847 -9.079 6.134
3 65 -159.090 -8.993 4.625 -157.261 -6.443 4.071 -156.188 -7.039 3.156
3 65 -156.188 -7.039 3.156 -158.738 -9.869 3.420 -159.090 -8.993 4.625
3 65 -158.738 -9.869 3.420 -156.188 -7.039 3.156 -154.877 -7.799 3.377
3 65 -154.877 -7.799 3.377 -157.996 -11.193 3.225 -158.738 -9.869 3.420
3 65 -157.996 -11.193 3.225 -154.877 -7.799 3.377 -154.098 -8.279 4.603
3 65 -154.098 -8.279 4.603 -157.300 -12.191 4.154 -157.996 -11.193 3.225
3 65 -154.098 -8.279 4.603 -152.373 -4.437 5.936 -153.353 -4.084 7.058
3 65 -153.353 -4.084 7.058 -154.305 -8.197 6.118 -154.098 -8.279 4.603
3 65 -154.305 -8.197 6.118 -153.353 -4.084 7.058 -154.761 -3.484 7.116
3 65 -154.761 -3.484 7.116 -155.378 -7.602 7.033 -154.305 -8.197 6.118
3 65 -155.378 -7.602 7.033 -154.761 -3.484 7.116 -155.771 -2.990 6.078
3 65 -155.771 -2.990 6.078 -156.688 -6.842 6.812 -155.378 -7.602 7.033
3 65 -156.688 -6.842 6.812 -155.771 -2.990 6.078 -155.792 -2.891 4.550
3 65 -155.792 -2.891 4.550 -157.468 -6.362 5.586 -156.688 -6.842 6.812
3 65 -157.468 -6.362 5.586 -155.792 -2.891 4.550 -154.812 -3.244 3.429
3 65 -154.812 -3.244 3.429 -157.261 -6.443 4.071 -157.468 -6.362 5.586
3 65 -157.261 -6.443 4.071 -154.812 -3.244 3.429 -153.404 -3.844 3.370
3 65 -153.404 -3.844 3.370 -156.188 -7.039 3.156 -157.261 -6.443 4.071
3 65 -156.188 -7.039 3.156 -153.404 -3.844 3.370 -152.394 -4.338 4.409
3 65 -152.394 -4.338 4.409 -154.877 -7.799 3.377 -156.188 -7.039 3.156
3 65 -154.877 -7.799 3.377 -152.394 -4.338 4.409 -152.373 -4.437 5.936
3 65 -152.373 -4.437 5.936 -154.098 -8.279 4.603 -154.877 -7.799 3.377
3 65 -152.373 -4.437 5.936 -151.692 -0.385 7.185 -153.112 0.136 7.422
3 65 -153.112 0.136 7.422 -153.353 -4.084 7.058 -152.373 -4.437 5.936
3 65 -153.353 -4.084 7.058 -153.112 0.136 7.422 -154.247 0.631 6.522
3 65 -154.247 0.631 6.522 -154.761 -3.484 7.116 -153.353 -4.084 7.058
3 65 -154.761 -3.484 7.116 -154.247 0.631 6.522 -154.433 0.811 5.013
3 65 -154.433 0.811 5.013 -155.771 -2.990 6.078 -154.761 -3.484 7.116
3 65 -155.771 -2.990 6.078 -154.433 0.811 5.013 -153.560 0.570 3.779
3 65 -153.560 0.570 3.779 -155.792 -2.891 4.550 -155.771 -2.990 6.078
3 65 -155.792 -2.891 4.550 -153.560 0.570 3.779 -152.140 0.050 3.543
3 65 -152.140 0.050 3.543 -154.812 -3.244 3.429 -155.792 -2.891 4.550
3 65 -154.812 -3.244 3.429 -152.140 0.050 3.543 -151.005 -0.445 4.442
3 65 -151.005 -0.445 4.442 -153.404 -3.844 3.370 -154.812 -3.244 3.429
3 65 -153.404 -3.844 3.370 -151.005 -0.445 4.442 -150.819 -0.626 5.951
3 65 -150.819 -0.626 5.951 -152.394 -4.338 4.409 -153.404 -3.844 3.370
3 65 -152.394 -4.338 4.409 -150.819 -0.626 5.951 -151.692 -0.385 7.185
3 65 -151.692 -0.385 7.185 -152.373 -4.437 5.936 -152.394 -4.338 4.409
3 65 -151.692 -0.385 7.185 -151.044 3.580 7.751 -152.237 4.475 7.406
3 65 -152.237 4.475 7.406 -153.112 0.136 7.422 -151.692 -0.385 7.185
3 65 -153.112 0.136 7.422 -152.237 4.475 7.406 -152.845 5.017 6.109
3 65 -152.845 5.017 6.109 -154.247 0.631 6.522 -153.112 0.136 7.422
3 65 -154.247 0.631 6.522 -152.845 5.017 6.109 -152.512 4.887 4.621
3 65 -152.512 4.887 4.621 -154.433 0.811 5.013 -154.247 0.631 6.522
3 65 -154.433 0.811 5.013 -152.512 4.887 4.621 -151.433 4.163 3.812
3 65 -151.433 4.163 3.812 -153.560 0.570 3.779 -154.433 0.811 5.013
3 65 -153.560 0.570 3.779 -151.433 4.163 3.812 -150.240 3.267 4.157
3 65 -150.240 3.267 4.157 -152.140 0.050 3.543 -153.560 0.570 3.779
3 65 -152.140 0.050 3.543 -150.240 3.267 4.157 -149.632 2.726 5.454
3 65 -149.632 2.726 5.454 -151.005 -0.445 4.442 -152.140 0.050 3.543
3 65 -151.005 -0.445 4.442 -149.632 2.726 5.454 -149.965 2.856 6.942
3 65 -149.965 2.856 6.942 -150.819 -0.626 5.951 -151.005 -0.445 4.442
3 65 -150.819 -0.626 5.951 -149.965 2.856 6.942 -151.044 3.580 7.751
3 65 -151.044 3.580 7.751 -151.692 -0.385 7.185 -150.819 -0.626 5.951
3 65 -151.044 3.580 7.751 -148.990 5.559 7.997 -149.417 6.932 7.470
3 65 -149.417 6.932 7.470 -152.237 4.475 7.406 -151.044 3.580 7.751
3 65 -152.237 4.475 7.406 -149.417 6.932 7.470 -149.574 7.557 6.082
3 65 -149.574 7.557 6.082 -152.845 5.017 6.109 -152.237 4.475 7.406
3 65 -152.845 5.017 6.109 -149.574 7.557 6.082 -149.369 7.070 4.646
3 65 -149.369 7.070 4.646 -152.512 4.887 4.621 -152.845 5.017 6.109
3 65 -152.512 4.887 4.621 -149.369 7.070 4.646 -148.921 5.755 4.002
3 65 -148.921 5.755 4.002 -151.433 4.163 3.812 -152.512 4.887 4.621
3 65 -151.433 4.163 3.812 -148.921 5.755 4.002 -148.494 4.383 4.529
3 65 -148.494 4.383 4.529 -150.240 3.267 4.157 -151.433 4.163 3.812
3 65 -150.240 3.267 4.157 -148.494 4.383 4.529 -148.338 3.757 5.917
3 65 -148.338 3.757 5.917 -149.632 2.726 5.454 -150.240 3.267 4.157
3 65 -149.632 2.726 5.454 -148.338 3.757 5.917 -148.543 4.244 7.353
3 65 -148.543 4.244 7.353 -149.965 2.856 6.942 -149.632 2.726 5.454
3 65 -149.965 2.856 6.942 -148.543 4.244 7.353 -148.990 5.559 7.997
3 65 -148.990 5.559 7.997 -151.044 3.580 7.751 -149.965 2.856 6.942
3 65 -149.417 6.932 7.470 -148.990 5.559 7.997 -144.929 5.503 8.000
3 65 -144.929 5.503 8.000 -144.943 6.917 7.414 -149.417 6.932 7.470
3 65 -149.574 7.557 6.082 -149.417 6.932 7.470 -144.943 6.917 7.414
3 65 -144.943 6.917 7.414 -144.949 7.503 6.000 -149.574 7.557 6.082
3 65 -149.574 7.557 6.082 -144.949 7.503 6.000 -144.943 6.917 4.586
3 65 -144.943 6.917 4.586 -149.369 7.070 4.646 -149.574 7.557 6.082
3 65 -149.369 7.070 4.646 -144.943 6.917 4.586 -144.929 5.503 4.000
3 65 -144.929 5.503 4.000 -148.921 5.755 4.002 -149.369 7.070 4.646
3 65 -148.494 4.383 4.529 -148.921 5.755 4.002 -144.929 5.503 4.000
3 65 -144.929 5.503 4.000 -144.915 4.089 4.586 -148.494 4.383 4.529
3 65 -148.338 3.757 5.917 -148.494 4.383 4.529 -144.915 4.089 4.586
3 65 -144.915 4.089 4.586 -144.909 3.503 6.000 -148.338 3.757 5.917
3 65 -148.338 3.757 5.917 -144.909 3.503 6.000 -144.915 4.089 7.414
3 65 -144.915 4.089 7.414 -148.543 4.244 7.353 -148.338 3.757 5.917
3 65 -148.543 4.244 7.353 -144.915 4.089 7.414 -144.929 5.503 8.000
3 65 -144.929 5.503 8.000 -148.990 5.559 7.997 -148.543 4.244 7.353
3 65 -144.943 6.917 7.414 -144.929 5.503 8.000 -140.900 5.737 8.000
3 65 -140.900 5.737 8.000 -141.010 7.147 7.414 -144.943 6.917 7.414
3 65 -144.949 7.503 6.000 -144.943 6.917 7.414 -141.010 7.147 7.414
3 65 -141.010 7.147 7.414 -141.055 7.731 6.000 -144.949 7.503 6.000
3 65 -144.943 6.917 4.586 -144.949 7.503 6.000 -141.055 7.731 6.000
3 65 -141.055 7.731 6.000 -141.010 7.147 4.586 -144.943 6.917 4.586
3 65 -144.929 5.503 4.000 -144.943 6.917 4.586 -141.010 7.147 4.586
3 65 -141.010 7.147 4.586 -140.900 5.737 4.000 -144.929 5.503 4.000
3 65 -144.915 4.089 4.586 -144.929 5.503 4.000 -140.900 5.737 4.000
3 65 -140.900 5.737 4.000 -140.789 4.327 4.586 -144.915 4.089 4.586
3 65 -144.909 3.503 6.000 -144.915 4.089 4.586 -140.789 4.327 4.586
3 65 -140.789 4.327 4.586 -140.744 3.743 6.000 -144.909 3.503 6.000
3 65 -144.915 4.089 7.414 -144.909 3.503 6.000 -140.744 3.743 6.000
3 65 -140.744 3.743 6.000 -140.789 4.327 7.414 -144.915 4.089 7.414
3 65 -144.929 5.503 8.000 -144.915 4.089 7.414 -140.789 4.327 7.414
3 65 -140.789 4.327 7.414 -140.900 5.737 8.000 -144.929 5.503 8.000
3 65 -141.010 7.147 7.414 -140.900 5.737 8.000 -132.866 6.526 8.000
3 65 -132.866 6.526 8.000 -133.020 7.931 7.414 -141.010 7.147 7.414
3 65 -141.055 7.731 6.000 -141.010 7.147 7.414 -133.020 7.931 7.414
3 65 -133.020 7.931 7.414 -133.084 8.514 6.000 -141.055 7.731 6.000
3 65 -141.010 7.147 4.586 -141.055 7.731 6.000 -133.084 8.514 6.000
3 65 -133.084 8.514 6.000 -133.020 7.931 4.586 -141.010 7.147 4.586
3 65 -140.900 5.737 4.000 -141.010 7.147 4.586 -133.020 7.931 4.586
3 65 -133.020 7.931 4.586 -132.866 6.526 4.000 -140.900 5.737 4.000
3 65 -140.789 4.327 4.586 -140.900 5.737 4.000 -132.866 6.526 4.000
3 65 -132.866 6.526 4.000 -132.711 5.120 4.586 -140.789 4.327 4.586
3 65 -140.744 3.743 6.000 -140.789 4.327 4.586 -132.711 5.120 4.586
3 65 -132.711 5.120 4.586 -132.647 4.538 6.000 -140.744 3.743 6.000
3 65 -140.789 4.327 7.414 -140.744 3.743 6.000 -132.647 4.538 6.000
3 65 -132.647 4.538 6.000 -132.711 5.120 7.414 -140.789 4.327 7.414
3 65 -140.900 5.737 8.000 -140.789 4.327 7.414 -132.711 5.120 7.414
3 65 -132.711 5.120 7.414 -132.866 6.526 8.000 -140.900 5.737 8.000
3 65 -133.020 7.931 7.414 -132.866 6.526 8.000 -92.794 11.380 8.000
3 65 -92.794 11.380 8.000 -92.948 12.786 7.414 -133.020 7.931 7.414
3 65 -133.084 8.514 6.000 -133.020 7.931 7.414 -92.948 12.786 7.414
3 65 -92.948 12.786 7.414 -93.011 13.368 6.000 -133.084 8.514 6.000
3 65 -133.020 7.931 4.586 -133.084 8.514 6.000 -93.011 13.368 6.000
3 65 -93.011 13.368 6.000 -92.948 12.786 4.586 -133.020 7.931 4.586
3 65 -132.866 6.526 4.000 -133.020 7.931 4.586 -92.948 12.786 4.586
3 65 -92.948 12.786 4.586 -92.794 11.380 4.000 -132.866 6.526 4.000
3 65 -132.711 5.120 4.586 -132.866 6.526 4.000 -92.794 11.380 4.000
3 65 -92.794 11.380 4.000 -92.640 9.974 4.586 -132.711 5.120 4.586
3 65 -132.647 4.538 6.000 -132.711 5.120 4.586 -92.640 9.974 4.586
3 65 -92.640 9.974 4.586 -92.576 9.392 6.000 -132.647 4.538 6.000
3 65 -132.711 5.120 7.414 -132.647 4.538 6.000 -92.576 9.392 6.000
3 65 -92.576 9.392 6.000 -92.640 9.974 7.414 -132.711 5.120 7.414
3 65 -132.866 6.526 8.000 -132.711 5.120 7.414 -92.640 9.974 7.414
3 65 -92.640 9.974 7.414 -92.794 11.380 8.000 -132.866 6.526 8.000
3 65 -92.948 12.786 7.414 -92.794 11.380 8.000 -84.759 12.166 8.000
3 65 -84.759 12.166 8.000 -84.880 13.575 7.414 -92.948 12.786 7.414
3 65 -93.011 13.368 6.000 -92.948 12.786 7.414 -84.880 13.575 7.414
3 65 -84.880 13.575 7.414 -84.930 14.158 6.000 -93.011 13.368 6.000
3 65 -92.948 12.786 4.586 -93.011 13.368 6.000 -84.930 14.158 6.000
3 65 -84.930 14.158 6.000 -84.880 13.575 4.586 -92.948 12.786 4.586
3 65 -92.794 11.380 4.000 -92.948 12.786 4.586 -84.880 13.575 4.586
3 65 -84.880 13.575 4.586 -84.759 12.166 4.000 -92.794 11.380 4.000
3 65 -92.640 9.974 4.586 -92.794 11.380 4.000 -84.759 12.166 4.000
3 65 -84.759 12.166 4.000 -84.639 10.756 4.586 -92.640 9.974 4.586
3 65 -92.576 9.392 6.000 -92.640 9.974 4.586 -84.639 10.756 4.586
3 65 -84.639 10.756 4.586 -84.589 10.173 6.000 -92.576 9.392 6.000
3 65 -92.640 9.974 7.414 -92.576 9.392 6.000 -84.589 10.173 6.000
3 65 -84.589 10.173 6.000 -84.639 10.756 7.414 -92.640 9.974 7.414
3 65 -92.794 11.380 8.000 -92.640 9.974 7.414 -84.639 10.756 7.414
3 65 -84.639 10.756 7.414 -84.759 12.166 8.000 -92.794 11.380 8.000
3 65 -84.880 13.575 7.414 -84.759 12.166 8.000 -76.708 12.756 8.000
3 65 -76.708 12.756 8.000 -76.791 14.168 7.414 -84.880 13.575 7.414
3 65 -84.930 14.158 6.000 -84.880 13.575 7.414 -76.791 14.168 7.414
3 65 -76.791 14.168 7.414 -76.826 14.753 6.000 -84.930 14.158 6.000
3 65 -84.880 13.575 4.586 -84.930 14.158 6.000 -76.826 14.753 6.000
3 65 -76.826 14.753 6.000 -76.791 14.168 4.586 -84.880 13.575 4.586
3 65 -84.759 12.166 4.000 -84.880 13.575 4.586 -76.791 14.168 4.586
3 65 -76.791 14.168 4.586 -76.708 12.756 4.000 -84.759 12.166 4.000
3 65 -84.639 10.756 4.586 -84.759 12.166 4.000 -76.708 12.756 4.000
3 65 -76.708 12.756 4.000 -76.625 11.344 4.586 -84.639 10.756 4.586
3 65 -84.589 10.173 6.000 -84.639 10.756 4.586 -76.625 11.344 4.586
3 65 -76.625 11.344 4.586 -76.590 10.760 6.000 -84.589 10.173 6.000
3 65 -84.639 10.756 7.414 -84.589 10.173 6.000 -76.590 10.760 6.000
3 65 -76.590 10.760 6.000 -76.625 11.344 7.414 -84.639 10.756 7.414
3 65 -84.759 12.166 8.000 -84.639 10.756 7.414 -76.625 11.344 7.414
3 65 -76.625 11.344 7.414 -76.708 12.756 8.000 -84.759 12.166 8.000
3 65 -76.791 14.168 7.414 -76.708 12.756 8.000 -72.676 12.936 8.000
3 65 -72.676 12.936 8.000 -72.718 14.349 7.414 -76.791 14.168 7.414
3 65 -76.826 14.753 6.000 -76.791 14.168 7.414 -72.718 14.349 7.414
3 65 -72.718 14.349 7.414 -72.736 14.935 6.000 -76.826 14.753 6.000
3 65 -76.791 14.168 4.586 -76.826 14.753 6.000 -72.736 14.935 6.000
3 65 -72.736 14.935 6.000 -72.718 14.349 4.586 -76.791 14.168 4.586
3 65 -76.708 12.756 4.000 -76.791 14.168 4.586 -72.718 14.349 4.586
3 65 -72.718 14.349 4.586 -72.676 12.936 4.000 -76.708 12.756 4.000
3 65 -76.625 11.344 4.586 -76.708 12.756 4.000 -72.676 12.936 4.000
3 65 -72.676 12.936 4.000 -72.633 11.522 4.586 -76.625 11.344 4.586
3 65 -76.590 10.760 6.000 -76.625 11.344 4.586 -72.633 11.522 4.586
3 65 -72.633 11.522 4.586 -72.616 10.937 6.000 -76.590 10.760 6.000
3 65 -76.625 11.344 7.414 -76.590 10.760 6.000 -72.616 10.937 6.000
3 65 -72.616 10.937 6.000 -72.633 11.522 7.414 -76.625 11.344 7.414
3 65 -76.708 12.756 8.000 -76.625 11.344 7.414 -72.633 11.522 7.414
3 65 -72.633 11.522 7.414 -72.676 12.936 8.000 -76.708 12.756 8.000
3 65 -72.718 14.349 7.414 -72.676 12.936 8.000 -68.640 12.998 8.000
3 65 -68.640 12.998 8.000 -68.641 14.412 7.414 -72.718 14.349 7.414
3 65 -72.736 14.935 6.000 -72.718 14.349 7.414 -68.641 14.412 7.414
3 65 -68.641 14.412 7.414 -68.642 14.998 6.000 -72.736 14.935 6.000
3 65 -72.718 14.349 4.586 -72.736 14.935 6.000 -68.642 14.998 6.000
3 65 -68.642 14.998 6.000 -68.641 14.412 4.586 -72.718 14.349 4.586
3 65 -72.676 12.936 4.000 -72.718 14.349 4.586 -68.641 14.412 4.586
3 65 -68.641 14.412 4.586 -68.640 12.998 4.000 -72.676 12.936 4.000
3 65 -72.633 11.522 4.586 -72.676 12.936 4.000 -68.640 12.998 4.000
3 65 -68.640 12.998 4.000 -68.638 11.584 4.586 -72.633 11.522 4.586
3 65 -72.616 10.937 6.000 -72.633 11.522 4.586 -68.638 11.584 4.586
3 65 -68.638 11.584 4.586 -68.638 10.998 6.000 -72.616 10.937 6.000
3 65 -72.633 11.522 7.414 -72.616 10.937 6.000 -68.638 10.998 6.000
3 65 -68.638 10.998 6.000 -68.638 11.584 7.414 -72.633 11.522 7.414
3 65 -72.676 12.936 8.000 -72.633 11.522 7.414 -68.638 11.584 7.414
3 65 -68.638 11.584 7.414 -68.640 12.998 8.000 -72.676 12.936 8.000
3 65 -68.641 14.412 7.414 -68.640 12.998 8.000 -64.604 12.944 8.000
3 65 -64.604 12.944 8.000 -64.564 14.357 7.414 -68.641 14.412 7.414
3 65 -68.642 14.998 6.000 -68.641 14.412 7.414 -64.564 14.357 7.414
3 65 -64.564 14.357 7.414 -64.548 14.943 6.000 -68.642 14.998 6.000
3 65 -68.641 14.412 4.586 -68.642 14.998 6.000 -64.548 14.943 6.000
3 65 -64.548 14.943 6.000 -64.564 14.357 4.586 -68.641 14.412 4.586
3 65 -68.640 12.998 4.000 -68.641 14.412 4.586 -64.564 14.357 4.586
3 65 -64.564 14.357 4.586 -64.604 12.944 4.000 -68.640 12.998 4.000
3 65 -68.638 11.584 4.586 -68.640 12.998 4.000 -64.604 12.944 4.000
3 65 -64.604 12.944 4.000 -64.643 11.530 4.586 -68.638 11.584 4.586
3 65 -68.638 10.998 6.000 -68.638 11.584 4.586 -64.643 11.530 4.586
3 65 -64.643 11.530 4.586 -64.660 10.944 6.000 -68.638 10.998 6.000
3 65 -68.638 11.584 7.414 -68.638 10.998 6.000 -64.660 10.944 6.000
3 65 -64.660 10.944 6.000 -64.643 11.530 7.414 -68.638 11.584 7.414
3 65 -68.640 12.998 8.000 -68.638 11.584 7.414 -64.643 11.530 7.414
3 65 -64.643 11.530 7.414 -64.604 12.944 8.000 -68.640 12.998 8.000
3 65 -64.564 14.357 7.414 -64.604 12.944 8.000 -56.538 12.601 8.000
3 65 -56.538 12.601 8.000 -56.457 14.013 7.414 -64.564 14.357 7.414
3 65 -64.548 14.943 6.000 -64.564 14.357 7.414 -56.457 14.013 7.414
3 65 -56.457 14.013 7.414 -56.424 14.598 6.000 -64.548 14.943 6.000
3 65 -64.564 14.357 4.586 -64.548 14.943 6.000 -56.424 14.598 6.000
3 65 -56.424 14.598 6.000 -56.457 14.013 4.586 -64.564 14.357 4.586
3 65 -64.604 12.944 4.000 -64.564 14.357 4.586 -56.457 14.013 4.586
3 65 -56.457 14.013 4.586 -56.538 12.601 4.000 -64.604 12.944 4.000
3 65 -64.643 11.530 4.586 -64.604 12.944 4.000 -56.538 12.601 4.000
3 65 -56.538 12.601 4.000 -56.619 11.189 4.586 -64.643 11.530 4.586
3 65 -64.660 10.944 6.000 -64.643 11.530 4.586 -56.619 11.189 4.586
3 65 -56.619 11.189 4.586 -56.653 10.604 6.000 -64.660 10.944 6.000
3 65 -64.643 11.530 7.414 -64.660 10.944 6.000 -56.653 10.604 6.000
3 65 -56.653 10.604 6.000 -56.619 11.189 7.414 -64.643 11.530 7.414
3 65 -64.604 12.944 8.000 -64.643 11.530 7.414 -56.619 11.189 7.414
3 65 -56.619 11.189 7.414 -56.538 12.601 8.000 -64.604 12.944 8.000
3 65 -56.457 14.013 7.414 -56.538 12.601 8.000 -48.486 12.020 8.000
3 65 -48.486 12.020 8.000 -48.368 13.429 7.414 -56.457 14.013 7.414
3 65 -56.424 14.598 6.000 -56.457 14.013 7.414 -48.368 13.429 7.414
3 65 -48.368 13.429 7.414 -48.319 14.012 6.000 -56.424 14.598 6.000
3 65 -56.457 14.013 4.586 -56.424 14.598 6.000 -48.319 14.012 6.000
3 65 -48.319 14.012 6.000 -48.368 13.429 4.586 -56.457 14.013 4.586
3 65 -56.538 12.601 4.000 -56.457 14.013 4.586 -48.368 13.429 4.586
3 65 -48.368 13.429 4.586 -48.486 12.020 4.000 -56.538 12.601 4.000
3 65 -56.619 11.189 4.586 -56.538 12.601 4.000 -48.486 12.020 4.000
3 65 -48.486 12.020 4.000 -48.605 10.610 4.586 -56.619 11.189 4.586
3 65 -56.653 10.604 6.000 -56.619 11.189 4.586 -48.605 10.610 4.586
3 65 -48.605 10.610 4.586 -48.654 10.027 6.000 -56.653 10.604 6.000
3 65 -56.619 11.189 7.414 -56.653 10.604 6.000 -48.654 10.027 6.000
3 65 -48.654 10.027 6.000 -48.605 10.610 7.414 -56.619 11.189 7.414
3 65 -56.538 12.601 8.000 -56.619 11.189 7.414 -48.605 10.610 7.414
3 65 -48.605 10.610 7.414 -48.486 12.020 8.000 -56.538 12.601 8.000
3 65 -48.368 13.429 7.414 -48.486 12.020 8.000 -40.451 11.249 8.000
3 65 -40.451 11.249 8.000 -40.301 12.655 7.414 -48.368 13.429 7.414
3 65 -48.319 14.012 6.000 -48.368 13.429 7.414 -40.301 12.655 7.414
3 65 -40.301 12.655 7.414 -40.240 13.237 6.000 -48.319 14.012 6.000
3 65 -48.368 13.429 4.586 -48.319 14.012 6.000 -40.240 13.237 6.000
3 65 -40.240 13.237 6.000 -40.301 12.655 4.586 -48.368 13.429 4.586
3 65 -48.486 12.020 4.000 -48.368 13.429 4.586 -40.301 12.655 4.586
3 65 -40.301 12.655 4.586 -40.451 11.249 4.000 -48.486 12.020 4.000
3 65 -48.605 10.610 4.586 -48.486 12.020 4.000 -40.451 11.249 4.000
3 65 -40.451 11.249 4.000 -40.599 9.842 4.586 -48.605 10.610 4.586
3 65 -48.654 10.027 6.000 -48.605 10.610 4.586 -40.599 9.842 4.586
3 65 -40.599 9.842 4.586 -40.661 9.260 6.000 -48.654 10.027 6.000
3 65 -48.605 10.610 7.414 -48.654 10.027 6.000 -40.661 9.260 6.000
3 65 -40.661 9.260 6.000 -40.599 9.842 7.414 -48.605 10.610 7.414
3 65 -48.486 12.020 8.000 -48.605 10.610 7.414 -40.599 9.842 7.414
3 65 -40.599 9.842 7.414 -40.451 11.249 8.000 -48.486 12.020 8.000
3 65 -40.301 12.655 7.414 -40.451 11.249 8.000 -32.928 10.376 8.000
3 65 -32.928 10.376 8.000 -32.752 11.779 7.414 -40.301 12.655 7.414
3 65 -40.240 13.237 6.000 -40.301 12.655 7.414 -32.752 11.779 7.414
3 65 -32.752 11.779 7.414 -32.679 12.361 6.000 -40.240 13.237 6.000
3 65 -40.301 12.655 4.586 -40.240 13.237 6.000 -32.679 12.361 6.000
3 65 -32.679 12.361 6.000 -32.752 11.779 4.586 -40.301 12.655 4.586
3 65 -40.451 11.249 4.000 -40.301 12.655 4.586 -32.752 11.779 4.586
3 65 -32.752 11.779 4.586 -32.928 10.376 4.000 -40.451 11.249 4.000
3 65 -40.599 9.842 4.586 -40.451 11.249 4.000 -32.928 10.376 4.000
3 65 -32.928 10.376 4.000 -33.104 8.973 4.586 -40.599 9.842 4.586
3 65 -40.661 9.260 6.000 -40.599 9.842 4.586 -33.104 8.973 4.586
3 65 -33.104 8.973 4.586 -33.177 8.392 6.000 -40.661 9.260 6.000
3 65 -40.599 9.842 7.414 -40.661 9.260 6.000 -33.177 8.392 6.000
3 65 -33.177 8.392 6.000 -33.104 8.973 7.414 -40.599 9.842 7.414
3 65 -40.451 11.249 8.000 -40.599 9.842 7.414 -33.104 8.973 7.414
3 65 -33.104 8.973 7.414 -32.928 10.376 8.000 -40.451 11.249 8.000
3 65 -32.752 11.779 7.414 -32.928 10.376 8.000 -24.928 9.293 8.000
3 65 -24.928 9.293 8.000 -24.723 10.693 7.414 -32.752 11.779 7.414
3 65 -32.679 12.361 6.000 -32.752 11.779 7.414 -24.723 10.693 7.414
3 65 -24.723 10.693 7.414 -24.638 11.272 6.000 -32.679 12.361 6.000
3 65 -32.752 11.779 4.586 -32.679 12.361 6.000 -24.638 11.272 6.000
3 65 -24.638 11.272 6.000 -24.723 10.693 4.586 -32.752 11.779 4.586
3 65 -32.928 10.376 4.000 -32.752 11.779 4.586 -24.723 10.693 4.586
3 65 -24.723 10.693 4.586 -24.928 9.293 4.000 -32.928 10.376 4.000
3 65 -33.104 8.973 4.586 -32.928 10.376 4.000 -24.928 9.293 4.000
3 65 -24.928 9.293 4.000 -25.133 7.894 4.586 -33.104 8.973 4.586
3 65 -33.177 8.392 6.000 -33.104 8.973 4.586 -25.133 7.894 4.586
3 65 -25.133 7.894 4.586 -25.218 7.315 6.000 -33.177 8.392 6.000
3 65 -33.104 8.973 7.414 -33.177 8.392 6.000 -25.218 7.315 6.000
3 65 -25.218 7.315 6.000 -25.133 7.894 7.414 -33.104 8.973 7.414
3 65 -32.928 10.376 8.000 -33.104 8.973 7.414 -25.133 7.894 7.414
3 65 -25.133 7.894 7.414 -24.928 9.293 8.000 -32.928 10.376 8.000
3 65 -24.723 10.693 7.414 -24.928 9.293 8.000 -16.954 8.032 8.000
3 65 -16.954 8.032 8.000 -16.716 9.426 7.414 -24.723 10.693 7.414
3 65 -24.638 11.272 6.000 -24.723 10.693 7.414 -16.716 9.426 7.414
3 65 -16.716 9.426 7.414 -16.618 10.003 6.000 -24.638 11.272 6.000
3 65 -24.723 10.693 4.586 -24.638 11.272 6.000 -16.618 10.003 6.000
3 65 -16.618 10.003 6.000 -16.716 9.426 4.586 -24.723 10.693 4.586
3 65 -24.928 9.293 4.000 -24.723 10.693 4.586 -16.716 9.426 4.586
3 65 -16.716 9.426 4.586 -16.954 8.032 4.000 -24.928 9.293 4.000
3 65 -25.133 7.894 4.586 -24.928 9.293 4.000 -16.954 8.032 4.000
3 65 -16.954 8.032 4.000 -17.193 6.638 4.586 -25.133 7.894 4.586
3 65 -25.218 7.315 6.000 -25.133 7.894 4.586 -17.193 6.638 4.586
3 65 -17.193 6.638 4.586 -17.291 6.060 6.000 -25.218 7.315 6.000
3 65 -25.133 7.894 7.414 -25.218 7.315 6.000 -17.291 6.060 6.000
3 65 -17.291 6.060 6.000 -17.193 6.638 7.414 -25.133 7.894 7.414
3 65 -24.928 9.293 8.000 -25.133 7.894 7.414 -17.193 6.638 7.414
3 65 -17.193 6.638 7.414 -16.954 8.032 8.000 -24.928 9.293 8.000
3 65 -16.716 9.426 7.414 -16.954 8.032 8.000 -12.984 7.303 8.000
3 65 -12.984 7.303 8.000 -12.700 8.688 7.414 -16.716 9.426 7.414
3 65 -16.618 10.003 6.000 -16.716 9.426 7.414 -12.700 8.688 7.414
3 65 -12.700 8.688 7.414 -12.583 9.262 6.000 -16.618 10.003 6.000
3 65 -16.716 9.426 4.586 -16.618 10.003 6.000 -12.583 9.262 6.000
3 65 -12.583 9.262 6.000 -12.700 8.688 4.586 -16.716 9.426 4.586
3 65 -16.954 8.032 4.000 -16.716 9.426 4.586 -12.700 8.688 4.586
3 65 -12.700 8.688 4.586 -12.984 7.303 4.000 -16.954 8.032 4.000
3 65 -17.193 6.638 4.586 -16.954 8.032 4.000 -12.984 7.303 4.000
3 65 -12.984 7.303 4.000 -13.268 5.917 4.586 -17.193 6.638 4.586
3 65 -17.291 6.060 6.000 -17.193 6.638 4.586 -13.268 5.917 4.586
3 65 -13.268 5.917 4.586 -13.386 5.344 6.000 -17.291 6.060 6.000
3 65 -17.193 6.638 7.414 -17.291 6.060 6.000 -13.386 5.344 6.000
3 65 -13.386 5.344 6.000 -13.268 5.917 7.414 -17.193 6.638 7.414
3 65 -16.954 8.032 8.000 -17.193 6.638 7.414 -13.268 5.917 7.414
3 65 -13.268 5.917 7.414 -12.984 7.303 8.000 -16.954 8.032 8.000
3 65 -12.984 7.303 8.000 -8.367 6.310 7.878 -8.981 7.673 7.549
3 65 -8.981 7.673 7.549 -12.700 8.688 7.414 -12.984 7.303 8.000
3 65 -12.700 8.688 7.414 -8.981 7.673 7.549 -9.635 8.297 6.314
3 65 -9.635 8.297 6.314 -12.583 9.262 6.000 -12.700 8.688 7.414
3 65 -12.700 8.688 4.586 -12.583 9.262 6.000 -9.635 8.297 6.314
3 65 -9.635 8.297 6.314 -9.945 7.816 4.894 -12.700 8.688 4.586
3 65 -12.700 8.688 4.586 -9.945 7.816 4.894 -9.730 6.511 4.122
3 65 -9.730 6.511 4.122 -12.984 7.303 4.000 -12.700 8.688 4.586
3 65 -12.984 7.303 4.000 -9.730 6.511 4.122 -9.116 5.148 4.451
3 65 -9.116 5.148 4.451 -13.268 5.917 4.586 -12.984 7.303 4.000
3 65 -13.386 5.344 6.000 -13.268 5.917 4.586 -9.116 5.148 4.451
3 65 -9.116 5.148 4.451 -8.463 4.524 5.686 -13.386 5.344 6.000
3 65 -13.268 5.917 7.414 -13.386 5.344 6.000 -8.463 4.524 5.686
3 65 -8.463 4.524 5.686 -8.153 5.006 7.106 -13.268 5.917 7.414
3 65 -13.268 5.917 7.414 -8.153 5.006 7.106 -8.367 6.310 7.878
3 65 -8.367 6.310 7.878 -12.984 7.303 8.000 -13.268 5.917 7.414
3 65 -8.367 6.310 7.878 -6.151 8.797 5.818 -7.375 9.446 6.470
3 65 -7.375 9.446 6.470 -8.981 7.673 7.549 -8.367 6.310 7.878
3 65 -8.981 7.673 7.549 -7.375 9.446 6.470 -8.870 9.506 6.145
3 65 -8.870 9.506 6.145 -9.635 8.297 6.314 -8.981 7.673 7.549
3 65 -9.635 8.297 6.314 -8.870 9.506 6.145 -9.759 8.941 5.035
3 65 -9.759 8.941 5.035 -9.945 7.816 4.894 -9.635 8.297 6.314
3 65 -9.945 7.816 4.894 -9.759 8.941 5.035 -9.523 8.084 3.789
3 65 -9.523 8.084 3.789 -9.730 6.511 4.122 -9.945 7.816 4.894
3 65 -9.730 6.511 4.122 -9.523 8.084 3.789 -8.299 7.435 3.138
3 65 -8.299 7.435 3.138 -9.116 5.148 4.451 -9.730 6.511 4.122
3 65 -9.116 5.148 4.451 -8.299 7.435 3.138 -6.804 7.375 3.462
3 65 -6.804 7.375 3.462 -8.463 4.524 5.686 -9.116 5.148 4.451
3 65 -8.463 4.524 5.686 -6.804 7.375 3.462 -5.915 7.939 4.573
3 65 -5.915 7.939 4.573 -8.153 5.006 7.106 -8.463 4.524 5.686
3 65 -8.153 5.006 7.106 -5.915 7.939 4.573 -6.151 8.797 5.818
3 65 -6.151 8.797 5.818 -8.367 6.310 7.878 -8.153 5.006 7.106
3 65 -6.151 8.797 5.818 -6.932 10.668 3.099 -6.645 12.153 3.334
3 65 -6.645 12.153 3.334 -7.375 9.446 6.470 -6.151 8.797 5.818
3 65 -7.375 9.446 6.470 -6.645 12.153 3.334 -7.462 13.443 3.232
3 65 -7.462 13.443 3.232 -8.870 9.506 6.145 -7.375 9.446 6.470
3 65 -8.870 9.506 6.145 -7.462 13.443 3.232 -8.906 13.782 2.852
3 65 -8.906 13.782 2.852 -9.759 8.941 5.035 -8.870 9.506 6.145
3 65 -9.759 8.941 5.035 -8.906 13.782 2.852 -10.130 12.972 2.417
3 65 -10.130 12.972 2.417 -9.523 8.084 3.789 -9.759 8.941 5.035
3 65 -9.523 8.084 3.789 -10.130 12.972 2.417 -10.417 11.487 2.182
3 65 -10.417 11.487 2.182 -8.299 7.435 3.138 -9.523 8.084 3.789
3 65 -8.299 7.435 3.138 -10.417 11.487 2.182 -9.599 10.197 2.284
3 65 -9.599 10.197 2.284 -6.804 7.375 3.462 -8.299 7.435 3.138
3 65 -6.804 7.375 3.462 -9.599 10.197 2.284 -8.155 9.858 2.664
3 65 -8.155 9.858 2.664 -5.915 7.939 4.573 -6.804 7.375 3.462
3 65 -5.915 7.939 4.573 -8.155 9.858 2.664 -6.932 10.668 3.099
3 65 -6.932 10.668 3.099 -6.151 8.797 5.818 -5.915 7.939 4.573
3 65 -6.932 10.668 3.099 -9.048 8.737 2.404 -7.691 8.911 1.717
3 65 -7.691 8.911 1.717 -6.645 12.153 3.334 -6.932 10.668 3.099
3 65 -6.645 12.153 3.334 -7.691 8.911 1.717 -7.221 9.490 0.381
3 65 -7.221 9.490 0.381 -7.462 13.443 3.232 -6.645 12.153 3.334
3 65 -7.462 13.443 3.232 -7.221 9.490 0.381 -7.913 10.136 -0.822
3 65 -7.913 10.136 -0.822 -8.906 13.782 2.852 -7.462 13.443 3.232
3 65 -8.906 13.782 2.852 -7.913 10.136 -0.822 -9.361 10.469 -1.188
3 65 -9.361 10.469 -1.188 -10.130 12.972 2.417 -8.906 13.782 2.852
3 65 -10.130 12.972 2.417 -9.361 10.469 -1.188 -10.718 10.296 -0.501
3 65 -10.718 10.296 -0.501 -10.417 11.487 2.182 -10.130 12.972 2.417
3 65 -10.417 11.487 2.182 -10.718 10.296 -0.501 -11.189 9.716 0.836
3 65 -11.189 9.716 0.836 -9.599 10.197 2.284 -10.417 11.487 2.182
3 65 -9.599 10.197 2.284 -11.189 9.716 0.836 -10.497 9.071 2.039
3 65 -10.497 9.071 2.039 -8.155 9.858 2.664 -9.599 10.197 2.284
3 65 -8.155 9.858 2.664 -10.497 9.071 2.039 -9.048 8.737 2.404
3 65 -9.048 8.737 2.404 -6.932 10.668 3.099 -8.155 9.858 2.664
3 65 -9.048 8.737 2.404 -9.176 5.448 2.152 -7.770 5.515 1.552
3 65 -7.770 5.515 1.552 -7.691 8.911 1.717 -9.048 8.737 2.404
3 65 -7.691 8.911 1.717 -7.770 5.515 1.552 -7.201 5.629 0.135
3 65 -7.201 5.629 0.135 -7.221 9.490 0.381 -7.691 8.911 1.717
3 65 -7.221 9.490 0.381 -7.201 5.629 0.135 -7.804 5.723 -1.269
3 65 -7.804 5.723 -1.269 -7.913 10.136 -0.822 -7.221 9.490 0.381
3 65 -7.913 10.136 -0.822 -7.804 5.723 -1.269 -9.226 5.742 -1.837
3 65 -9.226 5.742 -1.837 -9.361 10.469 -1.188 -7.913 10.136 -0.822
3 65 -9.361 10.469 -1.188 -9.226 5.742 -1.837 -10.632 5.675 -1.237
3 65 -10.632 5.675 -1.237 -10.718 10.296 -0.501 -9.361 10.469 -1.188
3 65 -10.718 10.296 -0.501 -10.632 5.675 -1.237 -11.201 5.561 0.179
3 65 -11.201 5.561 0.179 -11.189 9.716 0.836 -10.718 10.296 -0.501
3 65 -11.189 9.716 0.836 -11.201 5.561 0.179 -10.598 5.467 1.583
3 65 -10.598 5.467 1.583 -10.497 9.071 2.039 -11.189 9.716 0.836
3 65 -10.497 9.071 2.039 -10.598 5.467 1.583 -9.176 5.448 2.152
3 65 -9.176 5.448 2.152 -9.048 8.737 2.404 -10.497 9.071 2.039
3 65 -7.770 5.515 1.552 -9.176 5.448 2.152 -9.069 1.525 2.015
3 65 -9.069 1.525 2.015 -7.660 1.631 1.427 -7.770 5.515 1.552
3 65 -7.201 5.629 0.135 -7.770 5.515 1.552 -7.660 1.631 1.427
3 65 -7.660 1.631 1.427 -7.079 1.698 0.012 -7.201 5.629 0.135
3 65 -7.804 5.723 -1.269 -7.201 5.629 0.135 -7.079 1.698 0.012
3 65 -7.079 1.698 0.012 -7.668 1.686 -1.401 -7.804 5.723 -1.269
3 65 -9.226 5.742 -1.837 -7.804 5.723 -1.269 -7.668 1.686 -1.401
3 65 -7.668 1.686 -1.401 -9.080 1.602 -1.985 -9.226 5.742 -1.837
3 65 -10.632 5.675 -1.237 -9.226 5.742 -1.837 -9.080 1.602 -1.985
3 65 -9.080 1.602 -1.985 -10.490 1.496 -1.397 -10.632 5.675 -1.237
3 65 -11.201 5.561 0.179 -10.632 5.675 -1.237 -10.490 1.496 -1.397
3 65 -10.490 1.496 -1.397 -11.070 1.429 0.018 -11.201 5.561 0.179
3 65 -10.598 5.467 1.583 -11.201 5.561 0.179 -11.070 1.429 0.018
3 65 -11.070 1.429 0.018 -10.482 1.441 1.431 -10.598 5.467 1.583
3 65 -9.176 5.448 2.152 -10.598 5.467 1.583 -10.482 1.441 1.431
3 65 -10.482 1.441 1.431 -9.069 1.525 2.015 -9.176 5.448 2.152
3 65 -7.660 1.631 1.427 -9.069 1.525 2.015 -8.660 -2.444 2.000
3 65 -8.660 -2.444 2.000 -7.310 -2.024 1.414 -7.660 1.631 1.427
3 65 -7.079 1.698 0.012 -7.660 1.631 1.427 -7.310 -2.024 1.414
3 65 -7.310 -2.024 1.414 -6.751 -1.848 0.000 -7.079 1.698 0.012
3 65 -7.668 1.686 -1.401 -7.079 1.698 0.012 -6.751 -1.848 0.000
3 65 -6.751 -1.848 0.000 -7.311 -2.019 -1.414 -7.668 1.686 -1.401
3 65 -9.080 1.602 -1.985 -7.668 1.686 -1.401 -7.311 -2.019 -1.414
3 65 -7.311 -2.019 -1.414 -8.662 -2.437 -2.000 -9.080 1.602 -1.985
3 65 -10.490 1.496 -1.397 -9.080 1.602 -1.985 -8.662 -2.437 -2.000
3 65 -8.662 -2.437 -2.000 -10.012 -2.856 -1.414 -10.490 1.496 -1.397
3 65 -11.070 1.429 0.018 -10.490 1.496 -1.397 -10.012 -2.856 -1.414
3 65 -10.012 -2.856 -1.414 -10.571 -3.033 0.000 -11.070 1.429 0.018
3 65 -10.482 1.441 1.431 -11.070 1.429 0.018 -10.571 -3.033 0.000
3 65 -10.571 -3.033 0.000 -10.011 -2.862 1.414 -10.482 1.441 1.431
3 65 -9.069 1.525 2.015 -10.482 1.441 1.431 -10.011 -2.862 1.414
3 65 -10.011 -2.862 1.414 -8.660 -2.444 2.000 -9.069 1.525 2.015
3 65 -7.310 -2.024 1.414 -8.660 -2.444 2.000 -6.748 -5.957 2.000
3 65 -6.748 -5.957 2.000 -5.687 -5.022 1.414 -7.310 -2.024 1.414
3 65 -6.751 -1.848 0.000 -7.310 -2.024 1.414 -5.687 -5.022 1.414
3 65 -5.687 -5.022 1.414 -5.248 -4.634 0.000 -6.751 -1.848 0.000
3 65 -7.311 -2.019 -1.414 -6.751 -1.848 0.000 -5.248 -4.634 0.000
3 65 -5.248 -4.634 0.000 -5.687 -5.022 -1.414 -7.311 -2.019 -1.414
3 65 -8.662 -2.437 -2.000 -7.311 -2.019 -1.414 -5.687 -5.022 -1.414
3 65 -5.687 -5.022 -1.414 -6.748 -5.957 -2.000 -8.662 -2.437 -2.000
3 65 -10.012 -2.856 -1.414 -8.662 -2.437 -2.000 -6.748 -5.957 -2.000
3 65 -6.748 -5.957 -2.000 -7.809 -6.893 -1.414 -10.012 -2.856 -1.414
3 65 -10.571 -3.033 0.000 -10.012 -2.856 -1.414 -7.809 -6.893 -1.414
3 65 -7.809 -6.893 -1.414 -8.248 -7.280 0.000 -10.571 -3.033 0.000
3 65 -10.011 -2.862 1.414 -10.571 -3.033 0.000 -8.248 -7.280 0.000
3 65 -8.248 -7.280 0.000 -7.809 -6.893 1.414 -10.011 -2.862 1.414
3 65 -8.660 -2.444 2.000 -10.011 -2.862 1.414 -7.809 -6.893 1.414
3 65 -7.809 -6.893 1.414 -6.748 -5.957 2.000 -8.660 -2.444 2.000
3 65 -5.687 -5.022 1.414 -6.748 -5.957 2.000 -3.497 -8.295 2.000
3 65 -3.497 -8.295 2.000 -2.947 -6.992 1.414 -5.687 -5.022 1.414
3 65 -5.248 -4.634 0.000 -5.687 -5.022 1.414 -2.947 -6.992 1.414
3 65 -2.947 -6.992 1.414 -2.719 -6.453 0.000 -5.248 -4.634 0.000
3 65 -5.687 -5.022 -1.414 -5.248 -4.634 0.000 -2.719 -6.453 0.000
3 65 -2.719 -6.453 0.000 -2.947 -6.992 -1.414 -5.687 -5.022 -1.414
3 65 -6.748 -5.957 -2.000 -5.687 -5.022 -1.414 -2.947 -6.992 -1.414
3 65 -2.947 -6.992 -1.414 -3.497 -8.295 -2.000 -6.748 -5.957 -2.000
3 65 -7.809 -6.893 -1.414 -6.748 -5.957 -2.000 -3.497 -8.295 -2.000
3 65 -3.497 -8.295 -2.000 -4.046 -9.599 -1.414 -7.809 -6.893 -1.414
3 65 -8.248 -7.280 0.000 -7.809 -6.893 -1.414 -4.046 -9.599 -1.414
3 65 -4.046 -9.599 -1.414 -4.274 -10.138 0.000 -8.248 -7.280 0.000
3 65 -7.809 -6.893 1.414 -8.248 -7.280 0.000 -4.274 -10.138 0.000
3 65 -4.274 -10.138 0.000 -4.046 -9.599 1.414 -7.809 -6.893 1.414
3 65 -6.748 -5.957 2.000 -7.809 -6.893 1.414 -4.046 -9.599 1.414
3 65 -4.046 -9.599 1.414 -3.497 -8.295 2.000 -6.748 -5.957 2.000
3 65 -2.947 -6.992 1.414 -3.497 -8.295 2.000 0.447 -8.992 2.000
3 65 0.447 -8.992 2.000 0.377 -7.580 1.414 -2.947 -6.992 1.414
3 65 -2.719 -6.453 0.000 -2.947 -6.992 1.414 0.377 -7.580 1.414
3 65 0.377 -7.580 1.414 0.348 -6.995 0.000 -2.719 -6.453 0.000
3 65 -2.947 -6.992 -1.414 -2.719 -6.453 0.000 0.348 -6.995 0.000
3 65 0.348 -6.995 0.000 0.377 -7.580 -1.414 -2.947 -6.992 -1.414
3 65 -3.497 -8.295 -2.000 -2.947 -6.992 -1.414 0.377 -7.580 -1.414
3 65 0.377 -7.580 -1.414 0.447 -8.992 -2.000 -3.497 -8.295 -2.000
3 65 -4.046 -9.599 -1.414 -3.497 -8.295 -2.000 0.447 -8.992 -2.000
3 65 0.447 -8.992 -2.000 0.517 -10.405 -1.414 -4.046 -9.599 -1.414
3 65 -4.274 -10.138 0.000 -4.046 -9.599 -1.414 0.517 -10.405 -1.414
3 65 0.517 -10.405 -1.414 0.546 -10.990 0.000 -4.274 -10.138 0.000
3 65 -4.046 -9.599 1.414 -4.274 -10.138 0.000 0.546 -10.990 0.000
3 65 0.546 -10.990 0.000 0.517 -10.405 1.414 -4.046 -9.599 1.414
3 65 -3.497 -8.295 2.000 -4.046 -9.599 1.414 0.517 -10.405 1.414
3 65 0.517 -10.405 1.414 0.447 -8.992 2.000 -3.497 -8.295 2.000
3 65 0.377 -7.580 1.414 0.447 -8.992 2.000 4.304 -7.910 2.000
3 65 4.304 -7.910 2.000 3.628 -6.667 1.414 0.377 -7.580 1.414
3 65 0.348 -6.995 0.000 0.377 -7.580 1.414 3.628 -6.667 1.414
3 65 3.628 -6.667 1.414 3.348 -6.153 0.000 0.348 -6.995 0.000
3 65 0.377 -7.580 -1.414 0.348 -6.995 0.000 3.348 -6.153 0.000
3 65 3.348 -6.153 0.000 3.628 -6.667 -1.414 0.377 -7.580 -1.414
3 65 0.447 -8.992 -2.000 0.377 -7.580 -1.414 3.628 -6.667 -1.414
3 65 3.628 -6.667 -1.414 4.304 -7.910 -2.000 0.447 -8.992 -2.000
3 65 0.517 -10.405 -1.414 0.447 -8.992 -2.000 4.304 -7.910 -2.000
3 65 4.304 -7.910 -2.000 4.979 -9.152 -1.414 0.517 -10.405 -1.414
3 65 0.546 -10.990 0.000 0.517 -10.405 -1.414 4.979 -9.152 -1.414
3 65 4.979 -9.152 -1.414 5.259 -9.667 0.000 0.546 -10.990 0.000
3 65 0.517 -10.405 1.414 0.546 -10.990 0.000 5.259 -9.667 0.000
3 65 5.259 -9.667 0.000 4.979 -9.152 1.414 0.517 -10.405 1.414
3 65 0.447 -8.992 2.000 0.517 -10.405 1.414 4.979 -9.152 1.414
3 65 4.979 -9.152 1.414 4.304 -7.910 2.000 0.447 -8.992 2.000
3 65 3.628 -6.667 1.414 4.304 -7.910 2.000 7.310 -5.261 2.000
3 65 7.310 -5.261 2.000 6.162 -4.435 1.414 3.628 -6.667 1.414
3 65 3.348 -6.153 0.000 3.628 -6.667 1.414 6.162 -4.435 1.414
3 65 6.162 -4.435 1.414 5.687 -4.092 0.000 3.348 -6.153 0.000
3 65 3.628 -6.667 -1.414 3.348 -6.153 0.000 5.687 -4.092 0.000
3 65 5.687 -4.092 0.000 6.162 -4.435 -1.414 3.628 -6.667 -1.414
3 65 4.304 -7.910 -2.000 3.628 -6.667 -1.414 6.162 -4.435 -1.414
3 65 6.162 -4.435 -1.414 7.310 -5.261 -2.000 4.304 -7.910 -2.000
3 65 4.979 -9.152 -1.414 4.304 -7.910 -2.000 7.310 -5.261 -2.000
3 65 7.310 -5.261 -2.000 8.457 -6.088 -1.414 4.979 -9.152 -1.414
3 65 5.259 -9.667 0.000 4.979 -9.152 -1.414 8.457 -6.088 -1.414
3 65 8.457 -6.088 -1.414 8.933 -6.430 0.000 5.259 -9.667 0.000
3 65 4.979 -9.152 1.414 5.259 -9.667 0.000 8.933 -6.430 0.000
3 65 8.933 -6.430 0.000 8.457 -6.088 1.414 4.979 -9.152 1.414
3 65 4.304 -7.910 2.000 4.979 -9.152 1.414 8.457 -6.088 1.414
3 65 8.457 -6.088 1.414 7.310 -5.261 2.000 4.304 -7.910 2.000
3 65 6.162 -4.435 1.414 7.310 -5.261 2.000 8.869 -1.571 2.000
3 65 8.869 -1.571 2.000 7.477 -1.324 1.414 6.162 -4.435 1.414
3 65 5.687 -4.092 0.000 6.162 -4.435 1.414 7.477 -1.324 1.414
3 65 7.477 -1.324 1.414 6.900 -1.221 0.000 5.687 -4.092 0.000
3 65 6.162 -4.435 -1.414 5.687 -4.092 0.000 6.900 -1.221 0.000
3 65 6.900 -1.221 0.000 7.477 -1.324 -1.414 6.162 -4.435 -1.414
3 65 7.310 -5.261 -2.000 6.162 -4.435 -1.414 7.477 -1.324 -1.414
3 65 7.477 -1.324 -1.414 8.869 -1.571 -2.000 7.310 -5.261 -2.000
3 65 8.457 -6.088 -1.414 7.310 -5.261 -2.000 8.869 -1.571 -2.000
3 65 8.869 -1.571 -2.000 10.261 -1.818 -1.414 8.457 -6.088 -1.414
3 65 8.933 -6.430 0.000 8.457 -6.088 -1.414 10.261 -1.818 -1.414
3 65 10.261 -1.818 -1.414 10.838 -1.920 0.000 8.933 -6.430 0.000
3 65 8.457 -6.088 1.414 8.933 -6.430 0.000 10.838 -1.920 0.000
3 65 10.838 -1.920 0.000 10.261 -1.818 1.414 8.457 -6.088 1.414
3 65 7.310 -5.261 2.000 8.457 -6.088 1.414 10.261 -1.818 1.414
3 65 10.261 -1.818 1.414 8.869 -1.571 2.000 7.310 -5.261 2.000
3 65 7.477 -1.324 1.414 8.869 -1.571 2.000 8.674 2.432 2.000
3 65 8.674 2.432 2.000 7.312 2.051 1.414 7.477 -1.324 1.414
3 65 6.900 -1.221 0.000 7.477 -1.324 1.414 7.312 2.051 1.414
3 65 7.312 2.051 1.414 6.748 1.893 0.000 6.900 -1.221 0.000
3 65 7.477 -1.324 -1.414 6.900 -1.221 0.000 6.748 1.893 0.000
3 65 6.748 1.893 0.000 7.312 2.051 -1.414 7.477 -1.324 -1.414
3 65 8.869 -1.571 -2.000 7.477 -1.324 -1.414 7.312 2.051 -1.414
3 65 7.312 2.051 -1.414 8.674 2.432 -2.000 8.869 -1.571 -2.000
3 65 10.261 -1.818 -1.414 8.869 -1.571 -2.000 8.674 2.432 -2.000
3 65 8.674 2.432 -2.000 10.036 2.813 -1.414 10.261 -1.818 -1.414
3 65 10.838 -1.920 0.000 10.261 -1.818 -1.414 10.036 2.813 -1.414
3 65 10.036 2.813 -1.414 10.600 2.971 0.000 10.838 -1.920 0.000
3 65 10.261 -1.818 1.414 10.838 -1.920 0.000 10.600 2.971 0.000
3 65 10.600 2.971 0.000 10.036 2.813 1.414 10.261 -1.818 1.414
3 65 8.869 -1.571 2.000 10.261 -1.818 1.414 10.036 2.813 1.414
3 65 10.036 2.813 1.414 8.674 2.432 2.000 8.869 -1.571 2.000
3 65 7.312 2.051 1.414 8.674 2.432 2.000 6.762 5.954 2.000
3 65 6.762 5.954 2.000 5.700 5.021 1.414 7.312 2.051 1.414
3 65 6.748 1.893 0.000 7.312 2.051 1.414 5.700 5.021 1.414
3 65 5.700 5.021 1.414 5.260 4.634 0.000 6.748 1.893 0.000
3 65 7.312 2.051 -1.414 6.748 1.893 0.000 5.260 4.634 0.000
3 65 5.260 4.634 0.000 5.700 5.021 -1.414 7.312 2.051 -1.414
3 65 8.674 2.432 -2.000 7.312 2.051 -1.414 5.700 5.021 -1.414
3 65 5.700 5.021 -1.414 6.762 5.954 -2.000 8.674 2.432 -2.000
3 65 10.036 2.813 -1.414 8.674 2.432 -2.000 6.762 5.954 -2.000
3 65 6.762 5.954 -2.000 7.825 6.888 -1.414 10.036 2.813 -1.414
3 65 10.600 2.971 0.000 10.036 2.813 -1.414 7.825 6.888 -1.414
3 65 7.825 6.888 -1.414 8.265 7.275 0.000 10.600 2.971 0.000
3 65 10.036 2.813 1.414 10.600 2.971 0.000 8.265 7.275 0.000
3 65 8.265 7.275 0.000 7.825 6.888 1.414 10.036 2.813 1.414
3 65 8.674 2.432 2.000 10.036 2.813 1.414 7.825 6.888 1.414
3 65 7.825 6.888 1.414 6.762 5.954 2.000 8.674 2.432 2.000
3 65 5.700 5.021 1.414 6.762 5.954 2.000 3.513 8.303 2.000
3 65 3.513 8.303 2.000 2.948 7.007 1.414 5.700 5.021 1.414
3 65 5.260 4.634 0.000 5.700 5.021 1.414 2.948 7.007 1.414
3 65 2.948 7.007 1.414 2.714 6.470 0.000 5.260 4.634 0.000
3 65 5.700 5.021 -1.414 5.260 4.634 0.000 2.714 6.470 0.000
3 65 2.714 6.470 0.000 2.948 7.007 -1.414 5.700 5.021 -1.414
3 65 6.762 5.954 -2.000 5.700 5.021 -1.414 2.948 7.007 -1.414
3 65 2.948 7.007 -1.414 3.513 8.303 -2.000 6.762 5.954 -2.000
3 65 7.825 6.888 -1.414 6.762 5.954 -2.000 3.513 8.303 -2.000
3 65 3.513 8.303 -2.000 4.078 9.600 -1.414 7.825 6.888 -1.414
3 65 8.265 7.275 0.000 7.825 6.888 -1.414 4.078 9.600 -1.414
3 65 4.078 9.600 -1.414 4.312 10.137 0.000 8.265 7.275 0.000
3 65 7.825 6.888 1.414 8.265 7.275 0.000 4.312 10.137 0.000
3 65 4.312 10.137 0.000 4.078 9.600 1.414 7.825 6.888 1.414
3 65 6.762 5.954 2.000 7.825 6.888 1.414 4.078 9.600 1.414
3 65 4.078 9.600 1.414 3.513 8.303 2.000 6.762 5.954 2.000
3 65 2.948 7.007 1.414 3.513 8.303 2.000 0.000 9.000 2.000
3 65 0.000 9.000 2.000 0.000 7.586 1.414 2.948 7.007 1.414
3 65 2.714 6.470 0.000 2.948 7.007 1.414 0.000 7.586 1.414
3 65 0.000 7.586 1.414 0.000 7.000 0.000 2.714 6.470 0.000
3 65 2.948 7.007 -1.414 2.714 6.470 0.000 0.000 7.000 0.000
3 65 0.000 7.000 0.000 0.000 7.586 -1.414 2.948 7.007 -1.414
3 65 3.513 8.303 -2.000 2.948 7.007 -1.414 0.000 7.586 -1.414
3 65 0.000 7.586 -1.414 0.000 9.000 -2.000 3.513 8.303 -2.000
3 65 4.078 9.600 -1.414 3.513 8.303 -2.000 0.000 9.000 -2.000
3 65 0.000 9.000 -2.000 0.000 10.414 -1.414 4.078 9.600 -1.414
3 65 4.312 10.137 0.000 4.078 9.600 -1.414 0.000 10.414 -1.414
3 65 0.000 10.414 -1.414 0.000 11.000 0.000 4.312 10.137 0.000
3 65 4.078 9.600 1.414 4.312 10.137 0.000 0.000 11.000 0.000
3 65 0.000 11.000 0.000 0.000 10.414 1.414 4.078 9.600 1.414
3 65 3.513 8.303 2.000 4.078 9.600 1.414 0.000 10.414 1.414
3 65 0.000 10.414 1.414 0.000 9.000 2.000 3.513 8.303 2.000
