0 FILE XPJ0113.DAT.dat
0 XPJ0113
0 Name:  UntitledModel
0 Author:  
0 BL_Item_No XPJ0113.DAT
0 BFC CERTIFY CCW
3 65 -30.086 0.000 0.414 -31.500 0.000 1.000 -31.186 -4.484 1.000
3 65 -31.186 -4.484 1.000 -29.785 -4.289 0.414 -30.086 0.000 0.414
3 65 -29.500 0.000 -1.000 -30.086 0.000 0.414 -29.785 -4.289 0.414
3 65 -29.785 -4.289 0.414 -29.205 -4.208 -1.000 -29.500 0.000 -1.000
3 65 -30.086 0.000 -2.414 -29.500 0.000 -1.000 -29.205 -4.208 -1.000
3 65 -29.205 -4.208 -1.000 -29.785 -4.289 -2.414 -30.086 0.000 -2.414
3 65 -31.500 0.000 -3.000 -30.086 0.000 -2.414 -29.785 -4.289 -2.414
3 65 -29.785 -4.289 -2.414 -31.186 -4.484 -3.000 -31.500 0.000 -3.000
3 65 -32.914 0.000 -2.414 -31.500 0.000 -3.000 -31.186 -4.484 -3.000
3 65 -31.186 -4.484 -3.000 -32.586 -4.679 -2.414 -32.914 0.000 -2.414
3 65 -33.500 0.000 -1.000 -32.914 0.000 -2.414 -32.586 -4.679 -2.414
3 65 -32.586 -4.679 -2.414 -33.166 -4.760 -1.000 -33.500 0.000 -1.000
3 65 -32.914 0.000 0.414 -33.500 0.000 -1.000 -33.166 -4.760 -1.000
3 65 -33.166 -4.760 -1.000 -32.586 -4.679 0.414 -32.914 0.000 0.414
3 65 -31.500 0.000 1.000 -32.914 0.000 0.414 -32.586 -4.679 0.414
3 65 -32.586 -4.679 0.414 -31.186 -4.484 1.000 -31.500 0.000 1.000
3 65 -29.785 -4.289 0.414 -31.186 -4.484 1.000 -30.365 -8.395 1.000
3 65 -30.365 -8.395 1.000 -29.002 -8.018 0.414 -29.785 -4.289 0.414
3 65 -29.205 -4.208 -1.000 -29.785 -4.289 0.414 -29.002 -8.018 0.414
3 65 -29.002 -8.018 0.414 -28.438 -7.862 -1.000 -29.205 -4.208 -1.000
3 65 -29.785 -4.289 -2.414 -29.205 -4.208 -1.000 -28.438 -7.862 -1.000
3 65 -28.438 -7.862 -1.000 -29.002 -8.018 -2.414 -29.785 -4.289 -2.414
3 65 -31.186 -4.484 -3.000 -29.785 -4.289 -2.414 -29.002 -8.018 -2.414
3 65 -29.002 -8.018 -2.414 -30.365 -8.395 -3.000 -31.186 -4.484 -3.000
3 65 -32.586 -4.679 -2.414 -31.186 -4.484 -3.000 -30.365 -8.395 -3.000
3 65 -30.365 -8.395 -3.000 -31.728 -8.772 -2.414 -32.586 -4.679 -2.414
3 65 -33.166 -4.760 -1.000 -32.586 -4.679 -2.414 -31.728 -8.772 -2.414
3 65 -31.728 -8.772 -2.414 -32.293 -8.928 -1.000 -33.166 -4.760 -1.000
3 65 -32.586 -4.679 0.414 -33.166 -4.760 -1.000 -32.293 -8.928 -1.000
3 65 -32.293 -8.928 -1.000 -31.728 -8.772 0.414 -32.586 -4.679 0.414
3 65 -31.186 -4.484 1.000 -32.586 -4.679 0.414 -31.728 -8.772 0.414
3 65 -31.728 -8.772 0.414 -30.365 -8.395 1.000 -31.186 -4.484 1.000
3 65 -29.002 -8.018 0.414 -30.365 -8.395 1.000 -29.060 -12.172 1.000
3 65 -29.060 -12.172 1.000 -27.756 -11.626 0.414 -29.002 -8.018 0.414
3 65 -28.438 -7.862 -1.000 -29.002 -8.018 0.414 -27.756 -11.626 0.414
3 65 -27.756 -11.626 0.414 -27.215 -11.399 -1.000 -28.438 -7.862 -1.000
3 65 -29.002 -8.018 -2.414 -28.438 -7.862 -1.000 -27.215 -11.399 -1.000
3 65 -27.215 -11.399 -1.000 -27.756 -11.626 -2.414 -29.002 -8.018 -2.414
3 65 -30.365 -8.395 -3.000 -29.002 -8.018 -2.414 -27.756 -11.626 -2.414
3 65 -27.756 -11.626 -2.414 -29.060 -12.172 -3.000 -30.365 -8.395 -3.000
3 65 -31.728 -8.772 -2.414 -30.365 -8.395 -3.000 -29.060 -12.172 -3.000
3 65 -29.060 -12.172 -3.000 -30.364 -12.718 -2.414 -31.728 -8.772 -2.414
3 65 -32.293 -8.928 -1.000 -31.728 -8.772 -2.414 -30.364 -12.718 -2.414
3 65 -30.364 -12.718 -2.414 -30.905 -12.945 -1.000 -32.293 -8.928 -1.000
3 65 -31.728 -8.772 0.414 -32.293 -8.928 -1.000 -30.905 -12.945 -1.000
3 65 -30.905 -12.945 -1.000 -30.364 -12.718 0.414 -31.728 -8.772 0.414
3 65 -30.365 -8.395 1.000 -31.728 -8.772 0.414 -30.364 -12.718 0.414
3 65 -30.364 -12.718 0.414 -29.060 -12.172 1.000 -30.365 -8.395 1.000
3 65 -27.756 -11.626 0.414 -29.060 -12.172 1.000 -27.284 -15.752 1.000
3 65 -27.284 -15.752 1.000 -26.059 -15.045 0.414 -27.756 -11.626 0.414
3 65 -27.215 -11.399 -1.000 -27.756 -11.626 0.414 -26.059 -15.045 0.414
3 65 -26.059 -15.045 0.414 -25.552 -14.752 -1.000 -27.215 -11.399 -1.000
3 65 -27.756 -11.626 -2.414 -27.215 -11.399 -1.000 -25.552 -14.752 -1.000
3 65 -25.552 -14.752 -1.000 -26.059 -15.045 -2.414 -27.756 -11.626 -2.414
3 65 -29.060 -12.172 -3.000 -27.756 -11.626 -2.414 -26.059 -15.045 -2.414
3 65 -26.059 -15.045 -2.414 -27.284 -15.752 -3.000 -29.060 -12.172 -3.000
3 65 -30.364 -12.718 -2.414 -29.060 -12.172 -3.000 -27.284 -15.752 -3.000
3 65 -27.284 -15.752 -3.000 -28.509 -16.459 -2.414 -30.364 -12.718 -2.414
3 65 -30.905 -12.945 -1.000 -30.364 -12.718 -2.414 -28.509 -16.459 -2.414
3 65 -28.509 -16.459 -2.414 -29.016 -16.752 -1.000 -30.905 -12.945 -1.000
3 65 -30.364 -12.718 0.414 -30.905 -12.945 -1.000 -29.016 -16.752 -1.000
3 65 -29.016 -16.752 -1.000 -28.509 -16.459 0.414 -30.364 -12.718 0.414
3 65 -29.060 -12.172 1.000 -30.364 -12.718 0.414 -28.509 -16.459 0.414
3 65 -28.509 -16.459 0.414 -27.284 -15.752 1.000 -29.060 -12.172 1.000
3 65 -26.059 -15.045 0.414 -27.284 -15.752 1.000 -25.072 -19.080 1.000
3 65 -25.072 -19.080 1.000 -23.946 -18.224 0.414 -26.059 -15.045 0.414
3 65 -25.552 -14.752 -1.000 -26.059 -15.045 0.414 -23.946 -18.224 0.414
3 65 -23.946 -18.224 0.414 -23.480 -17.869 -1.000 -25.552 -14.752 -1.000
3 65 -26.059 -15.045 -2.414 -25.552 -14.752 -1.000 -23.480 -17.869 -1.000
3 65 -23.480 -17.869 -1.000 -23.946 -18.224 -2.414 -26.059 -15.045 -2.414
3 65 -27.284 -15.752 -3.000 -26.059 -15.045 -2.414 -23.946 -18.224 -2.414
3 65 -23.946 -18.224 -2.414 -25.072 -19.080 -3.000 -27.284 -15.752 -3.000
3 65 -28.509 -16.459 -2.414 -27.284 -15.752 -3.000 -25.072 -19.080 -3.000
3 65 -25.072 -19.080 -3.000 -26.197 -19.937 -2.414 -28.509 -16.459 -2.414
3 65 -29.016 -16.752 -1.000 -28.509 -16.459 -2.414 -26.197 -19.937 -2.414
3 65 -26.197 -19.937 -2.414 -26.663 -20.291 -1.000 -29.016 -16.752 -1.000
3 65 -28.509 -16.459 0.414 -29.016 -16.752 -1.000 -26.663 -20.291 -1.000
3 65 -26.663 -20.291 -1.000 -26.197 -19.937 0.414 -28.509 -16.459 0.414
3 65 -27.284 -15.752 1.000 -28.509 -16.459 0.414 -26.197 -19.937 0.414
3 65 -26.197 -19.937 0.414 -25.072 -19.080 1.000 -27.284 -15.752 1.000
3 65 -23.946 -18.224 0.414 -25.072 -19.080 1.000 -22.454 -22.099 1.000
3 65 -22.454 -22.099 1.000 -21.446 -21.107 0.414 -23.946 -18.224 0.414
3 65 -23.480 -17.869 -1.000 -23.946 -18.224 0.414 -21.446 -21.107 0.414
3 65 -21.446 -21.107 0.414 -21.028 -20.696 -1.000 -23.480 -17.869 -1.000
3 65 -23.946 -18.224 -2.414 -23.480 -17.869 -1.000 -21.028 -20.696 -1.000
3 65 -21.028 -20.696 -1.000 -21.446 -21.107 -2.414 -23.946 -18.224 -2.414
3 65 -25.072 -19.080 -3.000 -23.946 -18.224 -2.414 -21.446 -21.107 -2.414
3 65 -21.446 -21.107 -2.414 -22.454 -22.099 -3.000 -25.072 -19.080 -3.000
3 65 -26.197 -19.937 -2.414 -25.072 -19.080 -3.000 -22.454 -22.099 -3.000
3 65 -22.454 -22.099 -3.000 -23.462 -23.091 -2.414 -26.197 -19.937 -2.414
3 65 -26.663 -20.291 -1.000 -26.197 -19.937 -2.414 -23.462 -23.091 -2.414
3 65 -23.462 -23.091 -2.414 -23.879 -23.502 -1.000 -26.663 -20.291 -1.000
3 65 -26.197 -19.937 0.414 -26.663 -20.291 -1.000 -23.879 -23.502 -1.000
3 65 -23.879 -23.502 -1.000 -23.462 -23.091 0.414 -26.197 -19.937 0.414
3 65 -25.072 -19.080 1.000 -26.197 -19.937 0.414 -23.462 -23.091 0.414
3 65 -23.462 -23.091 0.414 -22.454 -22.099 1.000 -25.072 -19.080 1.000
3 65 -21.446 -21.107 0.414 -22.454 -22.099 1.000 -19.477 -24.765 1.000
3 65 -19.477 -24.765 1.000 -18.602 -23.654 0.414 -21.446 -21.107 0.414
3 65 -21.028 -20.696 -1.000 -21.446 -21.107 0.414 -18.602 -23.654 0.414
3 65 -18.602 -23.654 0.414 -18.240 -23.193 -1.000 -21.028 -20.696 -1.000
3 65 -21.446 -21.107 -2.414 -21.028 -20.696 -1.000 -18.240 -23.193 -1.000
3 65 -18.240 -23.193 -1.000 -18.602 -23.654 -2.414 -21.446 -21.107 -2.414
3 65 -22.454 -22.099 -3.000 -21.446 -21.107 -2.414 -18.602 -23.654 -2.414
3 65 -18.602 -23.654 -2.414 -19.477 -24.765 -3.000 -22.454 -22.099 -3.000
3 65 -23.462 -23.091 -2.414 -22.454 -22.099 -3.000 -19.477 -24.765 -3.000
3 65 -19.477 -24.765 -3.000 -20.351 -25.877 -2.414 -23.462 -23.091 -2.414
3 65 -23.879 -23.502 -1.000 -23.462 -23.091 -2.414 -20.351 -25.877 -2.414
3 65 -20.351 -25.877 -2.414 -20.713 -26.337 -1.000 -23.879 -23.502 -1.000
3 65 -23.462 -23.091 0.414 -23.879 -23.502 -1.000 -20.713 -26.337 -1.000
3 65 -20.713 -26.337 -1.000 -20.351 -25.877 0.414 -23.462 -23.091 0.414
3 65 -22.454 -22.099 1.000 -23.462 -23.091 0.414 -20.351 -25.877 0.414
3 65 -20.351 -25.877 0.414 -19.477 -24.765 1.000 -22.454 -22.099 1.000
3 65 -18.602 -23.654 0.414 -19.477 -24.765 1.000 -16.184 -27.030 1.000
3 65 -16.184 -27.030 1.000 -15.458 -25.817 0.414 -18.602 -23.654 0.414
3 65 -18.240 -23.193 -1.000 -18.602 -23.654 0.414 -15.458 -25.817 0.414
3 65 -15.458 -25.817 0.414 -15.157 -25.314 -1.000 -18.240 -23.193 -1.000
3 65 -18.602 -23.654 -2.414 -18.240 -23.193 -1.000 -15.157 -25.314 -1.000
3 65 -15.157 -25.314 -1.000 -15.458 -25.817 -2.414 -18.602 -23.654 -2.414
3 65 -19.477 -24.765 -3.000 -18.602 -23.654 -2.414 -15.458 -25.817 -2.414
3 65 -15.458 -25.817 -2.414 -16.184 -27.030 -3.000 -19.477 -24.765 -3.000
3 65 -20.351 -25.877 -2.414 -19.477 -24.765 -3.000 -16.184 -27.030 -3.000
3 65 -16.184 -27.030 -3.000 -16.911 -28.243 -2.414 -20.351 -25.877 -2.414
3 65 -20.713 -26.337 -1.000 -20.351 -25.877 -2.414 -16.911 -28.243 -2.414
3 65 -16.911 -28.243 -2.414 -17.211 -28.746 -1.000 -20.713 -26.337 -1.000
3 65 -20.351 -25.877 0.414 -20.713 -26.337 -1.000 -17.211 -28.746 -1.000
3 65 -17.211 -28.746 -1.000 -16.911 -28.243 0.414 -20.351 -25.877 0.414
3 65 -19.477 -24.765 1.000 -20.351 -25.877 0.414 -16.911 -28.243 0.414
3 65 -16.911 -28.243 0.414 -16.184 -27.030 1.000 -19.477 -24.765 1.000
3 65 -15.458 -25.817 0.414 -16.184 -27.030 1.000 -12.633 -28.863 1.000
3 65 -12.633 -28.863 1.000 -12.066 -27.567 0.414 -15.458 -25.817 0.414
3 65 -15.157 -25.314 -1.000 -15.458 -25.817 0.414 -12.066 -27.567 0.414
3 65 -12.066 -27.567 0.414 -11.831 -27.031 -1.000 -15.157 -25.314 -1.000
3 65 -15.458 -25.817 -2.414 -15.157 -25.314 -1.000 -11.831 -27.031 -1.000
3 65 -11.831 -27.031 -1.000 -12.066 -27.567 -2.414 -15.458 -25.817 -2.414
3 65 -16.184 -27.030 -3.000 -15.458 -25.817 -2.414 -12.066 -27.567 -2.414
3 65 -12.066 -27.567 -2.414 -12.633 -28.863 -3.000 -16.184 -27.030 -3.000
3 65 -16.911 -28.243 -2.414 -16.184 -27.030 -3.000 -12.633 -28.863 -3.000
3 65 -12.633 -28.863 -3.000 -13.200 -30.159 -2.414 -16.911 -28.243 -2.414
3 65 -17.211 -28.746 -1.000 -16.911 -28.243 -2.414 -13.200 -30.159 -2.414
3 65 -13.200 -30.159 -2.414 -13.435 -30.695 -1.000 -17.211 -28.746 -1.000
3 65 -16.911 -28.243 0.414 -17.211 -28.746 -1.000 -13.435 -30.695 -1.000
3 65 -13.435 -30.695 -1.000 -13.200 -30.159 0.414 -16.911 -28.243 0.414
3 65 -16.184 -27.030 1.000 -16.911 -28.243 0.414 -13.200 -30.159 0.414
3 65 -13.200 -30.159 0.414 -12.633 -28.863 1.000 -16.184 -27.030 1.000
3 65 -12.066 -27.567 0.414 -12.633 -28.863 1.000 -8.877 -30.228 1.000
3 65 -8.877 -30.228 1.000 -8.479 -28.871 0.414 -12.066 -27.567 0.414
3 65 -11.831 -27.031 -1.000 -12.066 -27.567 0.414 -8.479 -28.871 0.414
3 65 -8.479 -28.871 0.414 -8.314 -28.309 -1.000 -11.831 -27.031 -1.000
3 65 -12.066 -27.567 -2.414 -11.831 -27.031 -1.000 -8.314 -28.309 -1.000
3 65 -8.314 -28.309 -1.000 -8.479 -28.871 -2.414 -12.066 -27.567 -2.414
3 65 -12.633 -28.863 -3.000 -12.066 -27.567 -2.414 -8.479 -28.871 -2.414
3 65 -8.479 -28.871 -2.414 -8.877 -30.228 -3.000 -12.633 -28.863 -3.000
3 65 -13.200 -30.159 -2.414 -12.633 -28.863 -3.000 -8.877 -30.228 -3.000
3 65 -8.877 -30.228 -3.000 -9.276 -31.585 -2.414 -13.200 -30.159 -2.414
3 65 -13.435 -30.695 -1.000 -13.200 -30.159 -2.414 -9.276 -31.585 -2.414
3 65 -9.276 -31.585 -2.414 -9.441 -32.147 -1.000 -13.435 -30.695 -1.000
3 65 -13.200 -30.159 0.414 -13.435 -30.695 -1.000 -9.441 -32.147 -1.000
3 65 -9.441 -32.147 -1.000 -9.276 -31.585 0.414 -13.200 -30.159 0.414
3 65 -12.633 -28.863 1.000 -13.200 -30.159 0.414 -9.276 -31.585 0.414
3 65 -9.276 -31.585 0.414 -8.877 -30.228 1.000 -12.633 -28.863 1.000
3 65 -8.479 -28.871 0.414 -8.877 -30.228 1.000 -4.979 -31.111 1.000
3 65 -4.979 -31.111 1.000 -4.756 -29.714 0.414 -8.479 -28.871 0.414
3 65 -8.314 -28.309 -1.000 -8.479 -28.871 0.414 -4.756 -29.714 0.414
3 65 -4.756 -29.714 0.414 -4.663 -29.136 -1.000 -8.314 -28.309 -1.000
3 65 -8.479 -28.871 -2.414 -8.314 -28.309 -1.000 -4.663 -29.136 -1.000
3 65 -4.663 -29.136 -1.000 -4.756 -29.714 -2.414 -8.479 -28.871 -2.414
3 65 -8.877 -30.228 -3.000 -8.479 -28.871 -2.414 -4.756 -29.714 -2.414
3 65 -4.756 -29.714 -2.414 -4.979 -31.111 -3.000 -8.877 -30.228 -3.000
3 65 -9.276 -31.585 -2.414 -8.877 -30.228 -3.000 -4.979 -31.111 -3.000
3 65 -4.979 -31.111 -3.000 -5.203 -32.507 -2.414 -9.276 -31.585 -2.414
3 65 -9.441 -32.147 -1.000 -9.276 -31.585 -2.414 -5.203 -32.507 -2.414
3 65 -5.203 -32.507 -2.414 -5.296 -33.085 -1.000 -9.441 -32.147 -1.000
3 65 -9.276 -31.585 0.414 -9.441 -32.147 -1.000 -5.296 -33.085 -1.000
3 65 -5.296 -33.085 -1.000 -5.203 -32.507 0.414 -9.276 -31.585 0.414
3 65 -8.877 -30.228 1.000 -9.276 -31.585 0.414 -5.203 -32.507 0.414
3 65 -5.203 -32.507 0.414 -4.979 -31.111 1.000 -8.877 -30.228 1.000
3 65 -4.756 -29.714 0.414 -4.979 -31.111 1.000 -1.001 -31.489 1.000
3 65 -1.001 -31.489 1.000 -0.956 -30.075 0.414 -4.756 -29.714 0.414
3 65 -4.663 -29.136 -1.000 -4.756 -29.714 0.414 -0.956 -30.075 0.414
3 65 -0.956 -30.075 0.414 -0.937 -29.490 -1.000 -4.663 -29.136 -1.000
3 65 -4.756 -29.714 -2.414 -4.663 -29.136 -1.000 -0.937 -29.490 -1.000
3 65 -0.937 -29.490 -1.000 -0.956 -30.075 -2.414 -4.756 -29.714 -2.414
3 65 -4.979 -31.111 -3.000 -4.756 -29.714 -2.414 -0.956 -30.075 -2.414
3 65 -0.956 -30.075 -2.414 -1.001 -31.489 -3.000 -4.979 -31.111 -3.000
3 65 -5.203 -32.507 -2.414 -4.979 -31.111 -3.000 -1.001 -31.489 -3.000
3 65 -1.001 -31.489 -3.000 -1.046 -32.902 -2.414 -5.203 -32.507 -2.414
3 65 -5.296 -33.085 -1.000 -5.203 -32.507 -2.414 -1.046 -32.902 -2.414
3 65 -1.046 -32.902 -2.414 -1.065 -33.488 -1.000 -5.296 -33.085 -1.000
3 65 -5.203 -32.507 0.414 -5.296 -33.085 -1.000 -1.065 -33.488 -1.000
3 65 -1.065 -33.488 -1.000 -1.046 -32.902 0.414 -5.203 -32.507 0.414
3 65 -4.979 -31.111 1.000 -5.203 -32.507 0.414 -1.046 -32.902 0.414
3 65 -1.046 -32.902 0.414 -1.001 -31.489 1.000 -4.979 -31.111 1.000
3 65 -0.956 -30.075 0.414 -1.001 -31.489 1.000 2.993 -31.364 1.000
3 65 2.993 -31.364 1.000 2.859 -29.956 0.414 -0.956 -30.075 0.414
3 65 -0.937 -29.490 -1.000 -0.956 -30.075 0.414 2.859 -29.956 0.414
3 65 2.859 -29.956 0.414 2.803 -29.373 -1.000 -0.937 -29.490 -1.000
3 65 -0.956 -30.075 -2.414 -0.937 -29.490 -1.000 2.803 -29.373 -1.000
3 65 2.803 -29.373 -1.000 2.859 -29.956 -2.414 -0.956 -30.075 -2.414
3 65 -1.001 -31.489 -3.000 -0.956 -30.075 -2.414 2.859 -29.956 -2.414
3 65 2.859 -29.956 -2.414 2.993 -31.364 -3.000 -1.001 -31.489 -3.000
3 65 -1.046 -32.902 -2.414 -1.001 -31.489 -3.000 2.993 -31.364 -3.000
3 65 2.993 -31.364 -3.000 3.128 -32.772 -2.414 -1.046 -32.902 -2.414
3 65 -1.065 -33.488 -1.000 -1.046 -32.902 -2.414 3.128 -32.772 -2.414
3 65 3.128 -32.772 -2.414 3.183 -33.355 -1.000 -1.065 -33.488 -1.000
3 65 -1.046 -32.902 0.414 -1.065 -33.488 -1.000 3.183 -33.355 -1.000
3 65 3.183 -33.355 -1.000 3.128 -32.772 0.414 -1.046 -32.902 0.414
3 65 -1.001 -31.489 1.000 -1.046 -32.902 0.414 3.128 -32.772 0.414
3 65 3.128 -32.772 0.414 2.993 -31.364 1.000 -1.001 -31.489 1.000
3 65 2.859 -29.956 0.414 2.993 -31.364 1.000 6.939 -30.731 1.000
3 65 6.939 -30.731 1.000 6.628 -29.352 0.414 2.859 -29.956 0.414
3 65 2.803 -29.373 -1.000 2.859 -29.956 0.414 6.628 -29.352 0.414
3 65 6.628 -29.352 0.414 6.499 -28.780 -1.000 2.803 -29.373 -1.000
3 65 2.859 -29.956 -2.414 2.803 -29.373 -1.000 6.499 -28.780 -1.000
3 65 6.499 -28.780 -1.000 6.628 -29.352 -2.414 2.859 -29.956 -2.414
3 65 2.993 -31.364 -3.000 2.859 -29.956 -2.414 6.628 -29.352 -2.414
3 65 6.628 -29.352 -2.414 6.939 -30.731 -3.000 2.993 -31.364 -3.000
3 65 3.128 -32.772 -2.414 2.993 -31.364 -3.000 6.939 -30.731 -3.000
3 65 6.939 -30.731 -3.000 7.250 -32.111 -2.414 3.128 -32.772 -2.414
3 65 3.183 -33.355 -1.000 3.128 -32.772 -2.414 7.250 -32.111 -2.414
3 65 7.250 -32.111 -2.414 7.379 -32.682 -1.000 3.183 -33.355 -1.000
3 65 3.128 -32.772 0.414 3.183 -33.355 -1.000 7.379 -32.682 -1.000
3 65 7.379 -32.682 -1.000 7.250 -32.111 0.414 3.128 -32.772 0.414
3 65 2.993 -31.364 1.000 3.128 -32.772 0.414 7.250 -32.111 0.414
3 65 7.250 -32.111 0.414 6.939 -30.731 1.000 2.993 -31.364 1.000
3 65 6.628 -29.352 0.414 6.939 -30.731 1.000 10.775 -29.609 1.000
3 65 10.775 -29.609 1.000 10.291 -28.280 0.414 6.628 -29.352 0.414
3 65 6.499 -28.780 -1.000 6.628 -29.352 0.414 10.291 -28.280 0.414
3 65 10.291 -28.280 0.414 10.091 -27.730 -1.000 6.499 -28.780 -1.000
3 65 6.628 -29.352 -2.414 6.499 -28.780 -1.000 10.091 -27.730 -1.000
3 65 10.091 -27.730 -1.000 10.291 -28.280 -2.414 6.628 -29.352 -2.414
3 65 6.939 -30.731 -3.000 6.628 -29.352 -2.414 10.291 -28.280 -2.414
3 65 10.291 -28.280 -2.414 10.775 -29.609 -3.000 6.939 -30.731 -3.000
3 65 7.250 -32.111 -2.414 6.939 -30.731 -3.000 10.775 -29.609 -3.000
3 65 10.775 -29.609 -3.000 11.258 -30.938 -2.414 7.250 -32.111 -2.414
3 65 7.379 -32.682 -1.000 7.250 -32.111 -2.414 11.258 -30.938 -2.414
3 65 11.258 -30.938 -2.414 11.459 -31.489 -1.000 7.379 -32.682 -1.000
3 65 7.250 -32.111 0.414 7.379 -32.682 -1.000 11.459 -31.489 -1.000
3 65 11.459 -31.489 -1.000 11.258 -30.938 0.414 7.250 -32.111 0.414
3 65 6.939 -30.731 1.000 7.250 -32.111 0.414 11.258 -30.938 0.414
3 65 11.258 -30.938 0.414 10.775 -29.609 1.000 6.939 -30.731 1.000
3 65 10.291 -28.280 0.414 10.775 -29.609 1.000 14.435 -28.004 1.000
3 65 14.435 -28.004 1.000 13.787 -26.747 0.414 10.291 -28.280 0.414
3 65 10.091 -27.730 -1.000 10.291 -28.280 0.414 13.787 -26.747 0.414
3 65 13.787 -26.747 0.414 13.518 -26.226 -1.000 10.091 -27.730 -1.000
3 65 10.291 -28.280 -2.414 10.091 -27.730 -1.000 13.518 -26.226 -1.000
3 65 13.518 -26.226 -1.000 13.787 -26.747 -2.414 10.291 -28.280 -2.414
3 65 10.775 -29.609 -3.000 10.291 -28.280 -2.414 13.787 -26.747 -2.414
3 65 13.787 -26.747 -2.414 14.435 -28.004 -3.000 10.775 -29.609 -3.000
3 65 11.258 -30.938 -2.414 10.775 -29.609 -3.000 14.435 -28.004 -3.000
3 65 14.435 -28.004 -3.000 15.083 -29.261 -2.414 11.258 -30.938 -2.414
3 65 11.459 -31.489 -1.000 11.258 -30.938 -2.414 15.083 -29.261 -2.414
3 65 15.083 -29.261 -2.414 15.351 -29.781 -1.000 11.459 -31.489 -1.000
3 65 11.258 -30.938 0.414 11.459 -31.489 -1.000 15.351 -29.781 -1.000
3 65 15.351 -29.781 -1.000 15.083 -29.261 0.414 11.258 -30.938 0.414
3 65 10.775 -29.609 1.000 11.258 -30.938 0.414 15.083 -29.261 0.414
3 65 15.083 -29.261 0.414 14.435 -28.004 1.000 10.775 -29.609 1.000
3 65 13.787 -26.747 0.414 14.435 -28.004 1.000 17.866 -25.954 1.000
3 65 17.866 -25.954 1.000 17.064 -24.790 0.414 13.787 -26.747 0.414
3 65 13.518 -26.226 -1.000 13.787 -26.747 0.414 17.064 -24.790 0.414
3 65 17.064 -24.790 0.414 16.732 -24.307 -1.000 13.518 -26.226 -1.000
3 65 13.787 -26.747 -2.414 13.518 -26.226 -1.000 16.732 -24.307 -1.000
3 65 16.732 -24.307 -1.000 17.064 -24.790 -2.414 13.787 -26.747 -2.414
3 65 14.435 -28.004 -3.000 13.787 -26.747 -2.414 17.064 -24.790 -2.414
3 65 17.064 -24.790 -2.414 17.866 -25.954 -3.000 14.435 -28.004 -3.000
3 65 15.083 -29.261 -2.414 14.435 -28.004 -3.000 17.866 -25.954 -3.000
3 65 17.866 -25.954 -3.000 18.668 -27.119 -2.414 15.083 -29.261 -2.414
3 65 15.351 -29.781 -1.000 15.083 -29.261 -2.414 18.668 -27.119 -2.414
3 65 18.668 -27.119 -2.414 19.000 -27.602 -1.000 15.351 -29.781 -1.000
3 65 15.083 -29.261 0.414 15.351 -29.781 -1.000 19.000 -27.602 -1.000
3 65 19.000 -27.602 -1.000 18.668 -27.119 0.414 15.083 -29.261 0.414
3 65 14.435 -28.004 1.000 15.083 -29.261 0.414 18.668 -27.119 0.414
3 65 18.668 -27.119 0.414 17.866 -25.954 1.000 14.435 -28.004 1.000
3 65 17.064 -24.790 0.414 17.866 -25.954 1.000 21.005 -23.481 1.000
3 65 21.005 -23.481 1.000 20.062 -22.427 0.414 17.064 -24.790 0.414
3 65 16.732 -24.307 -1.000 17.064 -24.790 0.414 20.062 -22.427 0.414
3 65 20.062 -22.427 0.414 19.672 -21.991 -1.000 16.732 -24.307 -1.000
3 65 17.064 -24.790 -2.414 16.732 -24.307 -1.000 19.672 -21.991 -1.000
3 65 19.672 -21.991 -1.000 20.062 -22.427 -2.414 17.064 -24.790 -2.414
3 65 17.866 -25.954 -3.000 17.064 -24.790 -2.414 20.062 -22.427 -2.414
3 65 20.062 -22.427 -2.414 21.005 -23.481 -3.000 17.866 -25.954 -3.000
3 65 18.668 -27.119 -2.414 17.866 -25.954 -3.000 21.005 -23.481 -3.000
3 65 21.005 -23.481 -3.000 21.948 -24.535 -2.414 18.668 -27.119 -2.414
3 65 19.000 -27.602 -1.000 18.668 -27.119 -2.414 21.948 -24.535 -2.414
3 65 21.948 -24.535 -2.414 22.338 -24.972 -1.000 19.000 -27.602 -1.000
3 65 18.668 -27.119 0.414 19.000 -27.602 -1.000 22.338 -24.972 -1.000
3 65 22.338 -24.972 -1.000 21.948 -24.535 0.414 18.668 -27.119 0.414
3 65 17.866 -25.954 1.000 18.668 -27.119 0.414 21.948 -24.535 0.414
3 65 21.948 -24.535 0.414 21.005 -23.481 1.000 17.866 -25.954 1.000
3 65 20.062 -22.427 0.414 21.005 -23.481 1.000 23.811 -20.636 1.000
3 65 23.811 -20.636 1.000 22.743 -19.710 0.414 20.062 -22.427 0.414
3 65 19.672 -21.991 -1.000 20.062 -22.427 0.414 22.743 -19.710 0.414
3 65 22.743 -19.710 0.414 22.300 -19.326 -1.000 19.672 -21.991 -1.000
3 65 20.062 -22.427 -2.414 19.672 -21.991 -1.000 22.300 -19.326 -1.000
3 65 22.300 -19.326 -1.000 22.743 -19.710 -2.414 20.062 -22.427 -2.414
3 65 21.005 -23.481 -3.000 20.062 -22.427 -2.414 22.743 -19.710 -2.414
3 65 22.743 -19.710 -2.414 23.811 -20.636 -3.000 21.005 -23.481 -3.000
3 65 21.948 -24.535 -2.414 21.005 -23.481 -3.000 23.811 -20.636 -3.000
3 65 23.811 -20.636 -3.000 24.880 -21.562 -2.414 21.948 -24.535 -2.414
3 65 22.338 -24.972 -1.000 21.948 -24.535 -2.414 24.880 -21.562 -2.414
3 65 24.880 -21.562 -2.414 25.323 -21.946 -1.000 22.338 -24.972 -1.000
3 65 21.948 -24.535 0.414 22.338 -24.972 -1.000 25.323 -21.946 -1.000
3 65 25.323 -21.946 -1.000 24.880 -21.562 0.414 21.948 -24.535 0.414
3 65 21.005 -23.481 1.000 21.948 -24.535 0.414 24.880 -21.562 0.414
3 65 24.880 -21.562 0.414 23.811 -20.636 1.000 21.005 -23.481 1.000
3 65 22.743 -19.710 0.414 23.811 -20.636 1.000 26.229 -17.453 1.000
3 65 26.229 -17.453 1.000 25.051 -16.671 0.414 22.743 -19.710 0.414
3 65 22.300 -19.326 -1.000 22.743 -19.710 0.414 25.051 -16.671 0.414
3 65 25.051 -16.671 0.414 24.563 -16.347 -1.000 22.300 -19.326 -1.000
3 65 22.743 -19.710 -2.414 22.300 -19.326 -1.000 24.563 -16.347 -1.000
3 65 24.563 -16.347 -1.000 25.051 -16.671 -2.414 22.743 -19.710 -2.414
3 65 23.811 -20.636 -3.000 22.743 -19.710 -2.414 25.051 -16.671 -2.414
3 65 25.051 -16.671 -2.414 26.229 -17.453 -3.000 23.811 -20.636 -3.000
3 65 24.880 -21.562 -2.414 23.811 -20.636 -3.000 26.229 -17.453 -3.000
3 65 26.229 -17.453 -3.000 27.407 -18.236 -2.414 24.880 -21.562 -2.414
3 65 25.323 -21.946 -1.000 24.880 -21.562 -2.414 27.407 -18.236 -2.414
3 65 27.407 -18.236 -2.414 27.895 -18.560 -1.000 25.323 -21.946 -1.000
3 65 24.880 -21.562 0.414 25.323 -21.946 -1.000 27.895 -18.560 -1.000
3 65 27.895 -18.560 -1.000 27.407 -18.236 0.414 24.880 -21.562 0.414
3 65 23.811 -20.636 1.000 24.880 -21.562 0.414 27.407 -18.236 0.414
3 65 27.407 -18.236 0.414 26.229 -17.453 1.000 23.811 -20.636 1.000
3 65 25.051 -16.671 0.414 26.229 -17.453 1.000 28.226 -13.992 1.000
3 65 28.226 -13.992 1.000 26.959 -13.364 0.414 25.051 -16.671 0.414
3 65 24.563 -16.347 -1.000 25.051 -16.671 0.414 26.959 -13.364 0.414
3 65 26.959 -13.364 0.414 26.434 -13.104 -1.000 24.563 -16.347 -1.000
3 65 25.051 -16.671 -2.414 24.563 -16.347 -1.000 26.434 -13.104 -1.000
3 65 26.434 -13.104 -1.000 26.959 -13.364 -2.414 25.051 -16.671 -2.414
3 65 26.229 -17.453 -3.000 25.051 -16.671 -2.414 26.959 -13.364 -2.414
3 65 26.959 -13.364 -2.414 28.226 -13.992 -3.000 26.229 -17.453 -3.000
3 65 27.407 -18.236 -2.414 26.229 -17.453 -3.000 28.226 -13.992 -3.000
3 65 28.226 -13.992 -3.000 29.493 -14.620 -2.414 27.407 -18.236 -2.414
3 65 27.895 -18.560 -1.000 27.407 -18.236 -2.414 29.493 -14.620 -2.414
3 65 29.493 -14.620 -2.414 30.018 -14.880 -1.000 27.895 -18.560 -1.000
3 65 27.407 -18.236 0.414 27.895 -18.560 -1.000 30.018 -14.880 -1.000
3 65 30.018 -14.880 -1.000 29.493 -14.620 0.414 27.407 -18.236 0.414
3 65 26.229 -17.453 1.000 27.407 -18.236 0.414 29.493 -14.620 0.414
3 65 29.493 -14.620 0.414 28.226 -13.992 1.000 26.229 -17.453 1.000
3 65 26.959 -13.364 0.414 28.226 -13.992 1.000 29.772 -10.307 1.000
3 65 29.772 -10.307 1.000 28.435 -9.844 0.414 26.959 -13.364 0.414
3 65 26.434 -13.104 -1.000 26.959 -13.364 0.414 28.435 -9.844 0.414
3 65 28.435 -9.844 0.414 27.882 -9.653 -1.000 26.434 -13.104 -1.000
3 65 26.959 -13.364 -2.414 26.434 -13.104 -1.000 27.882 -9.653 -1.000
3 65 27.882 -9.653 -1.000 28.435 -9.844 -2.414 26.959 -13.364 -2.414
3 65 28.226 -13.992 -3.000 26.959 -13.364 -2.414 28.435 -9.844 -2.414
3 65 28.435 -9.844 -2.414 29.772 -10.307 -3.000 28.226 -13.992 -3.000
3 65 29.493 -14.620 -2.414 28.226 -13.992 -3.000 29.772 -10.307 -3.000
3 65 29.772 -10.307 -3.000 31.108 -10.770 -2.414 29.493 -14.620 -2.414
3 65 30.018 -14.880 -1.000 29.493 -14.620 -2.414 31.108 -10.770 -2.414
3 65 31.108 -10.770 -2.414 31.662 -10.961 -1.000 30.018 -14.880 -1.000
3 65 29.493 -14.620 0.414 30.018 -14.880 -1.000 31.662 -10.961 -1.000
3 65 31.662 -10.961 -1.000 31.108 -10.770 0.414 29.493 -14.620 0.414
3 65 28.226 -13.992 1.000 29.493 -14.620 0.414 31.108 -10.770 0.414
3 65 31.108 -10.770 0.414 29.772 -10.307 1.000 28.226 -13.992 1.000
3 65 28.435 -9.844 0.414 29.772 -10.307 1.000 30.835 -6.455 1.000
3 65 30.835 -6.455 1.000 29.451 -6.165 0.414 28.435 -9.844 0.414
3 65 27.882 -9.653 -1.000 28.435 -9.844 0.414 29.451 -6.165 0.414
3 65 29.451 -6.165 0.414 28.878 -6.045 -1.000 27.882 -9.653 -1.000
3 65 28.435 -9.844 -2.414 27.882 -9.653 -1.000 28.878 -6.045 -1.000
3 65 28.878 -6.045 -1.000 29.451 -6.165 -2.414 28.435 -9.844 -2.414
3 65 29.772 -10.307 -3.000 28.435 -9.844 -2.414 29.451 -6.165 -2.414
3 65 29.451 -6.165 -2.414 30.835 -6.455 -3.000 29.772 -10.307 -3.000
3 65 31.108 -10.770 -2.414 29.772 -10.307 -3.000 30.835 -6.455 -3.000
3 65 30.835 -6.455 -3.000 32.219 -6.745 -2.414 31.108 -10.770 -2.414
3 65 31.662 -10.961 -1.000 31.108 -10.770 -2.414 32.219 -6.745 -2.414
3 65 32.219 -6.745 -2.414 32.793 -6.865 -1.000 31.662 -10.961 -1.000
3 65 31.108 -10.770 0.414 31.662 -10.961 -1.000 32.793 -6.865 -1.000
3 65 32.793 -6.865 -1.000 32.219 -6.745 0.414 31.108 -10.770 0.414
3 65 29.772 -10.307 1.000 31.108 -10.770 0.414 32.219 -6.745 0.414
3 65 32.219 -6.745 0.414 30.835 -6.455 1.000 29.772 -10.307 1.000
3 65 29.451 -6.165 0.414 30.835 -6.455 1.000 31.406 -2.500 1.000
3 65 31.406 -2.500 1.000 29.996 -2.388 0.414 29.451 -6.165 0.414
3 65 28.878 -6.045 -1.000 29.451 -6.165 0.414 29.996 -2.388 0.414
3 65 29.996 -2.388 0.414 29.412 -2.341 -1.000 28.878 -6.045 -1.000
3 65 29.451 -6.165 -2.414 28.878 -6.045 -1.000 29.412 -2.341 -1.000
3 65 29.412 -2.341 -1.000 29.996 -2.388 -2.414 29.451 -6.165 -2.414
3 65 30.835 -6.455 -3.000 29.451 -6.165 -2.414 29.996 -2.388 -2.414
3 65 29.996 -2.388 -2.414 31.406 -2.500 -3.000 30.835 -6.455 -3.000
3 65 32.219 -6.745 -2.414 30.835 -6.455 -3.000 31.406 -2.500 -3.000
3 65 31.406 -2.500 -3.000 32.816 -2.612 -2.414 32.219 -6.745 -2.414
3 65 32.793 -6.865 -1.000 32.219 -6.745 -2.414 32.816 -2.612 -2.414
3 65 32.816 -2.612 -2.414 33.400 -2.659 -1.000 32.793 -6.865 -1.000
3 65 32.219 -6.745 0.414 32.793 -6.865 -1.000 33.400 -2.659 -1.000
3 65 33.400 -2.659 -1.000 32.816 -2.612 0.414 32.219 -6.745 0.414
3 65 30.835 -6.455 1.000 32.219 -6.745 0.414 32.816 -2.612 0.414
3 65 32.816 -2.612 0.414 31.406 -2.500 1.000 30.835 -6.455 1.000
3 65 29.996 -2.388 0.414 31.406 -2.500 1.000 31.468 1.498 1.000
3 65 31.468 1.498 1.000 30.054 1.461 0.414 29.996 -2.388 0.414
3 65 29.412 -2.341 -1.000 29.996 -2.388 0.414 30.054 1.461 0.414
3 65 30.054 1.461 0.414 29.469 1.444 -1.000 29.412 -2.341 -1.000
3 65 29.996 -2.388 -2.414 29.412 -2.341 -1.000 29.469 1.444 -1.000
3 65 29.469 1.444 -1.000 30.054 1.458 -2.414 29.996 -2.388 -2.414
3 65 31.406 -2.500 -3.000 29.996 -2.388 -2.414 30.054 1.458 -2.414
3 65 30.054 1.458 -2.414 31.468 1.493 -3.000 31.406 -2.500 -3.000
3 65 32.816 -2.612 -2.414 31.406 -2.500 -3.000 31.468 1.493 -3.000
3 65 31.468 1.493 -3.000 32.882 1.531 -2.414 32.816 -2.612 -2.414
3 65 33.400 -2.659 -1.000 32.816 -2.612 -2.414 32.882 1.531 -2.414
3 65 32.882 1.531 -2.414 33.467 1.548 -1.000 33.400 -2.659 -1.000
3 65 32.816 -2.612 0.414 33.400 -2.659 -1.000 33.467 1.548 -1.000
3 65 33.467 1.548 -1.000 32.882 1.534 0.414 32.816 -2.612 0.414
3 65 31.406 -2.500 1.000 32.816 -2.612 0.414 32.882 1.534 0.414
3 65 32.882 1.534 0.414 31.468 1.498 1.000 31.406 -2.500 1.000
3 65 30.054 1.461 0.414 31.468 1.498 1.000 28.784 41.392 0.899
3 65 28.784 41.392 0.899 27.373 41.295 0.313 30.054 1.461 0.414
3 65 29.469 1.444 -1.000 30.054 1.461 0.414 27.373 41.295 0.313
3 65 27.373 41.295 0.313 26.789 41.252 -1.101 29.469 1.444 -1.000
3 65 30.054 1.458 -2.414 29.469 1.444 -1.000 26.789 41.252 -1.101
3 65 26.789 41.252 -1.101 27.374 41.287 -2.515 30.054 1.458 -2.414
3 65 31.468 1.493 -3.000 30.054 1.458 -2.414 27.374 41.287 -2.515
3 65 27.374 41.287 -2.515 28.785 41.381 -3.101 31.468 1.493 -3.000
3 65 32.882 1.531 -2.414 31.468 1.493 -3.000 28.785 41.381 -3.101
3 65 28.785 41.381 -3.101 30.196 41.477 -2.515 32.882 1.531 -2.414
3 65 33.467 1.548 -1.000 32.882 1.531 -2.414 30.196 41.477 -2.515
3 65 30.196 41.477 -2.515 30.780 41.521 -1.101 33.467 1.548 -1.000
3 65 32.882 1.534 0.414 33.467 1.548 -1.000 30.780 41.521 -1.101
3 65 30.780 41.521 -1.101 30.195 41.485 0.313 32.882 1.534 0.414
3 65 31.468 1.498 1.000 32.882 1.534 0.414 30.195 41.485 0.313
3 65 30.195 41.485 0.313 28.784 41.392 0.899 31.468 1.498 1.000
3 65 27.373 41.295 0.313 28.784 41.392 0.899 26.098 81.283 0.771
3 65 26.098 81.283 0.771 24.687 81.186 0.185 27.373 41.295 0.313
3 65 26.789 41.252 -1.101 27.373 41.295 0.313 24.687 81.186 0.185
3 65 24.687 81.186 0.185 24.103 81.142 -1.229 26.789 41.252 -1.101
3 65 27.374 41.287 -2.515 26.789 41.252 -1.101 24.103 81.142 -1.229
3 65 24.103 81.142 -1.229 24.688 81.177 -2.644 27.374 41.287 -2.515
3 65 28.785 41.381 -3.101 27.374 41.287 -2.515 24.688 81.177 -2.644
3 65 24.688 81.177 -2.644 26.099 81.270 -3.229 28.785 41.381 -3.101
3 65 30.196 41.477 -2.515 28.785 41.381 -3.101 26.099 81.270 -3.229
3 65 26.099 81.270 -3.229 27.510 81.367 -2.644 30.196 41.477 -2.515
3 65 30.780 41.521 -1.101 30.196 41.477 -2.515 27.510 81.367 -2.644
3 65 27.510 81.367 -2.644 28.094 81.411 -1.229 30.780 41.521 -1.101
3 65 30.195 41.485 0.313 30.780 41.521 -1.101 28.094 81.411 -1.229
3 65 28.094 81.411 -1.229 27.509 81.376 0.185 30.195 41.485 0.313
3 65 28.784 41.392 0.899 30.195 41.485 0.313 27.509 81.376 0.185
3 65 27.509 81.376 0.185 26.098 81.283 0.771 28.784 41.392 0.899
3 65 24.687 81.186 0.185 26.098 81.283 0.771 23.412 121.173 0.637
3 65 23.412 121.173 0.637 22.001 121.076 0.051 24.687 81.186 0.185
3 65 24.103 81.142 -1.229 24.687 81.186 0.185 22.001 121.076 0.051
3 65 22.001 121.076 0.051 21.417 121.032 -1.363 24.103 81.142 -1.229
3 65 24.688 81.177 -2.644 24.103 81.142 -1.229 21.417 121.032 -1.363
3 65 21.417 121.032 -1.363 22.001 121.067 -2.777 24.688 81.177 -2.644
3 65 26.099 81.270 -3.229 24.688 81.177 -2.644 22.001 121.067 -2.777
3 65 22.001 121.067 -2.777 23.413 121.160 -3.363 26.099 81.270 -3.229
3 65 27.510 81.367 -2.644 26.099 81.270 -3.229 23.413 121.160 -3.363
3 65 23.413 121.160 -3.363 24.823 121.257 -2.777 27.510 81.367 -2.644
3 65 28.094 81.411 -1.229 27.510 81.367 -2.644 24.823 121.257 -2.777
3 65 24.823 121.257 -2.777 25.408 121.301 -1.363 28.094 81.411 -1.229
3 65 27.509 81.376 0.185 28.094 81.411 -1.229 25.408 121.301 -1.363
3 65 25.408 121.301 -1.363 24.823 121.266 0.051 27.509 81.376 0.185
3 65 26.098 81.283 0.771 27.509 81.376 0.185 24.823 121.266 0.051
3 65 24.823 121.266 0.051 23.412 121.173 0.637 26.098 81.283 0.771
3 65 22.001 121.076 0.051 23.412 121.173 0.637 20.725 161.063 0.501
3 65 20.725 161.063 0.501 19.315 160.966 -0.085 22.001 121.076 0.051
3 65 21.417 121.032 -1.363 22.001 121.076 0.051 19.315 160.966 -0.085
3 65 19.315 160.966 -0.085 18.730 160.922 -1.499 21.417 121.032 -1.363
3 65 22.001 121.067 -2.777 21.417 121.032 -1.363 18.730 160.922 -1.499
3 65 18.730 160.922 -1.499 19.315 160.957 -2.913 22.001 121.067 -2.777
3 65 23.413 121.160 -3.363 22.001 121.067 -2.777 19.315 160.957 -2.913
3 65 19.315 160.957 -2.913 20.726 161.050 -3.499 23.413 121.160 -3.363
3 65 24.823 121.257 -2.777 23.413 121.160 -3.363 20.726 161.050 -3.499
3 65 20.726 161.050 -3.499 22.137 161.147 -2.913 24.823 121.257 -2.777
3 65 25.408 121.301 -1.363 24.823 121.257 -2.777 22.137 161.147 -2.913
3 65 22.137 161.147 -2.913 22.721 161.191 -1.499 25.408 121.301 -1.363
3 65 24.823 121.266 0.051 25.408 121.301 -1.363 22.721 161.191 -1.499
3 65 22.721 161.191 -1.499 22.137 161.156 -0.085 24.823 121.266 0.051
3 65 23.412 121.173 0.637 24.823 121.266 0.051 22.137 161.156 -0.085
3 65 22.137 161.156 -0.085 20.725 161.063 0.501 23.412 121.173 0.637
3 65 19.315 160.966 -0.085 20.725 161.063 0.501 18.039 200.953 0.366
3 65 18.039 200.953 0.366 16.628 200.856 -0.220 19.315 160.966 -0.085
3 65 18.730 160.922 -1.499 19.315 160.966 -0.085 16.628 200.856 -0.220
3 65 16.628 200.856 -0.220 16.044 200.812 -1.634 18.730 160.922 -1.499
3 65 19.315 160.957 -2.913 18.730 160.922 -1.499 16.044 200.812 -1.634
3 65 16.044 200.812 -1.634 16.629 200.846 -3.049 19.315 160.957 -2.913
3 65 20.726 161.050 -3.499 19.315 160.957 -2.913 16.629 200.846 -3.049
3 65 16.629 200.846 -3.049 18.040 200.940 -3.634 20.726 161.050 -3.499
3 65 22.137 161.147 -2.913 20.726 161.050 -3.499 18.040 200.940 -3.634
3 65 18.040 200.940 -3.634 19.451 201.037 -3.049 22.137 161.147 -2.913
3 65 22.721 161.191 -1.499 22.137 161.147 -2.913 19.451 201.037 -3.049
3 65 19.451 201.037 -3.049 20.035 201.081 -1.634 22.721 161.191 -1.499
3 65 22.137 161.156 -0.085 22.721 161.191 -1.499 20.035 201.081 -1.634
3 65 20.035 201.081 -1.634 19.450 201.046 -0.220 22.137 161.156 -0.085
3 65 20.725 161.063 0.501 22.137 161.156 -0.085 19.450 201.046 -0.220
3 65 19.450 201.046 -0.220 18.039 200.953 0.366 20.725 161.063 0.501
3 65 16.628 200.856 -0.220 18.039 200.953 0.366 15.353 240.843 0.232
3 65 15.353 240.843 0.232 13.942 240.746 -0.354 16.628 200.856 -0.220
3 65 16.044 200.812 -1.634 16.628 200.856 -0.220 13.942 240.746 -0.354
3 65 13.942 240.746 -0.354 13.358 240.702 -1.768 16.044 200.812 -1.634
3 65 16.629 200.846 -3.049 16.044 200.812 -1.634 13.358 240.702 -1.768
3 65 13.358 240.702 -1.768 13.943 240.737 -3.183 16.629 200.846 -3.049
3 65 18.040 200.940 -3.634 16.629 200.846 -3.049 13.943 240.737 -3.183
3 65 13.943 240.737 -3.183 15.354 240.830 -3.768 18.040 200.940 -3.634
3 65 19.451 201.037 -3.049 18.040 200.940 -3.634 15.354 240.830 -3.768
3 65 15.354 240.830 -3.768 16.765 240.927 -3.183 19.451 201.037 -3.049
3 65 20.035 201.081 -1.634 19.451 201.037 -3.049 16.765 240.927 -3.183
3 65 16.765 240.927 -3.183 17.349 240.971 -1.768 20.035 201.081 -1.634
3 65 19.450 201.046 -0.220 20.035 201.081 -1.634 17.349 240.971 -1.768
3 65 17.349 240.971 -1.768 16.764 240.936 -0.354 19.450 201.046 -0.220
3 65 18.039 200.953 0.366 19.450 201.046 -0.220 16.764 240.936 -0.354
3 65 16.764 240.936 -0.354 15.353 240.843 0.232 18.039 200.953 0.366
3 65 13.942 240.746 -0.354 15.353 240.843 0.232 12.667 280.732 0.103
3 65 12.667 280.732 0.103 11.256 280.635 -0.483 13.942 240.746 -0.354
3 65 13.358 240.702 -1.768 13.942 240.746 -0.354 11.256 280.635 -0.483
3 65 11.256 280.635 -0.483 10.672 280.592 -1.897 13.358 240.702 -1.768
3 65 13.943 240.737 -3.183 13.358 240.702 -1.768 10.672 280.592 -1.897
3 65 10.672 280.592 -1.897 11.257 280.627 -3.311 13.943 240.737 -3.183
3 65 15.354 240.830 -3.768 13.943 240.737 -3.183 11.257 280.627 -3.311
3 65 11.257 280.627 -3.311 12.668 280.721 -3.897 15.354 240.830 -3.768
3 65 16.765 240.927 -3.183 15.354 240.830 -3.768 12.668 280.721 -3.897
3 65 12.668 280.721 -3.897 14.079 280.817 -3.311 16.765 240.927 -3.183
3 65 17.349 240.971 -1.768 16.765 240.927 -3.183 14.079 280.817 -3.311
3 65 14.079 280.817 -3.311 14.663 280.861 -1.897 17.349 240.971 -1.768
3 65 16.764 240.936 -0.354 17.349 240.971 -1.768 14.663 280.861 -1.897
3 65 14.663 280.861 -1.897 14.078 280.825 -0.483 16.764 240.936 -0.354
3 65 15.353 240.843 0.232 16.764 240.936 -0.354 14.078 280.825 -0.483
3 65 14.078 280.825 -0.483 12.667 280.732 0.103 15.353 240.843 0.232
3 65 11.256 280.635 -0.483 12.667 280.732 0.103 9.981 320.619 0.000
3 65 9.981 320.619 0.000 8.585 320.389 -0.586 11.256 280.635 -0.483
3 65 10.672 280.592 -1.897 11.256 280.635 -0.483 8.585 320.389 -0.586
3 65 8.585 320.389 -0.586 8.008 320.292 -2.000 10.672 280.592 -1.897
3 65 11.257 280.627 -3.311 10.672 280.592 -1.897 8.008 320.292 -2.000
3 65 8.008 320.292 -2.000 8.586 320.385 -3.414 11.257 280.627 -3.311
3 65 12.668 280.721 -3.897 11.257 280.627 -3.311 8.586 320.385 -3.414
3 65 8.586 320.385 -3.414 9.981 320.614 -4.000 12.668 280.721 -3.897
3 65 14.079 280.817 -3.311 12.668 280.721 -3.897 9.981 320.614 -4.000
3 65 9.981 320.614 -4.000 11.377 320.844 -3.414 14.079 280.817 -3.311
3 65 14.663 280.861 -1.897 14.079 280.817 -3.311 11.377 320.844 -3.414
3 65 11.377 320.844 -3.414 11.955 320.941 -2.000 14.663 280.861 -1.897
3 65 14.078 280.825 -0.483 14.663 280.861 -1.897 11.955 320.941 -2.000
3 65 11.955 320.941 -2.000 11.376 320.848 -0.586 14.078 280.825 -0.483
3 65 12.667 280.732 0.103 14.078 280.825 -0.483 11.376 320.848 -0.586
3 65 11.376 320.848 -0.586 9.981 320.619 0.000 12.667 280.732 0.103
3 65 8.585 320.389 -0.586 9.981 320.619 0.000 8.965 324.458 0.000
3 65 8.965 324.458 0.000 7.698 323.830 -0.586 8.585 320.389 -0.586
3 65 8.008 320.292 -2.000 8.585 320.389 -0.586 7.698 323.830 -0.586
3 65 7.698 323.830 -0.586 7.173 323.570 -2.000 8.008 320.292 -2.000
3 65 8.586 320.385 -3.414 8.008 320.292 -2.000 7.173 323.570 -2.000
3 65 7.173 323.570 -2.000 7.698 323.830 -3.414 8.586 320.385 -3.414
3 65 9.981 320.614 -4.000 8.586 320.385 -3.414 7.698 323.830 -3.414
3 65 7.698 323.830 -3.414 8.965 324.458 -4.000 9.981 320.614 -4.000
3 65 11.377 320.844 -3.414 9.981 320.614 -4.000 8.965 324.458 -4.000
3 65 8.965 324.458 -4.000 10.232 325.087 -3.414 11.377 320.844 -3.414
3 65 11.955 320.941 -2.000 11.377 320.844 -3.414 10.232 325.087 -3.414
3 65 10.232 325.087 -3.414 10.756 325.347 -2.000 11.955 320.941 -2.000
3 65 11.376 320.848 -0.586 11.955 320.941 -2.000 10.756 325.347 -2.000
3 65 10.756 325.347 -2.000 10.232 325.087 -0.586 11.376 320.848 -0.586
3 65 9.981 320.619 0.000 11.376 320.848 -0.586 10.232 325.087 -0.586
3 65 10.232 325.087 -0.586 8.965 324.458 0.000 9.981 320.619 0.000
3 65 7.698 323.830 -0.586 8.965 324.458 0.000 6.520 327.595 0.000
3 65 6.520 327.595 0.000 5.599 326.522 -0.586 7.698 323.830 -0.586
3 65 7.173 323.570 -2.000 7.698 323.830 -0.586 5.599 326.522 -0.586
3 65 5.599 326.522 -0.586 5.218 326.077 -2.000 7.173 323.570 -2.000
3 65 7.698 323.830 -3.414 7.173 323.570 -2.000 5.218 326.077 -2.000
3 65 5.218 326.077 -2.000 5.599 326.522 -3.414 7.698 323.830 -3.414
3 65 8.965 324.458 -4.000 7.698 323.830 -3.414 5.599 326.522 -3.414
3 65 5.599 326.522 -3.414 6.520 327.595 -4.000 8.965 324.458 -4.000
3 65 10.232 325.087 -3.414 8.965 324.458 -4.000 6.520 327.595 -4.000
3 65 6.520 327.595 -4.000 7.441 328.669 -3.414 10.232 325.087 -3.414
3 65 10.756 325.347 -2.000 10.232 325.087 -3.414 7.441 328.669 -3.414
3 65 7.441 328.669 -3.414 7.822 329.113 -2.000 10.756 325.347 -2.000
3 65 10.232 325.087 -0.586 10.756 325.347 -2.000 7.822 329.113 -2.000
3 65 7.822 329.113 -2.000 7.441 328.669 -0.586 10.232 325.087 -0.586
3 65 8.965 324.458 0.000 10.232 325.087 -0.586 7.441 328.669 -0.586
3 65 7.441 328.669 -0.586 6.520 327.595 0.000 8.965 324.458 0.000
3 65 5.599 326.522 -0.586 6.520 327.595 0.000 3.049 329.534 0.000
3 65 3.049 329.534 0.000 2.618 328.187 -0.586 5.599 326.522 -0.586
3 65 5.218 326.077 -2.000 5.599 326.522 -0.586 2.618 328.187 -0.586
3 65 2.618 328.187 -0.586 2.440 327.629 -2.000 5.218 326.077 -2.000
3 65 5.599 326.522 -3.414 5.218 326.077 -2.000 2.440 327.629 -2.000
3 65 2.440 327.629 -2.000 2.618 328.187 -3.414 5.599 326.522 -3.414
3 65 6.520 327.595 -4.000 5.599 326.522 -3.414 2.618 328.187 -3.414
3 65 2.618 328.187 -3.414 3.049 329.534 -4.000 6.520 327.595 -4.000
3 65 7.441 328.669 -3.414 6.520 327.595 -4.000 3.049 329.534 -4.000
3 65 3.049 329.534 -4.000 3.479 330.881 -3.414 7.441 328.669 -3.414
3 65 7.822 329.113 -2.000 7.441 328.669 -3.414 3.479 330.881 -3.414
3 65 3.479 330.881 -3.414 3.657 331.439 -2.000 7.822 329.113 -2.000
3 65 7.441 328.669 -0.586 7.822 329.113 -2.000 3.657 331.439 -2.000
3 65 3.657 331.439 -2.000 3.479 330.881 -0.586 7.441 328.669 -0.586
3 65 6.520 327.595 0.000 7.441 328.669 -0.586 3.479 330.881 -0.586
3 65 3.479 330.881 -0.586 3.049 329.534 0.000 6.520 327.595 0.000
3 65 2.618 328.187 -0.586 3.049 329.534 0.000 -0.904 329.968 0.000
3 65 -0.904 329.968 0.000 -0.776 328.559 -0.586 2.618 328.187 -0.586
3 65 2.440 327.629 -2.000 2.618 328.187 -0.586 -0.776 328.559 -0.586
3 65 -0.776 328.559 -0.586 -0.724 327.976 -2.000 2.440 327.629 -2.000
3 65 2.618 328.187 -3.414 2.440 327.629 -2.000 -0.724 327.976 -2.000
3 65 -0.724 327.976 -2.000 -0.776 328.559 -3.414 2.618 328.187 -3.414
3 65 3.049 329.534 -4.000 2.618 328.187 -3.414 -0.776 328.559 -3.414
3 65 -0.776 328.559 -3.414 -0.904 329.968 -4.000 3.049 329.534 -4.000
3 65 3.479 330.881 -3.414 3.049 329.534 -4.000 -0.904 329.968 -4.000
3 65 -0.904 329.968 -4.000 -1.031 331.376 -3.414 3.479 330.881 -3.414
3 65 3.657 331.439 -2.000 3.479 330.881 -3.414 -1.031 331.376 -3.414
3 65 -1.031 331.376 -3.414 -1.084 331.960 -2.000 3.657 331.439 -2.000
3 65 3.479 330.881 -0.586 3.657 331.439 -2.000 -1.084 331.960 -2.000
3 65 -1.084 331.960 -2.000 -1.031 331.376 -0.586 3.479 330.881 -0.586
3 65 3.049 329.534 0.000 3.479 330.881 -0.586 -1.031 331.376 -0.586
3 65 -1.031 331.376 -0.586 -0.904 329.968 0.000 3.049 329.534 0.000
3 65 -0.776 328.559 -0.586 -0.904 329.968 0.000 -4.714 328.832 0.000
3 65 -4.714 328.832 0.000 -4.049 327.585 -0.586 -0.776 328.559 -0.586
3 65 -0.724 327.976 -2.000 -0.776 328.559 -0.586 -4.049 327.585 -0.586
3 65 -4.049 327.585 -0.586 -3.773 327.068 -2.000 -0.724 327.976 -2.000
3 65 -0.776 328.559 -3.414 -0.724 327.976 -2.000 -3.773 327.068 -2.000
3 65 -3.773 327.068 -2.000 -4.049 327.585 -3.414 -0.776 328.559 -3.414
3 65 -0.904 329.968 -4.000 -0.776 328.559 -3.414 -4.049 327.585 -3.414
3 65 -4.049 327.585 -3.414 -4.714 328.832 -4.000 -0.904 329.968 -4.000
3 65 -1.031 331.376 -3.414 -0.904 329.968 -4.000 -4.714 328.832 -4.000
3 65 -4.714 328.832 -4.000 -5.380 330.080 -3.414 -1.031 331.376 -3.414
3 65 -1.084 331.960 -2.000 -1.031 331.376 -3.414 -5.380 330.080 -3.414
3 65 -5.380 330.080 -3.414 -5.656 330.597 -2.000 -1.084 331.960 -2.000
3 65 -1.031 331.376 -0.586 -1.084 331.960 -2.000 -5.656 330.597 -2.000
3 65 -5.656 330.597 -2.000 -5.380 330.080 -0.586 -1.031 331.376 -0.586
3 65 -0.904 329.968 0.000 -1.031 331.376 -0.586 -5.380 330.080 -0.586
3 65 -5.380 330.080 -0.586 -4.714 328.832 0.000 -0.904 329.968 0.000
3 65 -4.049 327.585 -0.586 -4.714 328.832 0.000 -7.780 326.299 0.000
3 65 -7.780 326.299 0.000 -6.680 325.409 -0.586 -4.049 327.585 -0.586
3 65 -3.773 327.068 -2.000 -4.049 327.585 -0.586 -6.680 325.409 -0.586
3 65 -6.680 325.409 -0.586 -6.225 325.041 -2.000 -3.773 327.068 -2.000
3 65 -4.049 327.585 -3.414 -3.773 327.068 -2.000 -6.225 325.041 -2.000
3 65 -6.225 325.041 -2.000 -6.680 325.409 -3.414 -4.049 327.585 -3.414
3 65 -4.714 328.832 -4.000 -4.049 327.585 -3.414 -6.680 325.409 -3.414
3 65 -6.680 325.409 -3.414 -7.780 326.299 -4.000 -4.714 328.832 -4.000
3 65 -5.380 330.080 -3.414 -4.714 328.832 -4.000 -7.780 326.299 -4.000
3 65 -7.780 326.299 -4.000 -8.879 327.188 -3.414 -5.380 330.080 -3.414
3 65 -5.656 330.597 -2.000 -5.380 330.080 -3.414 -8.879 327.188 -3.414
3 65 -8.879 327.188 -3.414 -9.334 327.557 -2.000 -5.656 330.597 -2.000
3 65 -5.380 330.080 -0.586 -5.656 330.597 -2.000 -9.334 327.557 -2.000
3 65 -9.334 327.557 -2.000 -8.879 327.188 -0.586 -5.380 330.080 -0.586
3 65 -4.714 328.832 0.000 -5.380 330.080 -0.586 -8.879 327.188 -0.586
3 65 -8.879 327.188 -0.586 -7.780 326.299 0.000 -4.714 328.832 0.000
3 65 -6.680 325.409 -0.586 -7.780 326.299 0.000 -9.617 322.773 0.000
3 65 -9.617 322.773 0.000 -8.267 322.354 -0.586 -6.680 325.409 -0.586
3 65 -6.225 325.041 -2.000 -6.680 325.409 -0.586 -8.267 322.354 -0.586
3 65 -8.267 322.354 -0.586 -7.707 322.180 -2.000 -6.225 325.041 -2.000
3 65 -6.680 325.409 -3.414 -6.225 325.041 -2.000 -7.707 322.180 -2.000
3 65 -7.707 322.180 -2.000 -8.267 322.353 -3.414 -6.680 325.409 -3.414
3 65 -7.780 326.299 -4.000 -6.680 325.409 -3.414 -8.267 322.353 -3.414
3 65 -8.267 322.353 -3.414 -9.617 322.773 -4.000 -7.780 326.299 -4.000
3 65 -8.879 327.188 -3.414 -7.780 326.299 -4.000 -9.617 322.773 -4.000
3 65 -9.617 322.773 -4.000 -10.968 323.192 -3.414 -8.879 327.188 -3.414
3 65 -9.334 327.557 -2.000 -8.879 327.188 -3.414 -10.968 323.192 -3.414
3 65 -10.968 323.192 -3.414 -11.527 323.366 -2.000 -9.334 327.557 -2.000
3 65 -8.879 327.188 -0.586 -9.334 327.557 -2.000 -11.527 323.366 -2.000
3 65 -11.527 323.366 -2.000 -10.968 323.193 -0.586 -8.879 327.188 -0.586
3 65 -7.780 326.299 0.000 -8.879 327.188 -0.586 -10.968 323.193 -0.586
3 65 -10.968 323.193 -0.586 -9.617 322.773 0.000 -7.780 326.299 0.000
3 65 -8.267 322.354 -0.586 -9.617 322.773 0.000 -10.103 318.815 0.001
3 65 -10.103 318.815 0.001 -8.695 318.680 -0.585 -8.267 322.354 -0.586
3 65 -7.707 322.180 -2.000 -8.267 322.354 -0.586 -8.695 318.680 -0.585
3 65 -8.695 318.680 -0.585 -8.112 318.623 -1.999 -7.707 322.180 -2.000
3 65 -8.267 322.353 -3.414 -7.707 322.180 -2.000 -8.112 318.623 -1.999
3 65 -8.112 318.623 -1.999 -8.695 318.676 -3.413 -8.267 322.353 -3.414
3 65 -9.617 322.773 -4.000 -8.267 322.353 -3.414 -8.695 318.676 -3.413
3 65 -8.695 318.676 -3.413 -10.103 318.809 -3.999 -9.617 322.773 -4.000
3 65 -10.968 323.192 -3.414 -9.617 322.773 -4.000 -10.103 318.809 -3.999
3 65 -10.103 318.809 -3.999 -11.511 318.943 -3.413 -10.968 323.192 -3.414
3 65 -11.527 323.366 -2.000 -10.968 323.192 -3.414 -11.511 318.943 -3.413
3 65 -11.511 318.943 -3.413 -12.094 319.001 -1.999 -11.527 323.366 -2.000
3 65 -10.968 323.193 -0.586 -11.527 323.366 -2.000 -12.094 319.001 -1.999
3 65 -12.094 319.001 -1.999 -11.511 318.947 -0.585 -10.968 323.193 -0.586
3 65 -9.617 322.773 0.000 -10.968 323.193 -0.586 -11.511 318.947 -0.585
3 65 -11.511 318.947 -0.585 -10.103 318.815 0.001 -9.617 322.773 0.000
3 65 -8.695 318.680 -0.585 -10.103 318.815 0.001 -12.788 278.928 0.108
3 65 -12.788 278.928 0.108 -11.378 278.831 -0.477 -8.695 318.680 -0.585
3 65 -8.112 318.623 -1.999 -8.695 318.680 -0.585 -11.378 278.831 -0.477
3 65 -11.378 278.831 -0.477 -10.793 278.787 -1.892 -8.112 318.623 -1.999
3 65 -8.695 318.676 -3.413 -8.112 318.623 -1.999 -10.793 278.787 -1.892
3 65 -10.793 278.787 -1.892 -11.378 278.823 -3.306 -8.695 318.676 -3.413
3 65 -10.103 318.809 -3.999 -8.695 318.676 -3.413 -11.378 278.823 -3.306
3 65 -11.378 278.823 -3.306 -12.789 278.916 -3.892 -10.103 318.809 -3.999
3 65 -11.511 318.943 -3.413 -10.103 318.809 -3.999 -12.789 278.916 -3.892
3 65 -12.789 278.916 -3.892 -14.200 279.013 -3.306 -11.511 318.943 -3.413
3 65 -12.094 319.001 -1.999 -11.511 318.943 -3.413 -14.200 279.013 -3.306
3 65 -14.200 279.013 -3.306 -14.784 279.056 -1.892 -12.094 319.001 -1.999
3 65 -11.511 318.947 -0.585 -12.094 319.001 -1.999 -14.784 279.056 -1.892
3 65 -14.784 279.056 -1.892 -14.200 279.021 -0.477 -11.511 318.947 -0.585
3 65 -10.103 318.815 0.001 -11.511 318.947 -0.585 -14.200 279.021 -0.477
3 65 -14.200 279.021 -0.477 -12.788 278.928 0.108 -10.103 318.815 0.001
3 65 -11.378 278.831 -0.477 -12.788 278.928 0.108 -15.475 239.038 0.238
3 65 -15.475 239.038 0.238 -14.064 238.941 -0.348 -11.378 278.831 -0.477
3 65 -10.793 278.787 -1.892 -11.378 278.831 -0.477 -14.064 238.941 -0.348
3 65 -14.064 238.941 -0.348 -13.480 238.897 -1.762 -10.793 278.787 -1.892
3 65 -11.378 278.823 -3.306 -10.793 278.787 -1.892 -13.480 238.897 -1.762
3 65 -13.480 238.897 -1.762 -14.064 238.932 -3.177 -11.378 278.823 -3.306
3 65 -12.789 278.916 -3.892 -11.378 278.823 -3.306 -14.064 238.932 -3.177
3 65 -14.064 238.932 -3.177 -15.475 239.025 -3.762 -12.789 278.916 -3.892
3 65 -14.200 279.013 -3.306 -12.789 278.916 -3.892 -15.475 239.025 -3.762
3 65 -15.475 239.025 -3.762 -16.886 239.122 -3.177 -14.200 279.013 -3.306
3 65 -14.784 279.056 -1.892 -14.200 279.013 -3.306 -16.886 239.122 -3.177
3 65 -16.886 239.122 -3.177 -17.471 239.166 -1.762 -14.784 279.056 -1.892
3 65 -14.200 279.021 -0.477 -14.784 279.056 -1.892 -17.471 239.166 -1.762
3 65 -17.471 239.166 -1.762 -16.886 239.131 -0.348 -14.200 279.021 -0.477
3 65 -12.788 278.928 0.108 -14.200 279.021 -0.477 -16.886 239.131 -0.348
3 65 -16.886 239.131 -0.348 -15.475 239.038 0.238 -12.788 278.928 0.108
3 65 -14.064 238.941 -0.348 -15.475 239.038 0.238 -18.161 199.148 0.372
3 65 -18.161 199.148 0.372 -16.750 199.051 -0.214 -14.064 238.941 -0.348
3 65 -13.480 238.897 -1.762 -14.064 238.941 -0.348 -16.750 199.051 -0.214
3 65 -16.750 199.051 -0.214 -16.166 199.007 -1.628 -13.480 238.897 -1.762
3 65 -14.064 238.932 -3.177 -13.480 238.897 -1.762 -16.166 199.007 -1.628
3 65 -16.166 199.007 -1.628 -16.751 199.042 -3.043 -14.064 238.932 -3.177
3 65 -15.475 239.025 -3.762 -14.064 238.932 -3.177 -16.751 199.042 -3.043
3 65 -16.751 199.042 -3.043 -18.162 199.135 -3.628 -15.475 239.025 -3.762
3 65 -16.886 239.122 -3.177 -15.475 239.025 -3.762 -18.162 199.135 -3.628
3 65 -18.162 199.135 -3.628 -19.573 199.232 -3.043 -16.886 239.122 -3.177
3 65 -17.471 239.166 -1.762 -16.886 239.122 -3.177 -19.573 199.232 -3.043
3 65 -19.573 199.232 -3.043 -20.157 199.276 -1.628 -17.471 239.166 -1.762
3 65 -16.886 239.131 -0.348 -17.471 239.166 -1.762 -20.157 199.276 -1.628
3 65 -20.157 199.276 -1.628 -19.572 199.242 -0.214 -16.886 239.131 -0.348
3 65 -15.475 239.038 0.238 -16.886 239.131 -0.348 -19.572 199.242 -0.214
3 65 -19.572 199.242 -0.214 -18.161 199.148 0.372 -15.475 239.038 0.238
3 65 -16.750 199.051 -0.214 -18.161 199.148 0.372 -20.847 159.259 0.507
3 65 -20.847 159.259 0.507 -19.436 159.162 -0.079 -16.750 199.051 -0.214
3 65 -16.166 199.007 -1.628 -16.750 199.051 -0.214 -19.436 159.162 -0.079
3 65 -19.436 159.162 -0.079 -18.852 159.117 -1.493 -16.166 199.007 -1.628
3 65 -16.751 199.042 -3.043 -16.166 199.007 -1.628 -18.852 159.117 -1.493
3 65 -18.852 159.117 -1.493 -19.437 159.152 -2.907 -16.751 199.042 -3.043
3 65 -18.162 199.135 -3.628 -16.751 199.042 -3.043 -19.437 159.152 -2.907
3 65 -19.437 159.152 -2.907 -20.848 159.245 -3.493 -18.162 199.135 -3.628
3 65 -19.573 199.232 -3.043 -18.162 199.135 -3.628 -20.848 159.245 -3.493
3 65 -20.848 159.245 -3.493 -22.259 159.342 -2.907 -19.573 199.232 -3.043
3 65 -20.157 199.276 -1.628 -19.573 199.232 -3.043 -22.259 159.342 -2.907
3 65 -22.259 159.342 -2.907 -22.843 159.386 -1.493 -20.157 199.276 -1.628
3 65 -19.572 199.242 -0.214 -20.157 199.276 -1.628 -22.843 159.386 -1.493
3 65 -22.843 159.386 -1.493 -22.258 159.352 -0.079 -19.572 199.242 -0.214
3 65 -18.161 199.148 0.372 -19.572 199.242 -0.214 -22.258 159.352 -0.079
3 65 -22.258 159.352 -0.079 -20.847 159.259 0.507 -18.161 199.148 0.372
3 65 -19.436 159.162 -0.079 -20.847 159.259 0.507 -23.533 119.368 0.643
3 65 -23.533 119.368 0.643 -22.122 119.271 0.057 -19.436 159.162 -0.079
3 65 -18.852 159.117 -1.493 -19.436 159.162 -0.079 -22.122 119.271 0.057
3 65 -22.122 119.271 0.057 -21.538 119.227 -1.357 -18.852 159.117 -1.493
3 65 -19.437 159.152 -2.907 -18.852 159.117 -1.493 -21.538 119.227 -1.357
3 65 -21.538 119.227 -1.357 -22.123 119.262 -2.771 -19.437 159.152 -2.907
3 65 -20.848 159.245 -3.493 -19.437 159.152 -2.907 -22.123 119.262 -2.771
3 65 -22.123 119.262 -2.771 -23.534 119.355 -3.357 -20.848 159.245 -3.493
3 65 -22.259 159.342 -2.907 -20.848 159.245 -3.493 -23.534 119.355 -3.357
3 65 -23.534 119.355 -3.357 -24.945 119.452 -2.771 -22.259 159.342 -2.907
3 65 -22.843 159.386 -1.493 -22.259 159.342 -2.907 -24.945 119.452 -2.771
3 65 -24.945 119.452 -2.771 -25.529 119.496 -1.357 -22.843 159.386 -1.493
3 65 -22.258 159.352 -0.079 -22.843 159.386 -1.493 -25.529 119.496 -1.357
3 65 -25.529 119.496 -1.357 -24.944 119.462 0.057 -22.258 159.352 -0.079
3 65 -20.847 159.259 0.507 -22.258 159.352 -0.079 -24.944 119.462 0.057
3 65 -24.944 119.462 0.057 -23.533 119.368 0.643 -20.847 159.259 0.507
3 65 -22.122 119.271 0.057 -23.533 119.368 0.643 -26.219 79.478 0.777
3 65 -26.219 79.478 0.777 -24.808 79.381 0.191 -22.122 119.271 0.057
3 65 -21.538 119.227 -1.357 -22.122 119.271 0.057 -24.808 79.381 0.191
3 65 -24.808 79.381 0.191 -24.224 79.337 -1.223 -21.538 119.227 -1.357
3 65 -22.123 119.262 -2.771 -21.538 119.227 -1.357 -24.224 79.337 -1.223
3 65 -24.224 79.337 -1.223 -24.809 79.372 -2.638 -22.123 119.262 -2.771
3 65 -23.534 119.355 -3.357 -22.123 119.262 -2.771 -24.809 79.372 -2.638
3 65 -24.809 79.372 -2.638 -26.220 79.465 -3.223 -23.534 119.355 -3.357
3 65 -24.945 119.452 -2.771 -23.534 119.355 -3.357 -26.220 79.465 -3.223
3 65 -26.220 79.465 -3.223 -27.631 79.562 -2.638 -24.945 119.452 -2.771
3 65 -25.529 119.496 -1.357 -24.945 119.452 -2.771 -27.631 79.562 -2.638
3 65 -27.631 79.562 -2.638 -28.215 79.606 -1.223 -25.529 119.496 -1.357
3 65 -24.944 119.462 0.057 -25.529 119.496 -1.357 -28.215 79.606 -1.223
3 65 -28.215 79.606 -1.223 -27.630 79.571 0.191 -24.944 119.462 0.057
3 65 -23.533 119.368 0.643 -24.944 119.462 0.057 -27.630 79.571 0.191
3 65 -27.630 79.571 0.191 -26.219 79.478 0.777 -23.533 119.368 0.643
3 65 -24.808 79.381 0.191 -26.219 79.478 0.777 -28.906 39.588 0.905
3 65 -28.906 39.588 0.905 -27.495 39.491 0.319 -24.808 79.381 0.191
3 65 -24.224 79.337 -1.223 -24.808 79.381 0.191 -27.495 39.491 0.319
3 65 -27.495 39.491 0.319 -26.910 39.447 -1.095 -24.224 79.337 -1.223
3 65 -24.809 79.372 -2.638 -24.224 79.337 -1.223 -26.910 39.447 -1.095
3 65 -26.910 39.447 -1.095 -27.495 39.483 -2.509 -24.809 79.372 -2.638
3 65 -26.220 79.465 -3.223 -24.809 79.372 -2.638 -27.495 39.483 -2.509
3 65 -27.495 39.483 -2.509 -28.906 39.576 -3.095 -26.220 79.465 -3.223
3 65 -27.631 79.562 -2.638 -26.220 79.465 -3.223 -28.906 39.576 -3.095
3 65 -28.906 39.576 -3.095 -30.317 39.673 -2.509 -27.631 79.562 -2.638
3 65 -28.215 79.606 -1.223 -27.631 79.562 -2.638 -30.317 39.673 -2.509
3 65 -30.317 39.673 -2.509 -30.901 39.716 -1.095 -28.215 79.606 -1.223
3 65 -27.630 79.571 0.191 -28.215 79.606 -1.223 -30.901 39.716 -1.095
3 65 -30.901 39.716 -1.095 -30.317 39.681 0.319 -27.630 79.571 0.191
3 65 -26.219 79.478 0.777 -27.630 79.571 0.191 -30.317 39.681 0.319
3 65 -30.317 39.681 0.319 -28.906 39.588 0.905 -26.219 79.478 0.777
3 65 -27.495 39.491 0.319 -28.906 39.588 0.905 -31.323 3.684 0.999
3 65 -31.323 3.684 0.999 -29.911 3.601 0.413 -27.495 39.491 0.319
3 65 -26.910 39.447 -1.095 -27.495 39.491 0.319 -29.911 3.601 0.413
3 65 -29.911 3.601 0.413 -29.327 3.566 -1.001 -26.910 39.447 -1.095
3 65 -27.495 39.483 -2.509 -26.910 39.447 -1.095 -29.327 3.566 -1.001
3 65 -29.327 3.566 -1.001 -29.912 3.597 -2.415 -27.495 39.483 -2.509
3 65 -28.906 39.576 -3.095 -27.495 39.483 -2.509 -29.912 3.597 -2.415
3 65 -29.912 3.597 -2.415 -31.324 3.678 -3.001 -28.906 39.576 -3.095
3 65 -30.317 39.673 -2.509 -28.906 39.576 -3.095 -31.324 3.678 -3.001
3 65 -31.324 3.678 -3.001 -32.735 3.760 -2.415 -30.317 39.673 -2.509
3 65 -30.901 39.716 -1.095 -30.317 39.673 -2.509 -32.735 3.760 -2.415
3 65 -32.735 3.760 -2.415 -33.320 3.796 -1.001 -30.901 39.716 -1.095
3 65 -30.317 39.681 0.319 -30.901 39.716 -1.095 -33.320 3.796 -1.001
3 65 -33.320 3.796 -1.001 -32.735 3.764 0.413 -30.317 39.681 0.319
3 65 -28.906 39.588 0.905 -30.317 39.681 0.319 -32.735 3.764 0.413
3 65 -32.735 3.764 0.413 -31.323 3.684 0.999 -28.906 39.588 0.905
3 65 -29.911 3.601 0.413 -31.323 3.684 0.999 -31.500 0.000 1.000
3 65 -31.500 0.000 1.000 -30.086 0.000 0.414 -29.911 3.601 0.413
3 65 -29.327 3.566 -1.001 -29.911 3.601 0.413 -30.086 0.000 0.414
3 65 -30.086 0.000 0.414 -29.500 0.000 -1.000 -29.327 3.566 -1.001
3 65 -29.912 3.597 -2.415 -29.327 3.566 -1.001 -29.500 0.000 -1.000
3 65 -29.500 0.000 -1.000 -30.086 0.000 -2.414 -29.912 3.597 -2.415
3 65 -31.324 3.678 -3.001 -29.912 3.597 -2.415 -30.086 0.000 -2.414
3 65 -30.086 0.000 -2.414 -31.500 0.000 -3.000 -31.324 3.678 -3.001
3 65 -32.735 3.760 -2.415 -31.324 3.678 -3.001 -31.500 0.000 -3.000
3 65 -31.500 0.000 -3.000 -32.914 0.000 -2.414 -32.735 3.760 -2.415
3 65 -33.320 3.796 -1.001 -32.735 3.760 -2.415 -32.914 0.000 -2.414
3 65 -32.914 0.000 -2.414 -33.500 0.000 -1.000 -33.320 3.796 -1.001
3 65 -32.735 3.764 0.413 -33.320 3.796 -1.001 -33.500 0.000 -1.000
3 65 -33.500 0.000 -1.000 -32.914 0.000 0.414 -32.735 3.764 0.413
3 65 -31.323 3.684 0.999 -32.735 3.764 0.413 -32.914 0.000 0.414
3 65 -32.914 0.000 0.414 -31.500 0.000 1.000 -31.323 3.684 0.999
