0 FILE xpj0055.dat
0 xpj0055
0 Name:  UntitledModel
0 Author:  
0 BL_Item_No xpj0055.dat
0 BFC CERTIFY CCW
3 15 -7.586 0.000 1.414 -9.000 0.000 2.000 -8.090 -3.939 2.000
3 15 -8.090 -3.939 2.000 -6.818 -3.319 1.414 -7.586 0.000 1.414
3 15 -7.000 0.000 0.000 -7.586 0.000 1.414 -6.818 -3.319 1.414
3 15 -6.818 -3.319 1.414 -6.292 -3.062 0.000 -7.000 0.000 0.000
3 15 -7.586 0.000 -1.414 -7.000 0.000 0.000 -6.292 -3.062 0.000
3 15 -6.292 -3.062 0.000 -6.818 -3.319 -1.414 -7.586 0.000 -1.414
3 15 -9.000 0.000 -2.000 -7.586 0.000 -1.414 -6.818 -3.319 -1.414
3 15 -6.818 -3.319 -1.414 -8.090 -3.939 -2.000 -9.000 0.000 -2.000
3 15 -10.414 0.000 -1.414 -9.000 0.000 -2.000 -8.090 -3.939 -2.000
3 15 -8.090 -3.939 -2.000 -9.361 -4.558 -1.414 -10.414 0.000 -1.414
3 15 -11.000 0.000 0.000 -10.414 0.000 -1.414 -9.361 -4.558 -1.414
3 15 -9.361 -4.558 -1.414 -9.887 -4.815 0.000 -11.000 0.000 0.000
3 15 -10.414 0.000 1.414 -11.000 0.000 0.000 -9.887 -4.815 0.000
3 15 -9.887 -4.815 0.000 -9.361 -4.558 1.414 -10.414 0.000 1.414
3 15 -9.000 0.000 2.000 -10.414 0.000 1.414 -9.361 -4.558 1.414
3 15 -9.361 -4.558 1.414 -8.090 -3.939 2.000 -9.000 0.000 2.000
3 15 -6.818 -3.319 1.414 -8.090 -3.939 2.000 -5.548 -7.082 2.000
3 15 -5.548 -7.082 2.000 -4.677 -5.968 1.414 -6.818 -3.319 1.414
3 15 -6.292 -3.062 0.000 -6.818 -3.319 1.414 -4.677 -5.968 1.414
3 15 -4.677 -5.968 1.414 -4.315 -5.507 0.000 -6.292 -3.062 0.000
3 15 -6.818 -3.319 -1.414 -6.292 -3.062 0.000 -4.315 -5.507 0.000
3 15 -4.315 -5.507 0.000 -4.677 -5.968 -1.414 -6.818 -3.319 -1.414
3 15 -8.090 -3.939 -2.000 -6.818 -3.319 -1.414 -4.677 -5.968 -1.414
3 15 -4.677 -5.968 -1.414 -5.548 -7.082 -2.000 -8.090 -3.939 -2.000
3 15 -9.361 -4.558 -1.414 -8.090 -3.939 -2.000 -5.548 -7.082 -2.000
3 15 -5.548 -7.082 -2.000 -6.420 -8.195 -1.414 -9.361 -4.558 -1.414
3 15 -9.887 -4.815 0.000 -9.361 -4.558 -1.414 -6.420 -8.195 -1.414
3 15 -6.420 -8.195 -1.414 -6.782 -8.656 0.000 -9.887 -4.815 0.000
3 15 -9.361 -4.558 1.414 -9.887 -4.815 0.000 -6.782 -8.656 0.000
3 15 -6.782 -8.656 0.000 -6.420 -8.195 1.414 -9.361 -4.558 1.414
3 15 -8.090 -3.939 2.000 -9.361 -4.558 1.414 -6.420 -8.195 1.414
3 15 -6.420 -8.195 1.414 -5.548 -7.082 2.000 -8.090 -3.939 2.000
3 15 -4.677 -5.968 1.414 -5.548 -7.082 2.000 -1.888 -8.795 2.000
3 15 -1.888 -8.795 2.000 -1.531 -7.427 1.414 -4.677 -5.968 1.414
3 15 -4.315 -5.507 0.000 -4.677 -5.968 1.414 -1.531 -7.427 1.414
3 15 -1.531 -7.427 1.414 -1.383 -6.860 0.000 -4.315 -5.507 0.000
3 15 -4.677 -5.968 -1.414 -4.315 -5.507 0.000 -1.383 -6.860 0.000
3 15 -1.383 -6.860 0.000 -1.531 -7.427 -1.414 -4.677 -5.968 -1.414
3 15 -5.548 -7.082 -2.000 -4.677 -5.968 -1.414 -1.531 -7.427 -1.414
3 15 -1.531 -7.427 -1.414 -1.888 -8.795 -2.000 -5.548 -7.082 -2.000
3 15 -6.420 -8.195 -1.414 -5.548 -7.082 -2.000 -1.888 -8.795 -2.000
3 15 -1.888 -8.795 -2.000 -2.246 -10.163 -1.414 -6.420 -8.195 -1.414
3 15 -6.782 -8.656 0.000 -6.420 -8.195 -1.414 -2.246 -10.163 -1.414
3 15 -2.246 -10.163 -1.414 -2.394 -10.730 0.000 -6.782 -8.656 0.000
3 15 -6.420 -8.195 1.414 -6.782 -8.656 0.000 -2.394 -10.730 0.000
3 15 -2.394 -10.730 0.000 -2.246 -10.163 1.414 -6.420 -8.195 1.414
3 15 -5.548 -7.082 2.000 -6.420 -8.195 1.414 -2.246 -10.163 1.414
3 15 -2.246 -10.163 1.414 -1.888 -8.795 2.000 -5.548 -7.082 2.000
3 15 -1.531 -7.427 1.414 -1.888 -8.795 2.000 2.172 -9.093 2.000
3 15 2.172 -9.093 2.000 2.251 -7.681 1.414 -1.531 -7.427 1.414
3 15 -1.383 -6.860 0.000 -1.531 -7.427 1.414 2.251 -7.681 1.414
3 15 2.251 -7.681 1.414 2.283 -7.096 0.000 -1.383 -6.860 0.000
3 15 -1.531 -7.427 -1.414 -1.383 -6.860 0.000 2.283 -7.096 0.000
3 15 2.283 -7.096 0.000 2.251 -7.681 -1.414 -1.531 -7.427 -1.414
3 15 -1.888 -8.795 -2.000 -1.531 -7.427 -1.414 2.251 -7.681 -1.414
3 15 2.251 -7.681 -1.414 2.172 -9.093 -2.000 -1.888 -8.795 -2.000
3 15 -2.246 -10.163 -1.414 -1.888 -8.795 -2.000 2.172 -9.093 -2.000
3 15 2.172 -9.093 -2.000 2.093 -10.505 -1.414 -2.246 -10.163 -1.414
3 15 -2.394 -10.730 0.000 -2.246 -10.163 -1.414 2.093 -10.505 -1.414
3 15 2.093 -10.505 -1.414 2.061 -11.090 0.000 -2.394 -10.730 0.000
3 15 -2.246 -10.163 1.414 -2.394 -10.730 0.000 2.061 -11.090 0.000
3 15 2.061 -11.090 0.000 2.093 -10.505 1.414 -2.246 -10.163 1.414
3 15 -1.888 -8.795 2.000 -2.246 -10.163 1.414 2.093 -10.505 1.414
3 15 2.093 -10.505 1.414 2.172 -9.093 2.000 -1.888 -8.795 2.000
3 15 2.251 -7.681 1.414 2.172 -9.093 2.000 38.836 -10.487 2.000
3 15 38.836 -10.487 2.000 38.682 -9.082 1.414 2.251 -7.681 1.414
3 15 2.283 -7.096 0.000 2.251 -7.681 1.414 38.682 -9.082 1.414
3 15 38.682 -9.082 1.414 38.618 -8.499 0.000 2.283 -7.096 0.000
3 15 2.251 -7.681 -1.414 2.283 -7.096 0.000 38.618 -8.499 0.000
3 15 38.618 -8.499 0.000 38.682 -9.082 -1.414 2.251 -7.681 -1.414
3 15 2.172 -9.093 -2.000 2.251 -7.681 -1.414 38.682 -9.082 -1.414
3 15 38.682 -9.082 -1.414 38.836 -10.487 -2.000 2.172 -9.093 -2.000
3 15 2.093 -10.505 -1.414 2.172 -9.093 -2.000 38.836 -10.487 -2.000
3 15 38.836 -10.487 -2.000 38.990 -11.893 -1.414 2.093 -10.505 -1.414
3 15 2.061 -11.090 0.000 2.093 -10.505 -1.414 38.990 -11.893 -1.414
3 15 38.990 -11.893 -1.414 39.053 -12.475 0.000 2.061 -11.090 0.000
3 15 2.093 -10.505 1.414 2.061 -11.090 0.000 39.053 -12.475 0.000
3 15 39.053 -12.475 0.000 38.990 -11.893 1.414 2.093 -10.505 1.414
3 15 2.172 -9.093 2.000 2.093 -10.505 1.414 38.990 -11.893 1.414
3 15 38.990 -11.893 1.414 38.836 -10.487 2.000 2.172 -9.093 2.000
3 15 38.682 -9.082 1.414 38.836 -10.487 2.000 42.284 -9.584 2.000
3 15 42.284 -9.584 2.000 41.687 -8.302 1.414 38.682 -9.082 1.414
3 15 38.618 -8.499 0.000 38.682 -9.082 1.414 41.687 -8.302 1.414
3 15 41.687 -8.302 1.414 41.440 -7.771 0.000 38.618 -8.499 0.000
3 15 38.682 -9.082 -1.414 38.618 -8.499 0.000 41.440 -7.771 0.000
3 15 41.440 -7.771 0.000 41.687 -8.302 -1.414 38.682 -9.082 -1.414
3 15 38.836 -10.487 -2.000 38.682 -9.082 -1.414 41.687 -8.302 -1.414
3 15 41.687 -8.302 -1.414 42.284 -9.584 -2.000 38.836 -10.487 -2.000
3 15 38.990 -11.893 -1.414 38.836 -10.487 -2.000 42.284 -9.584 -2.000
3 15 42.284 -9.584 -2.000 42.880 -10.866 -1.414 38.990 -11.893 -1.414
3 15 39.053 -12.475 0.000 38.990 -11.893 -1.414 42.880 -10.866 -1.414
3 15 42.880 -10.866 -1.414 43.128 -11.397 0.000 39.053 -12.475 0.000
3 15 38.990 -11.893 1.414 39.053 -12.475 0.000 43.128 -11.397 0.000
3 15 43.128 -11.397 0.000 42.880 -10.866 1.414 38.990 -11.893 1.414
3 15 38.836 -10.487 2.000 38.990 -11.893 1.414 42.880 -10.866 1.414
3 15 42.880 -10.866 1.414 42.284 -9.584 2.000 38.836 -10.487 2.000
3 15 41.687 -8.302 1.414 42.284 -9.584 2.000 45.593 -7.247 2.000
3 15 45.593 -7.247 2.000 44.570 -6.271 1.414 41.687 -8.302 1.414
3 15 41.440 -7.771 0.000 41.687 -8.302 1.414 44.570 -6.271 1.414
3 15 44.570 -6.271 1.414 44.146 -5.867 0.000 41.440 -7.771 0.000
3 15 41.687 -8.302 -1.414 41.440 -7.771 0.000 44.146 -5.867 0.000
3 15 44.146 -5.867 0.000 44.570 -6.271 -1.414 41.687 -8.302 -1.414
3 15 42.284 -9.584 -2.000 41.687 -8.302 -1.414 44.570 -6.271 -1.414
3 15 44.570 -6.271 -1.414 45.593 -7.247 -2.000 42.284 -9.584 -2.000
3 15 42.880 -10.866 -1.414 42.284 -9.584 -2.000 45.593 -7.247 -2.000
3 15 45.593 -7.247 -2.000 46.616 -8.224 -1.414 42.880 -10.866 -1.414
3 15 43.128 -11.397 0.000 42.880 -10.866 -1.414 46.616 -8.224 -1.414
3 15 46.616 -8.224 -1.414 47.040 -8.628 0.000 43.128 -11.397 0.000
3 15 42.880 -10.866 1.414 43.128 -11.397 0.000 47.040 -8.628 0.000
3 15 47.040 -8.628 0.000 46.616 -8.224 1.414 42.880 -10.866 1.414
3 15 42.284 -9.584 2.000 42.880 -10.866 1.414 46.616 -8.224 1.414
3 15 46.616 -8.224 1.414 45.593 -7.247 2.000 42.284 -9.584 2.000
3 15 44.570 -6.271 1.414 45.593 -7.247 2.000 47.771 -3.832 2.000
3 15 47.771 -3.832 2.000 46.454 -3.316 1.414 44.570 -6.271 1.414
3 15 44.146 -5.867 0.000 44.570 -6.271 1.414 46.454 -3.316 1.414
3 15 46.454 -3.316 1.414 45.909 -3.102 0.000 44.146 -5.867 0.000
3 15 44.570 -6.271 -1.414 44.146 -5.867 0.000 45.909 -3.102 0.000
3 15 45.909 -3.102 0.000 46.454 -3.316 -1.414 44.570 -6.271 -1.414
3 15 45.593 -7.247 -2.000 44.570 -6.271 -1.414 46.454 -3.316 -1.414
3 15 46.454 -3.316 -1.414 47.771 -3.832 -2.000 45.593 -7.247 -2.000
3 15 46.616 -8.224 -1.414 45.593 -7.247 -2.000 47.771 -3.832 -2.000
3 15 47.771 -3.832 -2.000 49.088 -4.349 -1.414 46.616 -8.224 -1.414
3 15 47.040 -8.628 0.000 46.616 -8.224 -1.414 49.088 -4.349 -1.414
3 15 49.088 -4.349 -1.414 49.633 -4.562 0.000 47.040 -8.628 0.000
3 15 46.616 -8.224 1.414 47.040 -8.628 0.000 49.633 -4.562 0.000
3 15 49.633 -4.562 0.000 49.088 -4.349 1.414 46.616 -8.224 1.414
3 15 45.593 -7.247 2.000 46.616 -8.224 1.414 49.088 -4.349 1.414
3 15 49.088 -4.349 1.414 47.771 -3.832 2.000 45.593 -7.247 2.000
3 15 46.454 -3.316 1.414 47.771 -3.832 2.000 48.495 0.153 2.000
3 15 48.495 0.153 2.000 47.081 0.133 1.414 46.454 -3.316 1.414
3 15 45.909 -3.102 0.000 46.454 -3.316 1.414 47.081 0.133 1.414
3 15 47.081 0.133 1.414 46.495 0.124 0.000 45.909 -3.102 0.000
3 15 46.454 -3.316 -1.414 45.909 -3.102 0.000 46.495 0.124 0.000
3 15 46.495 0.124 0.000 47.081 0.133 -1.414 46.454 -3.316 -1.414
3 15 47.771 -3.832 -2.000 46.454 -3.316 -1.414 47.081 0.133 -1.414
3 15 47.081 0.133 -1.414 48.495 0.153 -2.000 47.771 -3.832 -2.000
3 15 49.088 -4.349 -1.414 47.771 -3.832 -2.000 48.495 0.153 -2.000
3 15 48.495 0.153 -2.000 49.909 0.173 -1.414 49.088 -4.349 -1.414
3 15 49.633 -4.562 0.000 49.088 -4.349 -1.414 49.909 0.173 -1.414
3 15 49.909 0.173 -1.414 50.495 0.182 0.000 49.633 -4.562 0.000
3 15 49.088 -4.349 1.414 49.633 -4.562 0.000 50.495 0.182 0.000
3 15 50.495 0.182 0.000 49.909 0.173 1.414 49.088 -4.349 1.414
3 15 47.771 -3.832 2.000 49.088 -4.349 1.414 49.909 0.173 1.414
3 15 49.909 0.173 1.414 48.495 0.153 2.000 47.771 -3.832 2.000
3 15 47.081 0.133 1.414 48.495 0.153 2.000 47.657 4.116 2.000
3 15 47.657 4.116 2.000 46.356 3.562 1.414 47.081 0.133 1.414
3 15 46.495 0.124 0.000 47.081 0.133 1.414 46.356 3.562 1.414
3 15 46.356 3.562 1.414 45.817 3.333 0.000 46.495 0.124 0.000
3 15 47.081 0.133 -1.414 46.495 0.124 0.000 45.817 3.333 0.000
3 15 45.817 3.333 0.000 46.356 3.562 -1.414 47.081 0.133 -1.414
3 15 48.495 0.153 -2.000 47.081 0.133 -1.414 46.356 3.562 -1.414
3 15 46.356 3.562 -1.414 47.657 4.116 -2.000 48.495 0.153 -2.000
3 15 49.909 0.173 -1.414 48.495 0.153 -2.000 47.657 4.116 -2.000
3 15 47.657 4.116 -2.000 48.958 4.671 -1.414 49.909 0.173 -1.414
3 15 50.495 0.182 0.000 49.909 0.173 -1.414 48.958 4.671 -1.414
3 15 48.958 4.671 -1.414 49.497 4.900 0.000 50.495 0.182 0.000
3 15 49.909 0.173 1.414 50.495 0.182 0.000 49.497 4.900 0.000
3 15 49.497 4.900 0.000 48.958 4.671 1.414 49.909 0.173 1.414
3 15 48.495 0.153 2.000 49.909 0.173 1.414 48.958 4.671 1.414
3 15 48.958 4.671 1.414 47.657 4.116 2.000 48.495 0.153 2.000
3 15 46.356 3.562 1.414 47.657 4.116 2.000 45.379 7.467 2.000
3 15 45.379 7.467 2.000 44.385 6.461 1.414 46.356 3.562 1.414
3 15 45.817 3.333 0.000 46.356 3.562 1.414 44.385 6.461 1.414
3 15 44.385 6.461 1.414 43.973 6.045 0.000 45.817 3.333 0.000
3 15 46.356 3.562 -1.414 45.817 3.333 0.000 43.973 6.045 0.000
3 15 43.973 6.045 0.000 44.385 6.461 -1.414 46.356 3.562 -1.414
3 15 47.657 4.116 -2.000 46.356 3.562 -1.414 44.385 6.461 -1.414
3 15 44.385 6.461 -1.414 45.379 7.467 -2.000 47.657 4.116 -2.000
3 15 48.958 4.671 -1.414 47.657 4.116 -2.000 45.379 7.467 -2.000
3 15 45.379 7.467 -2.000 46.374 8.472 -1.414 48.958 4.671 -1.414
3 15 49.497 4.900 0.000 48.958 4.671 -1.414 46.374 8.472 -1.414
3 15 46.374 8.472 -1.414 46.786 8.889 0.000 49.497 4.900 0.000
3 15 48.958 4.671 1.414 49.497 4.900 0.000 46.786 8.889 0.000
3 15 46.786 8.889 0.000 46.374 8.472 1.414 48.958 4.671 1.414
3 15 47.657 4.116 2.000 48.958 4.671 1.414 46.374 8.472 1.414
3 15 46.374 8.472 1.414 45.379 7.467 2.000 47.657 4.116 2.000
3 15 44.385 6.461 1.414 45.379 7.467 2.000 42.003 9.706 2.000
3 15 42.003 9.706 2.000 41.463 8.399 1.414 44.385 6.461 1.414
3 15 43.973 6.045 0.000 44.385 6.461 1.414 41.463 8.399 1.414
3 15 41.463 8.399 1.414 41.239 7.858 0.000 43.973 6.045 0.000
3 15 44.385 6.461 -1.414 43.973 6.045 0.000 41.239 7.858 0.000
3 15 41.239 7.858 0.000 41.463 8.399 -1.414 44.385 6.461 -1.414
3 15 45.379 7.467 -2.000 44.385 6.461 -1.414 41.463 8.399 -1.414
3 15 41.463 8.399 -1.414 42.003 9.706 -2.000 45.379 7.467 -2.000
3 15 46.374 8.472 -1.414 45.379 7.467 -2.000 42.003 9.706 -2.000
3 15 42.003 9.706 -2.000 42.543 11.013 -1.414 46.374 8.472 -1.414
3 15 46.786 8.889 0.000 46.374 8.472 -1.414 42.543 11.013 -1.414
3 15 42.543 11.013 -1.414 42.767 11.555 0.000 46.786 8.889 0.000
3 15 46.374 8.472 1.414 46.786 8.889 0.000 42.767 11.555 0.000
3 15 42.767 11.555 0.000 42.543 11.013 1.414 46.374 8.472 1.414
3 15 45.379 7.467 2.000 46.374 8.472 1.414 42.543 11.013 1.414
3 15 42.543 11.013 1.414 42.003 9.706 2.000 45.379 7.467 2.000
3 15 41.463 8.399 1.414 42.003 9.706 2.000 38.030 10.503 2.000
3 15 38.030 10.503 2.000 37.917 9.094 1.414 41.463 8.399 1.414
3 15 41.239 7.858 0.000 41.463 8.399 1.414 37.917 9.094 1.414
3 15 37.917 9.094 1.414 37.870 8.510 0.000 41.239 7.858 0.000
3 15 41.463 8.399 -1.414 41.239 7.858 0.000 37.870 8.510 0.000
3 15 37.870 8.510 0.000 37.917 9.094 -1.414 41.463 8.399 -1.414
3 15 42.003 9.706 -2.000 41.463 8.399 -1.414 37.917 9.094 -1.414
3 15 37.917 9.094 -1.414 38.030 10.503 -2.000 42.003 9.706 -2.000
3 15 42.543 11.013 -1.414 42.003 9.706 -2.000 38.030 10.503 -2.000
3 15 38.030 10.503 -2.000 38.142 11.913 -1.414 42.543 11.013 -1.414
3 15 42.767 11.555 0.000 42.543 11.013 -1.414 38.142 11.913 -1.414
3 15 38.142 11.913 -1.414 38.189 12.497 0.000 42.767 11.555 0.000
3 15 42.543 11.013 1.414 42.767 11.555 0.000 38.189 12.497 0.000
3 15 38.189 12.497 0.000 38.142 11.913 1.414 42.543 11.013 1.414
3 15 42.003 9.706 2.000 42.543 11.013 1.414 38.142 11.913 1.414
3 15 38.142 11.913 1.414 38.030 10.503 2.000 42.003 9.706 2.000
3 15 37.917 9.094 1.414 38.030 10.503 2.000 29.882 10.187 2.000
3 15 29.882 10.187 2.000 29.937 8.774 1.414 37.917 9.094 1.414
3 15 37.870 8.510 0.000 37.917 9.094 1.414 29.937 8.774 1.414
3 15 29.937 8.774 1.414 29.960 8.189 0.000 37.870 8.510 0.000
3 15 37.917 9.094 -1.414 37.870 8.510 0.000 29.960 8.189 0.000
3 15 29.960 8.189 0.000 29.937 8.774 -1.414 37.917 9.094 -1.414
3 15 38.030 10.503 -2.000 37.917 9.094 -1.414 29.937 8.774 -1.414
3 15 29.937 8.774 -1.414 29.882 10.187 -2.000 38.030 10.503 -2.000
3 15 38.142 11.913 -1.414 38.030 10.503 -2.000 29.882 10.187 -2.000
3 15 29.882 10.187 -2.000 29.827 11.601 -1.414 38.142 11.913 -1.414
3 15 38.189 12.497 0.000 38.142 11.913 -1.414 29.827 11.601 -1.414
3 15 29.827 11.601 -1.414 29.804 12.186 0.000 38.189 12.497 0.000
3 15 38.142 11.913 1.414 38.189 12.497 0.000 29.804 12.186 0.000
3 15 29.804 12.186 0.000 29.827 11.601 1.414 38.142 11.913 1.414
3 15 38.030 10.503 2.000 38.142 11.913 1.414 29.827 11.601 1.414
3 15 29.827 11.601 1.414 29.882 10.187 2.000 38.030 10.503 2.000
3 15 29.937 8.774 1.414 29.882 10.187 2.000 1.866 9.081 2.000
3 15 1.866 9.081 2.000 1.956 7.669 1.414 29.937 8.774 1.414
3 15 29.960 8.189 0.000 29.937 8.774 1.414 1.956 7.669 1.414
3 15 1.956 7.669 1.414 1.993 7.085 0.000 29.960 8.189 0.000
3 15 29.937 8.774 -1.414 29.960 8.189 0.000 1.993 7.085 0.000
3 15 1.993 7.085 0.000 1.956 7.669 -1.414 29.937 8.774 -1.414
3 15 29.882 10.187 -2.000 29.937 8.774 -1.414 1.956 7.669 -1.414
3 15 1.956 7.669 -1.414 1.866 9.081 -2.000 29.882 10.187 -2.000
3 15 29.827 11.601 -1.414 29.882 10.187 -2.000 1.866 9.081 -2.000
3 15 1.866 9.081 -2.000 1.776 10.492 -1.414 29.827 11.601 -1.414
3 15 29.804 12.186 0.000 29.827 11.601 -1.414 1.776 10.492 -1.414
3 15 1.776 10.492 -1.414 1.739 11.077 0.000 29.804 12.186 0.000
3 15 29.827 11.601 1.414 29.804 12.186 0.000 1.739 11.077 0.000
3 15 1.739 11.077 0.000 1.776 10.492 1.414 29.827 11.601 1.414
3 15 29.882 10.187 2.000 29.827 11.601 1.414 1.776 10.492 1.414
3 15 1.776 10.492 1.414 1.866 9.081 2.000 29.882 10.187 2.000
3 15 1.956 7.669 1.414 1.866 9.081 2.000 -2.187 8.726 2.000
3 15 -2.187 8.726 2.000 -1.797 7.366 1.414 1.956 7.669 1.414
3 15 1.993 7.085 0.000 1.956 7.669 1.414 -1.797 7.366 1.414
3 15 -1.797 7.366 1.414 -1.635 6.803 0.000 1.993 7.085 0.000
3 15 1.956 7.669 -1.414 1.993 7.085 0.000 -1.635 6.803 0.000
3 15 -1.635 6.803 0.000 -1.797 7.366 -1.414 1.956 7.669 -1.414
3 15 1.866 9.081 -2.000 1.956 7.669 -1.414 -1.797 7.366 -1.414
3 15 -1.797 7.366 -1.414 -2.187 8.726 -2.000 1.866 9.081 -2.000
3 15 1.776 10.492 -1.414 1.866 9.081 -2.000 -2.187 8.726 -2.000
3 15 -2.187 8.726 -2.000 -2.576 10.085 -1.414 1.776 10.492 -1.414
3 15 1.739 11.077 0.000 1.776 10.492 -1.414 -2.576 10.085 -1.414
3 15 -2.576 10.085 -1.414 -2.738 10.648 0.000 1.739 11.077 0.000
3 15 1.776 10.492 1.414 1.739 11.077 0.000 -2.738 10.648 0.000
3 15 -2.738 10.648 0.000 -2.576 10.085 1.414 1.776 10.492 1.414
3 15 1.866 9.081 2.000 1.776 10.492 1.414 -2.576 10.085 1.414
3 15 -2.576 10.085 1.414 -2.187 8.726 2.000 1.866 9.081 2.000
3 15 -1.797 7.366 1.414 -2.187 8.726 2.000 -5.788 6.890 2.000
3 15 -5.788 6.890 2.000 -4.879 5.807 1.414 -1.797 7.366 1.414
3 15 -1.635 6.803 0.000 -1.797 7.366 1.414 -4.879 5.807 1.414
3 15 -4.879 5.807 1.414 -4.502 5.358 0.000 -1.635 6.803 0.000
3 15 -1.797 7.366 -1.414 -1.635 6.803 0.000 -4.502 5.358 0.000
3 15 -4.502 5.358 0.000 -4.879 5.807 -1.414 -1.797 7.366 -1.414
3 15 -2.187 8.726 -2.000 -1.797 7.366 -1.414 -4.879 5.807 -1.414
3 15 -4.879 5.807 -1.414 -5.788 6.890 -2.000 -2.187 8.726 -2.000
3 15 -2.576 10.085 -1.414 -2.187 8.726 -2.000 -5.788 6.890 -2.000
3 15 -5.788 6.890 -2.000 -6.697 7.974 -1.414 -2.576 10.085 -1.414
3 15 -2.738 10.648 0.000 -2.576 10.085 -1.414 -6.697 7.974 -1.414
3 15 -6.697 7.974 -1.414 -7.073 8.423 0.000 -2.738 10.648 0.000
3 15 -2.576 10.085 1.414 -2.738 10.648 0.000 -7.073 8.423 0.000
3 15 -7.073 8.423 0.000 -6.697 7.974 1.414 -2.576 10.085 1.414
3 15 -2.187 8.726 2.000 -2.576 10.085 1.414 -6.697 7.974 1.414
3 15 -6.697 7.974 1.414 -5.788 6.890 2.000 -2.187 8.726 2.000
3 15 -4.879 5.807 1.414 -5.788 6.890 2.000 -8.221 3.662 2.000
3 15 -8.221 3.662 2.000 -6.935 3.076 1.414 -4.879 5.807 1.414
3 15 -4.502 5.358 0.000 -4.879 5.807 1.414 -6.935 3.076 1.414
3 15 -6.935 3.076 1.414 -6.402 2.833 0.000 -4.502 5.358 0.000
3 15 -4.879 5.807 -1.414 -4.502 5.358 0.000 -6.402 2.833 0.000
3 15 -6.402 2.833 0.000 -6.935 3.076 -1.414 -4.879 5.807 -1.414
3 15 -5.788 6.890 -2.000 -4.879 5.807 -1.414 -6.935 3.076 -1.414
3 15 -6.935 3.076 -1.414 -8.221 3.662 -2.000 -5.788 6.890 -2.000
3 15 -6.697 7.974 -1.414 -5.788 6.890 -2.000 -8.221 3.662 -2.000
3 15 -8.221 3.662 -2.000 -9.508 4.249 -1.414 -6.697 7.974 -1.414
3 15 -7.073 8.423 0.000 -6.697 7.974 -1.414 -9.508 4.249 -1.414
3 15 -9.508 4.249 -1.414 -10.041 4.492 0.000 -7.073 8.423 0.000
3 15 -6.697 7.974 1.414 -7.073 8.423 0.000 -10.041 4.492 0.000
3 15 -10.041 4.492 0.000 -9.508 4.249 1.414 -6.697 7.974 1.414
3 15 -5.788 6.890 2.000 -6.697 7.974 1.414 -9.508 4.249 1.414
3 15 -9.508 4.249 1.414 -8.221 3.662 2.000 -5.788 6.890 2.000
3 15 -6.935 3.076 1.414 -8.221 3.662 2.000 -9.000 0.000 2.000
3 15 -9.000 0.000 2.000 -7.586 0.000 1.414 -6.935 3.076 1.414
3 15 -6.402 2.833 0.000 -6.935 3.076 1.414 -7.586 0.000 1.414
3 15 -7.586 0.000 1.414 -7.000 0.000 0.000 -6.402 2.833 0.000
3 15 -6.935 3.076 -1.414 -6.402 2.833 0.000 -7.000 0.000 0.000
3 15 -7.000 0.000 0.000 -7.586 0.000 -1.414 -6.935 3.076 -1.414
3 15 -8.221 3.662 -2.000 -6.935 3.076 -1.414 -7.586 0.000 -1.414
3 15 -7.586 0.000 -1.414 -9.000 0.000 -2.000 -8.221 3.662 -2.000
3 15 -9.508 4.249 -1.414 -8.221 3.662 -2.000 -9.000 0.000 -2.000
3 15 -9.000 0.000 -2.000 -10.414 0.000 -1.414 -9.508 4.249 -1.414
3 15 -10.041 4.492 0.000 -9.508 4.249 -1.414 -10.414 0.000 -1.414
3 15 -10.414 0.000 -1.414 -11.000 0.000 0.000 -10.041 4.492 0.000
3 15 -9.508 4.249 1.414 -10.041 4.492 0.000 -11.000 0.000 0.000
3 15 -11.000 0.000 0.000 -10.414 0.000 1.414 -9.508 4.249 1.414
3 15 -8.221 3.662 2.000 -9.508 4.249 1.414 -10.414 0.000 1.414
3 15 -10.414 0.000 1.414 -9.000 0.000 2.000 -8.221 3.662 2.000
