0 FILE xpj0105.dat
0 xpj0105
0 Name:  UntitledModel
0 Author:  
0 BL_Item_No xpj0105.dat
0 BFC CERTIFY CCW
3 324 -28.086 1.000 1.414 -29.500 1.000 2.000 -29.232 -3.031 2.000
3 324 -29.232 -3.031 2.000 -27.830 -2.844 1.414 -28.086 1.000 1.414
3 324 -27.500 1.000 0.000 -28.086 1.000 1.414 -27.830 -2.844 1.414
3 324 -27.830 -2.844 1.414 -27.250 -2.766 0.000 -27.500 1.000 0.000
3 324 -28.086 1.000 -1.414 -27.500 1.000 0.000 -27.250 -2.766 0.000
3 324 -27.250 -2.766 0.000 -27.830 -2.844 -1.414 -28.086 1.000 -1.414
3 324 -29.500 1.000 -2.000 -28.086 1.000 -1.414 -27.830 -2.844 -1.414
3 324 -27.830 -2.844 -1.414 -29.232 -3.031 -2.000 -29.500 1.000 -2.000
3 324 -30.914 1.000 -1.414 -29.500 1.000 -2.000 -29.232 -3.031 -2.000
3 324 -29.232 -3.031 -2.000 -30.634 -3.218 -1.414 -30.914 1.000 -1.414
3 324 -31.500 1.000 0.000 -30.914 1.000 -1.414 -30.634 -3.218 -1.414
3 324 -30.634 -3.218 -1.414 -31.215 -3.295 0.000 -31.500 1.000 0.000
3 324 -30.914 1.000 1.414 -31.500 1.000 0.000 -31.215 -3.295 0.000
3 324 -31.215 -3.295 0.000 -30.634 -3.218 1.414 -30.914 1.000 1.414
3 324 -29.500 1.000 2.000 -30.914 1.000 1.414 -30.634 -3.218 1.414
3 324 -30.634 -3.218 1.414 -29.232 -3.031 2.000 -29.500 1.000 2.000
3 324 -27.830 -2.844 1.414 -29.232 -3.031 2.000 -28.434 -6.991 2.000
3 324 -28.434 -6.991 2.000 -27.069 -6.620 1.414 -27.830 -2.844 1.414
3 324 -27.250 -2.766 0.000 -27.830 -2.844 1.414 -27.069 -6.620 1.414
3 324 -27.069 -6.620 1.414 -26.504 -6.467 0.000 -27.250 -2.766 0.000
3 324 -27.830 -2.844 -1.414 -27.250 -2.766 0.000 -26.504 -6.467 0.000
3 324 -26.504 -6.467 0.000 -27.069 -6.620 -1.414 -27.830 -2.844 -1.414
3 324 -29.232 -3.031 -2.000 -27.830 -2.844 -1.414 -27.069 -6.620 -1.414
3 324 -27.069 -6.620 -1.414 -28.434 -6.991 -2.000 -29.232 -3.031 -2.000
3 324 -30.634 -3.218 -1.414 -29.232 -3.031 -2.000 -28.434 -6.991 -2.000
3 324 -28.434 -6.991 -2.000 -29.799 -7.361 -1.414 -30.634 -3.218 -1.414
3 324 -31.215 -3.295 0.000 -30.634 -3.218 -1.414 -29.799 -7.361 -1.414
3 324 -29.799 -7.361 -1.414 -30.364 -7.515 0.000 -31.215 -3.295 0.000
3 324 -30.634 -3.218 1.414 -31.215 -3.295 0.000 -30.364 -7.515 0.000
3 324 -30.364 -7.515 0.000 -29.799 -7.361 1.414 -30.634 -3.218 1.414
3 324 -29.232 -3.031 2.000 -30.634 -3.218 1.414 -29.799 -7.361 1.414
3 324 -29.799 -7.361 1.414 -28.434 -6.991 2.000 -29.232 -3.031 2.000
3 324 -27.069 -6.620 1.414 -28.434 -6.991 2.000 -27.119 -10.810 2.000
3 324 -27.119 -10.810 2.000 -25.816 -10.263 1.414 -27.069 -6.620 1.414
3 324 -26.504 -6.467 0.000 -27.069 -6.620 1.414 -25.816 -10.263 1.414
3 324 -25.816 -10.263 1.414 -25.275 -10.036 0.000 -26.504 -6.467 0.000
3 324 -27.069 -6.620 -1.414 -26.504 -6.467 0.000 -25.275 -10.036 0.000
3 324 -25.275 -10.036 0.000 -25.816 -10.263 -1.414 -27.069 -6.620 -1.414
3 324 -28.434 -6.991 -2.000 -27.069 -6.620 -1.414 -25.816 -10.263 -1.414
3 324 -25.816 -10.263 -1.414 -27.119 -10.810 -2.000 -28.434 -6.991 -2.000
3 324 -29.799 -7.361 -1.414 -28.434 -6.991 -2.000 -27.119 -10.810 -2.000
3 324 -27.119 -10.810 -2.000 -28.423 -11.358 -1.414 -29.799 -7.361 -1.414
3 324 -30.364 -7.515 0.000 -29.799 -7.361 -1.414 -28.423 -11.358 -1.414
3 324 -28.423 -11.358 -1.414 -28.963 -11.585 0.000 -30.364 -7.515 0.000
3 324 -29.799 -7.361 1.414 -30.364 -7.515 0.000 -28.963 -11.585 0.000
3 324 -28.963 -11.585 0.000 -28.423 -11.358 1.414 -29.799 -7.361 1.414
3 324 -28.434 -6.991 2.000 -29.799 -7.361 1.414 -28.423 -11.358 1.414
3 324 -28.423 -11.358 1.414 -27.119 -10.810 2.000 -28.434 -6.991 2.000
3 324 -25.816 -10.263 1.414 -27.119 -10.810 2.000 -25.312 -14.423 2.000
3 324 -25.312 -14.423 2.000 -24.092 -13.708 1.414 -25.816 -10.263 1.414
3 324 -25.275 -10.036 0.000 -25.816 -10.263 1.414 -24.092 -13.708 1.414
3 324 -24.092 -13.708 1.414 -23.586 -13.412 0.000 -25.275 -10.036 0.000
3 324 -25.816 -10.263 -1.414 -25.275 -10.036 0.000 -23.586 -13.412 0.000
3 324 -23.586 -13.412 0.000 -24.092 -13.708 -1.414 -25.816 -10.263 -1.414
3 324 -27.119 -10.810 -2.000 -25.816 -10.263 -1.414 -24.092 -13.708 -1.414
3 324 -24.092 -13.708 -1.414 -25.312 -14.423 -2.000 -27.119 -10.810 -2.000
3 324 -28.423 -11.358 -1.414 -27.119 -10.810 -2.000 -25.312 -14.423 -2.000
3 324 -25.312 -14.423 -2.000 -26.532 -15.138 -1.414 -28.423 -11.358 -1.414
3 324 -28.963 -11.585 0.000 -28.423 -11.358 -1.414 -26.532 -15.138 -1.414
3 324 -26.532 -15.138 -1.414 -27.037 -15.434 0.000 -28.963 -11.585 0.000
3 324 -28.423 -11.358 1.414 -28.963 -11.585 0.000 -27.037 -15.434 0.000
3 324 -27.037 -15.434 0.000 -26.532 -15.138 1.414 -28.423 -11.358 1.414
3 324 -27.119 -10.810 2.000 -28.423 -11.358 1.414 -26.532 -15.138 1.414
3 324 -26.532 -15.138 1.414 -25.312 -14.423 2.000 -27.119 -10.810 2.000
3 324 -24.092 -13.708 1.414 -25.312 -14.423 2.000 -23.043 -17.765 2.000
3 324 -23.043 -17.765 2.000 -21.928 -16.895 1.414 -24.092 -13.708 1.414
3 324 -23.586 -13.412 0.000 -24.092 -13.708 1.414 -21.928 -16.895 1.414
3 324 -21.928 -16.895 1.414 -21.466 -16.534 0.000 -23.586 -13.412 0.000
3 324 -24.092 -13.708 -1.414 -23.586 -13.412 0.000 -21.466 -16.534 0.000
3 324 -21.466 -16.534 0.000 -21.928 -16.895 -1.414 -24.092 -13.708 -1.414
3 324 -25.312 -14.423 -2.000 -24.092 -13.708 -1.414 -21.928 -16.895 -1.414
3 324 -21.928 -16.895 -1.414 -23.043 -17.765 -2.000 -25.312 -14.423 -2.000
3 324 -26.532 -15.138 -1.414 -25.312 -14.423 -2.000 -23.043 -17.765 -2.000
3 324 -23.043 -17.765 -2.000 -24.157 -18.635 -1.414 -26.532 -15.138 -1.414
3 324 -27.037 -15.434 0.000 -26.532 -15.138 -1.414 -24.157 -18.635 -1.414
3 324 -24.157 -18.635 -1.414 -24.619 -18.996 0.000 -27.037 -15.434 0.000
3 324 -26.532 -15.138 1.414 -27.037 -15.434 0.000 -24.619 -18.996 0.000
3 324 -24.619 -18.996 0.000 -24.157 -18.635 1.414 -26.532 -15.138 1.414
3 324 -25.312 -14.423 2.000 -26.532 -15.138 1.414 -24.157 -18.635 1.414
3 324 -24.157 -18.635 1.414 -23.043 -17.765 2.000 -25.312 -14.423 2.000
3 324 -21.928 -16.895 1.414 -23.043 -17.765 2.000 -20.352 -20.778 2.000
3 324 -20.352 -20.778 2.000 -19.362 -19.768 1.414 -21.928 -16.895 1.414
3 324 -21.466 -16.534 0.000 -21.928 -16.895 1.414 -19.362 -19.768 1.414
3 324 -19.362 -19.768 1.414 -18.951 -19.350 0.000 -21.466 -16.534 0.000
3 324 -21.928 -16.895 -1.414 -21.466 -16.534 0.000 -18.951 -19.350 0.000
3 324 -18.951 -19.350 0.000 -19.362 -19.768 -1.414 -21.928 -16.895 -1.414
3 324 -23.043 -17.765 -2.000 -21.928 -16.895 -1.414 -19.362 -19.768 -1.414
3 324 -19.362 -19.768 -1.414 -20.352 -20.778 -2.000 -23.043 -17.765 -2.000
3 324 -24.157 -18.635 -1.414 -23.043 -17.765 -2.000 -20.352 -20.778 -2.000
3 324 -20.352 -20.778 -2.000 -21.342 -21.788 -1.414 -24.157 -18.635 -1.414
3 324 -24.619 -18.996 0.000 -24.157 -18.635 -1.414 -21.342 -21.788 -1.414
3 324 -21.342 -21.788 -1.414 -21.752 -22.206 0.000 -24.619 -18.996 0.000
3 324 -24.157 -18.635 1.414 -24.619 -18.996 0.000 -21.752 -22.206 0.000
3 324 -21.752 -22.206 0.000 -21.342 -21.788 1.414 -24.157 -18.635 1.414
3 324 -23.043 -17.765 2.000 -24.157 -18.635 1.414 -21.342 -21.788 1.414
3 324 -21.342 -21.788 1.414 -20.352 -20.778 2.000 -23.043 -17.765 2.000
3 324 -19.362 -19.768 1.414 -20.352 -20.778 2.000 -17.286 -23.408 2.000
3 324 -17.286 -23.408 2.000 -16.438 -22.277 1.414 -19.362 -19.768 1.414
3 324 -18.951 -19.350 0.000 -19.362 -19.768 1.414 -16.438 -22.277 1.414
3 324 -16.438 -22.277 1.414 -16.087 -21.808 0.000 -18.951 -19.350 0.000
3 324 -19.362 -19.768 -1.414 -18.951 -19.350 0.000 -16.087 -21.808 0.000
3 324 -16.087 -21.808 0.000 -16.438 -22.277 -1.414 -19.362 -19.768 -1.414
3 324 -20.352 -20.778 -2.000 -19.362 -19.768 -1.414 -16.438 -22.277 -1.414
3 324 -16.438 -22.277 -1.414 -17.286 -23.408 -2.000 -20.352 -20.778 -2.000
3 324 -21.342 -21.788 -1.414 -20.352 -20.778 -2.000 -17.286 -23.408 -2.000
3 324 -17.286 -23.408 -2.000 -18.134 -24.540 -1.414 -21.342 -21.788 -1.414
3 324 -21.752 -22.206 0.000 -21.342 -21.788 -1.414 -18.134 -24.540 -1.414
3 324 -18.134 -24.540 -1.414 -18.485 -25.009 0.000 -21.752 -22.206 0.000
3 324 -21.342 -21.788 1.414 -21.752 -22.206 0.000 -18.485 -25.009 0.000
3 324 -18.485 -25.009 0.000 -18.134 -24.540 1.414 -21.342 -21.788 1.414
3 324 -20.352 -20.778 2.000 -21.342 -21.788 1.414 -18.134 -24.540 1.414
3 324 -18.134 -24.540 1.414 -17.286 -23.408 2.000 -20.352 -20.778 2.000
3 324 -16.438 -22.277 1.414 -17.286 -23.408 2.000 -13.900 -25.611 2.000
3 324 -13.900 -25.611 2.000 -13.209 -24.377 1.414 -16.438 -22.277 1.414
3 324 -16.087 -21.808 0.000 -16.438 -22.277 1.414 -13.209 -24.377 1.414
3 324 -13.209 -24.377 1.414 -12.923 -23.866 0.000 -16.087 -21.808 0.000
3 324 -16.438 -22.277 -1.414 -16.087 -21.808 0.000 -12.923 -23.866 0.000
3 324 -12.923 -23.866 0.000 -13.209 -24.377 -1.414 -16.438 -22.277 -1.414
3 324 -17.286 -23.408 -2.000 -16.438 -22.277 -1.414 -13.209 -24.377 -1.414
3 324 -13.209 -24.377 -1.414 -13.900 -25.611 -2.000 -17.286 -23.408 -2.000
3 324 -18.134 -24.540 -1.414 -17.286 -23.408 -2.000 -13.900 -25.611 -2.000
3 324 -13.900 -25.611 -2.000 -14.591 -26.845 -1.414 -18.134 -24.540 -1.414
3 324 -18.485 -25.009 0.000 -18.134 -24.540 -1.414 -14.591 -26.845 -1.414
3 324 -14.591 -26.845 -1.414 -14.877 -27.356 0.000 -18.485 -25.009 0.000
3 324 -18.134 -24.540 1.414 -18.485 -25.009 0.000 -14.877 -27.356 0.000
3 324 -14.877 -27.356 0.000 -14.591 -26.845 1.414 -18.134 -24.540 1.414
3 324 -17.286 -23.408 2.000 -18.134 -24.540 1.414 -14.591 -26.845 1.414
3 324 -14.591 -26.845 1.414 -13.900 -25.611 2.000 -17.286 -23.408 2.000
3 324 -13.209 -24.377 1.414 -13.900 -25.611 2.000 -10.253 -27.347 2.000
3 324 -10.253 -27.347 2.000 -9.731 -26.032 1.414 -13.209 -24.377 1.414
3 324 -12.923 -23.866 0.000 -13.209 -24.377 1.414 -9.731 -26.032 1.414
3 324 -9.731 -26.032 1.414 -9.515 -25.488 0.000 -12.923 -23.866 0.000
3 324 -13.209 -24.377 -1.414 -12.923 -23.866 0.000 -9.515 -25.488 0.000
3 324 -9.515 -25.488 0.000 -9.731 -26.032 -1.414 -13.209 -24.377 -1.414
3 324 -13.900 -25.611 -2.000 -13.209 -24.377 -1.414 -9.731 -26.032 -1.414
3 324 -9.731 -26.032 -1.414 -10.253 -27.347 -2.000 -13.900 -25.611 -2.000
3 324 -14.591 -26.845 -1.414 -13.900 -25.611 -2.000 -10.253 -27.347 -2.000
3 324 -10.253 -27.347 -2.000 -10.774 -28.661 -1.414 -14.591 -26.845 -1.414
3 324 -14.877 -27.356 0.000 -14.591 -26.845 -1.414 -10.774 -28.661 -1.414
3 324 -10.774 -28.661 -1.414 -10.991 -29.206 0.000 -14.877 -27.356 0.000
3 324 -14.591 -26.845 1.414 -14.877 -27.356 0.000 -10.991 -29.206 0.000
3 324 -10.991 -29.206 0.000 -10.774 -28.661 1.414 -14.591 -26.845 1.414
3 324 -13.900 -25.611 2.000 -14.591 -26.845 1.414 -10.774 -28.661 1.414
3 324 -10.774 -28.661 1.414 -10.253 -27.347 2.000 -13.900 -25.611 2.000
3 324 -9.731 -26.032 1.414 -10.253 -27.347 2.000 -6.408 -28.586 2.000
3 324 -6.408 -28.586 2.000 -6.064 -27.214 1.414 -9.731 -26.032 1.414
3 324 -9.515 -25.488 0.000 -9.731 -26.032 1.414 -6.064 -27.214 1.414
3 324 -6.064 -27.214 1.414 -5.922 -26.645 0.000 -9.515 -25.488 0.000
3 324 -9.731 -26.032 -1.414 -9.515 -25.488 0.000 -5.922 -26.645 0.000
3 324 -5.922 -26.645 0.000 -6.064 -27.214 -1.414 -9.731 -26.032 -1.414
3 324 -10.253 -27.347 -2.000 -9.731 -26.032 -1.414 -6.064 -27.214 -1.414
3 324 -6.064 -27.214 -1.414 -6.408 -28.586 -2.000 -10.253 -27.347 -2.000
3 324 -10.774 -28.661 -1.414 -10.253 -27.347 -2.000 -6.408 -28.586 -2.000
3 324 -6.408 -28.586 -2.000 -6.751 -29.957 -1.414 -10.774 -28.661 -1.414
3 324 -10.991 -29.206 0.000 -10.774 -28.661 -1.414 -6.751 -29.957 -1.414
3 324 -6.751 -29.957 -1.414 -6.893 -30.526 0.000 -10.991 -29.206 0.000
3 324 -10.774 -28.661 1.414 -10.991 -29.206 0.000 -6.893 -30.526 0.000
3 324 -6.893 -30.526 0.000 -6.751 -29.957 1.414 -10.774 -28.661 1.414
3 324 -10.253 -27.347 2.000 -10.774 -28.661 1.414 -6.751 -29.957 1.414
3 324 -6.751 -29.957 1.414 -6.408 -28.586 2.000 -10.253 -27.347 2.000
3 324 -6.064 -27.214 1.414 -6.408 -28.586 2.000 -2.433 -29.305 2.000
3 324 -2.433 -29.305 2.000 -2.273 -27.900 1.414 -6.064 -27.214 1.414
3 324 -5.922 -26.645 0.000 -6.064 -27.214 1.414 -2.273 -27.900 1.414
3 324 -2.273 -27.900 1.414 -2.207 -27.318 0.000 -5.922 -26.645 0.000
3 324 -6.064 -27.214 -1.414 -5.922 -26.645 0.000 -2.207 -27.318 0.000
3 324 -2.207 -27.318 0.000 -2.273 -27.900 -1.414 -6.064 -27.214 -1.414
3 324 -6.408 -28.586 -2.000 -6.064 -27.214 -1.414 -2.273 -27.900 -1.414
3 324 -2.273 -27.900 -1.414 -2.433 -29.305 -2.000 -6.408 -28.586 -2.000
3 324 -6.751 -29.957 -1.414 -6.408 -28.586 -2.000 -2.433 -29.305 -2.000
3 324 -2.433 -29.305 -2.000 -2.593 -30.710 -1.414 -6.751 -29.957 -1.414
3 324 -6.893 -30.526 0.000 -6.751 -29.957 -1.414 -2.593 -30.710 -1.414
3 324 -2.593 -30.710 -1.414 -2.659 -31.292 0.000 -6.893 -30.526 0.000
3 324 -6.751 -29.957 1.414 -6.893 -30.526 0.000 -2.659 -31.292 0.000
3 324 -2.659 -31.292 0.000 -2.593 -30.710 1.414 -6.751 -29.957 1.414
3 324 -6.408 -28.586 2.000 -6.751 -29.957 1.414 -2.593 -30.710 1.414
3 324 -2.593 -30.710 1.414 -2.433 -29.305 2.000 -6.408 -28.586 2.000
3 324 -2.273 -27.900 1.414 -2.433 -29.305 2.000 1.603 -29.497 2.000
3 324 1.603 -29.497 2.000 1.633 -28.083 1.414 -2.273 -27.900 1.414
3 324 -2.207 -27.318 0.000 -2.273 -27.900 1.414 1.633 -28.083 1.414
3 324 1.633 -28.083 1.414 1.645 -27.498 0.000 -2.207 -27.318 0.000
3 324 -2.273 -27.900 -1.414 -2.207 -27.318 0.000 1.645 -27.498 0.000
3 324 1.645 -27.498 0.000 1.633 -28.083 -1.414 -2.273 -27.900 -1.414
3 324 -2.433 -29.305 -2.000 -2.273 -27.900 -1.414 1.633 -28.083 -1.414
3 324 1.633 -28.083 -1.414 1.603 -29.497 -2.000 -2.433 -29.305 -2.000
3 324 -2.593 -30.710 -1.414 -2.433 -29.305 -2.000 1.603 -29.497 -2.000
3 324 1.603 -29.497 -2.000 1.572 -30.911 -1.414 -2.593 -30.710 -1.414
3 324 -2.659 -31.292 0.000 -2.593 -30.710 -1.414 1.572 -30.911 -1.414
3 324 1.572 -30.911 -1.414 1.560 -31.497 0.000 -2.659 -31.292 0.000
3 324 -2.593 -30.710 1.414 -2.659 -31.292 0.000 1.560 -31.497 0.000
3 324 1.560 -31.497 0.000 1.572 -30.911 1.414 -2.593 -30.710 1.414
3 324 -2.433 -29.305 2.000 -2.593 -30.710 1.414 1.572 -30.911 1.414
3 324 1.572 -30.911 1.414 1.603 -29.497 2.000 -2.433 -29.305 2.000
3 324 1.633 -28.083 1.414 1.603 -29.497 2.000 42.026 -29.295 2.000
3 324 42.026 -29.295 2.000 42.019 -27.881 1.414 1.633 -28.083 1.414
3 324 1.645 -27.498 0.000 1.633 -28.083 1.414 42.019 -27.881 1.414
3 324 42.019 -27.881 1.414 42.016 -27.295 0.000 1.645 -27.498 0.000
3 324 1.633 -28.083 -1.414 1.645 -27.498 0.000 42.016 -27.295 0.000
3 324 42.016 -27.295 0.000 42.019 -27.881 -1.414 1.633 -28.083 -1.414
3 324 1.603 -29.497 -2.000 1.633 -28.083 -1.414 42.019 -27.881 -1.414
3 324 42.019 -27.881 -1.414 42.026 -29.295 -2.000 1.603 -29.497 -2.000
3 324 1.572 -30.911 -1.414 1.603 -29.497 -2.000 42.026 -29.295 -2.000
3 324 42.026 -29.295 -2.000 42.034 -30.709 -1.414 1.572 -30.911 -1.414
3 324 1.560 -31.497 0.000 1.572 -30.911 -1.414 42.034 -30.709 -1.414
3 324 42.034 -30.709 -1.414 42.036 -31.295 0.000 1.560 -31.497 0.000
3 324 1.572 -30.911 1.414 1.560 -31.497 0.000 42.036 -31.295 0.000
3 324 42.036 -31.295 0.000 42.034 -30.709 1.414 1.572 -30.911 1.414
3 324 1.603 -29.497 2.000 1.572 -30.911 1.414 42.034 -30.709 1.414
3 324 42.034 -30.709 1.414 42.026 -29.295 2.000 1.603 -29.497 2.000
3 324 42.019 -27.881 1.414 42.026 -29.295 2.000 81.950 -29.096 2.000
3 324 81.950 -29.096 2.000 81.943 -27.681 1.414 42.019 -27.881 1.414
3 324 42.016 -27.295 0.000 42.019 -27.881 1.414 81.943 -27.681 1.414
3 324 81.943 -27.681 1.414 81.940 -27.096 0.000 42.016 -27.295 0.000
3 324 42.019 -27.881 -1.414 42.016 -27.295 0.000 81.940 -27.096 0.000
3 324 81.940 -27.096 0.000 81.943 -27.681 -1.414 42.019 -27.881 -1.414
3 324 42.026 -29.295 -2.000 42.019 -27.881 -1.414 81.943 -27.681 -1.414
3 324 81.943 -27.681 -1.414 81.950 -29.096 -2.000 42.026 -29.295 -2.000
3 324 42.034 -30.709 -1.414 42.026 -29.295 -2.000 81.950 -29.096 -2.000
3 324 81.950 -29.096 -2.000 81.958 -30.510 -1.414 42.034 -30.709 -1.414
3 324 42.036 -31.295 0.000 42.034 -30.709 -1.414 81.958 -30.510 -1.414
3 324 81.958 -30.510 -1.414 81.961 -31.096 0.000 42.036 -31.295 0.000
3 324 42.034 -30.709 1.414 42.036 -31.295 0.000 81.961 -31.096 0.000
3 324 81.961 -31.096 0.000 81.958 -30.510 1.414 42.034 -30.709 1.414
3 324 42.026 -29.295 2.000 42.034 -30.709 1.414 81.958 -30.510 1.414
3 324 81.958 -30.510 1.414 81.950 -29.096 2.000 42.026 -29.295 2.000
3 324 81.943 -27.681 1.414 81.950 -29.096 2.000 102.162 -28.977 2.000
3 324 102.162 -28.977 2.000 102.083 -27.565 1.414 81.943 -27.681 1.414
3 324 81.940 -27.096 0.000 81.943 -27.681 1.414 102.083 -27.565 1.414
3 324 102.083 -27.565 1.414 102.050 -26.980 0.000 81.940 -27.096 0.000
3 324 81.943 -27.681 -1.414 81.940 -27.096 0.000 102.050 -26.980 0.000
3 324 102.050 -26.980 0.000 102.083 -27.565 -1.414 81.943 -27.681 -1.414
3 324 81.950 -29.096 -2.000 81.943 -27.681 -1.414 102.083 -27.565 -1.414
3 324 102.083 -27.565 -1.414 102.162 -28.977 -2.000 81.950 -29.096 -2.000
3 324 81.958 -30.510 -1.414 81.950 -29.096 -2.000 102.162 -28.977 -2.000
3 324 102.162 -28.977 -2.000 102.241 -30.389 -1.414 81.958 -30.510 -1.414
3 324 81.961 -31.096 0.000 81.958 -30.510 -1.414 102.241 -30.389 -1.414
3 324 102.241 -30.389 -1.414 102.274 -30.974 0.000 81.961 -31.096 0.000
3 324 81.958 -30.510 1.414 81.961 -31.096 0.000 102.274 -30.974 0.000
3 324 102.274 -30.974 0.000 102.241 -30.389 1.414 81.958 -30.510 1.414
3 324 81.950 -29.096 2.000 81.958 -30.510 1.414 102.241 -30.389 1.414
3 324 102.241 -30.389 1.414 102.162 -28.977 2.000 81.950 -29.096 2.000
3 324 102.083 -27.565 1.414 102.162 -28.977 2.000 106.179 -28.550 2.000
3 324 106.179 -28.550 2.000 105.935 -27.157 1.414 102.083 -27.565 1.414
3 324 102.050 -26.980 0.000 102.083 -27.565 1.414 105.935 -27.157 1.414
3 324 105.935 -27.157 1.414 105.834 -26.580 0.000 102.050 -26.980 0.000
3 324 102.083 -27.565 -1.414 102.050 -26.980 0.000 105.834 -26.580 0.000
3 324 105.834 -26.580 0.000 105.935 -27.157 -1.414 102.083 -27.565 -1.414
3 324 102.162 -28.977 -2.000 102.083 -27.565 -1.414 105.935 -27.157 -1.414
3 324 105.935 -27.157 -1.414 106.179 -28.550 -2.000 102.162 -28.977 -2.000
3 324 102.241 -30.389 -1.414 102.162 -28.977 -2.000 106.179 -28.550 -2.000
3 324 106.179 -28.550 -2.000 106.423 -29.943 -1.414 102.241 -30.389 -1.414
3 324 102.274 -30.974 0.000 102.241 -30.389 -1.414 106.423 -29.943 -1.414
3 324 106.423 -29.943 -1.414 106.525 -30.520 0.000 102.274 -30.974 0.000
3 324 102.241 -30.389 1.414 102.274 -30.974 0.000 106.525 -30.520 0.000
3 324 106.525 -30.520 0.000 106.423 -29.943 1.414 102.241 -30.389 1.414
3 324 102.162 -28.977 2.000 102.241 -30.389 1.414 106.423 -29.943 1.414
3 324 106.423 -29.943 1.414 106.179 -28.550 2.000 102.162 -28.977 2.000
3 324 105.935 -27.157 1.414 106.179 -28.550 2.000 110.102 -27.585 2.000
3 324 110.102 -27.585 2.000 109.673 -26.237 1.414 105.935 -27.157 1.414
3 324 105.834 -26.580 0.000 105.935 -27.157 1.414 109.673 -26.237 1.414
3 324 109.673 -26.237 1.414 109.495 -25.679 0.000 105.834 -26.580 0.000
3 324 105.935 -27.157 -1.414 105.834 -26.580 0.000 109.495 -25.679 0.000
3 324 109.495 -25.679 0.000 109.673 -26.237 -1.414 105.935 -27.157 -1.414
3 324 106.179 -28.550 -2.000 105.935 -27.157 -1.414 109.673 -26.237 -1.414
3 324 109.673 -26.237 -1.414 110.102 -27.585 -2.000 106.179 -28.550 -2.000
3 324 106.423 -29.943 -1.414 106.179 -28.550 -2.000 110.102 -27.585 -2.000
3 324 110.102 -27.585 -2.000 110.531 -28.932 -1.414 106.423 -29.943 -1.414
3 324 106.525 -30.520 0.000 106.423 -29.943 -1.414 110.531 -28.932 -1.414
3 324 110.531 -28.932 -1.414 110.709 -29.490 0.000 106.525 -30.520 0.000
3 324 106.423 -29.943 1.414 106.525 -30.520 0.000 110.709 -29.490 0.000
3 324 110.709 -29.490 0.000 110.531 -28.932 1.414 106.423 -29.943 1.414
3 324 106.179 -28.550 2.000 106.423 -29.943 1.414 110.531 -28.932 1.414
3 324 110.531 -28.932 1.414 110.102 -27.585 2.000 106.179 -28.550 2.000
3 324 109.673 -26.237 1.414 110.102 -27.585 2.000 113.860 -26.104 2.000
3 324 113.860 -26.104 2.000 113.254 -24.826 1.414 109.673 -26.237 1.414
3 324 109.495 -25.679 0.000 109.673 -26.237 1.414 113.254 -24.826 1.414
3 324 113.254 -24.826 1.414 113.003 -24.297 0.000 109.495 -25.679 0.000
3 324 109.673 -26.237 -1.414 109.495 -25.679 0.000 113.003 -24.297 0.000
3 324 113.003 -24.297 0.000 113.254 -24.826 -1.414 109.673 -26.237 -1.414
3 324 110.102 -27.585 -2.000 109.673 -26.237 -1.414 113.254 -24.826 -1.414
3 324 113.254 -24.826 -1.414 113.860 -26.104 -2.000 110.102 -27.585 -2.000
3 324 110.531 -28.932 -1.414 110.102 -27.585 -2.000 113.860 -26.104 -2.000
3 324 113.860 -26.104 -2.000 114.466 -27.382 -1.414 110.531 -28.932 -1.414
3 324 110.709 -29.490 0.000 110.531 -28.932 -1.414 114.466 -27.382 -1.414
3 324 114.466 -27.382 -1.414 114.717 -27.911 0.000 110.709 -29.490 0.000
3 324 110.531 -28.932 1.414 110.709 -29.490 0.000 114.717 -27.911 0.000
3 324 114.717 -27.911 0.000 114.466 -27.382 1.414 110.531 -28.932 1.414
3 324 110.102 -27.585 2.000 110.531 -28.932 1.414 114.466 -27.382 1.414
3 324 114.466 -27.382 1.414 113.860 -26.104 2.000 110.102 -27.585 2.000
3 324 113.254 -24.826 1.414 113.860 -26.104 2.000 117.386 -24.132 2.000
3 324 117.386 -24.132 2.000 116.614 -22.947 1.414 113.254 -24.826 1.414
3 324 113.003 -24.297 0.000 113.254 -24.826 1.414 116.614 -22.947 1.414
3 324 116.614 -22.947 1.414 116.294 -22.456 0.000 113.003 -24.297 0.000
3 324 113.254 -24.826 -1.414 113.003 -24.297 0.000 116.294 -22.456 0.000
3 324 116.294 -22.456 0.000 116.614 -22.947 -1.414 113.254 -24.826 -1.414
3 324 113.860 -26.104 -2.000 113.254 -24.826 -1.414 116.614 -22.947 -1.414
3 324 116.614 -22.947 -1.414 117.386 -24.132 -2.000 113.860 -26.104 -2.000
3 324 114.466 -27.382 -1.414 113.860 -26.104 -2.000 117.386 -24.132 -2.000
3 324 117.386 -24.132 -2.000 118.158 -25.317 -1.414 114.466 -27.382 -1.414
3 324 114.717 -27.911 0.000 114.466 -27.382 -1.414 118.158 -25.317 -1.414
3 324 118.158 -25.317 -1.414 118.477 -25.808 0.000 114.717 -27.911 0.000
3 324 114.466 -27.382 1.414 114.717 -27.911 0.000 118.477 -25.808 0.000
3 324 118.477 -25.808 0.000 118.158 -25.317 1.414 114.466 -27.382 1.414
3 324 113.860 -26.104 2.000 114.466 -27.382 1.414 118.158 -25.317 1.414
3 324 118.158 -25.317 1.414 117.386 -24.132 2.000 113.860 -26.104 2.000
3 324 116.614 -22.947 1.414 117.386 -24.132 2.000 120.614 -21.704 2.000
3 324 120.614 -21.704 2.000 119.690 -20.634 1.414 116.614 -22.947 1.414
3 324 116.294 -22.456 0.000 116.614 -22.947 1.414 119.690 -20.634 1.414
3 324 119.690 -20.634 1.414 119.307 -20.190 0.000 116.294 -22.456 0.000
3 324 116.614 -22.947 -1.414 116.294 -22.456 0.000 119.307 -20.190 0.000
3 324 119.307 -20.190 0.000 119.690 -20.634 -1.414 116.614 -22.947 -1.414
3 324 117.386 -24.132 -2.000 116.614 -22.947 -1.414 119.690 -20.634 -1.414
3 324 119.690 -20.634 -1.414 120.614 -21.704 -2.000 117.386 -24.132 -2.000
3 324 118.158 -25.317 -1.414 117.386 -24.132 -2.000 120.614 -21.704 -2.000
3 324 120.614 -21.704 -2.000 121.539 -22.774 -1.414 118.158 -25.317 -1.414
3 324 118.477 -25.808 0.000 118.158 -25.317 -1.414 121.539 -22.774 -1.414
3 324 121.539 -22.774 -1.414 121.922 -23.217 0.000 118.477 -25.808 0.000
3 324 118.158 -25.317 1.414 118.477 -25.808 0.000 121.922 -23.217 0.000
3 324 121.922 -23.217 0.000 121.539 -22.774 1.414 118.158 -25.317 1.414
3 324 117.386 -24.132 2.000 118.158 -25.317 1.414 121.539 -22.774 1.414
3 324 121.539 -22.774 1.414 120.614 -21.704 2.000 117.386 -24.132 2.000
3 324 119.690 -20.634 1.414 120.614 -21.704 2.000 123.485 -18.862 2.000
3 324 123.485 -18.862 2.000 122.426 -17.925 1.414 119.690 -20.634 1.414
3 324 119.307 -20.190 0.000 119.690 -20.634 1.414 122.426 -17.925 1.414
3 324 122.426 -17.925 1.414 121.987 -17.538 0.000 119.307 -20.190 0.000
3 324 119.690 -20.634 -1.414 119.307 -20.190 0.000 121.987 -17.538 0.000
3 324 121.987 -17.538 0.000 122.426 -17.925 -1.414 119.690 -20.634 -1.414
3 324 120.614 -21.704 -2.000 119.690 -20.634 -1.414 122.426 -17.925 -1.414
3 324 122.426 -17.925 -1.414 123.485 -18.862 -2.000 120.614 -21.704 -2.000
3 324 121.539 -22.774 -1.414 120.614 -21.704 -2.000 123.485 -18.862 -2.000
3 324 123.485 -18.862 -2.000 124.545 -19.798 -1.414 121.539 -22.774 -1.414
3 324 121.922 -23.217 0.000 121.539 -22.774 -1.414 124.545 -19.798 -1.414
3 324 124.545 -19.798 -1.414 124.984 -20.186 0.000 121.922 -23.217 0.000
3 324 121.539 -22.774 1.414 121.922 -23.217 0.000 124.984 -20.186 0.000
3 324 124.984 -20.186 0.000 124.545 -19.798 1.414 121.539 -22.774 1.414
3 324 120.614 -21.704 2.000 121.539 -22.774 1.414 124.545 -19.798 1.414
3 324 124.545 -19.798 1.414 123.485 -18.862 2.000 120.614 -21.704 2.000
3 324 122.426 -17.925 1.414 123.485 -18.862 2.000 125.951 -15.662 2.000
3 324 125.951 -15.662 2.000 124.776 -14.876 1.414 122.426 -17.925 1.414
3 324 121.987 -17.538 0.000 122.426 -17.925 1.414 124.776 -14.876 1.414
3 324 124.776 -14.876 1.414 124.289 -14.550 0.000 121.987 -17.538 0.000
3 324 122.426 -17.925 -1.414 121.987 -17.538 0.000 124.289 -14.550 0.000
3 324 124.289 -14.550 0.000 124.776 -14.876 -1.414 122.426 -17.925 -1.414
3 324 123.485 -18.862 -2.000 122.426 -17.925 -1.414 124.776 -14.876 -1.414
3 324 124.776 -14.876 -1.414 125.951 -15.662 -2.000 123.485 -18.862 -2.000
3 324 124.545 -19.798 -1.414 123.485 -18.862 -2.000 125.951 -15.662 -2.000
3 324 125.951 -15.662 -2.000 127.127 -16.448 -1.414 124.545 -19.798 -1.414
3 324 124.984 -20.186 0.000 124.545 -19.798 -1.414 127.127 -16.448 -1.414
3 324 127.127 -16.448 -1.414 127.614 -16.773 0.000 124.984 -20.186 0.000
3 324 124.545 -19.798 1.414 124.984 -20.186 0.000 127.614 -16.773 0.000
3 324 127.614 -16.773 0.000 127.127 -16.448 1.414 124.545 -19.798 1.414
3 324 123.485 -18.862 2.000 124.545 -19.798 1.414 127.127 -16.448 1.414
3 324 127.127 -16.448 1.414 125.951 -15.662 2.000 123.485 -18.862 2.000
3 324 124.776 -14.876 1.414 125.951 -15.662 2.000 127.965 -12.159 2.000
3 324 127.965 -12.159 2.000 126.695 -11.539 1.414 124.776 -14.876 1.414
3 324 124.289 -14.550 0.000 124.776 -14.876 1.414 126.695 -11.539 1.414
3 324 126.695 -11.539 1.414 126.168 -11.281 0.000 124.289 -14.550 0.000
3 324 124.776 -14.876 -1.414 124.289 -14.550 0.000 126.168 -11.281 0.000
3 324 126.168 -11.281 0.000 126.695 -11.539 -1.414 124.776 -14.876 -1.414
3 324 125.951 -15.662 -2.000 124.776 -14.876 -1.414 126.695 -11.539 -1.414
3 324 126.695 -11.539 -1.414 127.965 -12.159 -2.000 125.951 -15.662 -2.000
3 324 127.127 -16.448 -1.414 125.951 -15.662 -2.000 127.965 -12.159 -2.000
3 324 127.965 -12.159 -2.000 129.236 -12.780 -1.414 127.127 -16.448 -1.414
3 324 127.614 -16.773 0.000 127.127 -16.448 -1.414 129.236 -12.780 -1.414
3 324 129.236 -12.780 -1.414 129.762 -13.037 0.000 127.614 -16.773 0.000
3 324 127.127 -16.448 1.414 127.614 -16.773 0.000 129.762 -13.037 0.000
3 324 129.762 -13.037 0.000 129.236 -12.780 1.414 127.127 -16.448 1.414
3 324 125.951 -15.662 2.000 127.127 -16.448 1.414 129.236 -12.780 1.414
3 324 129.236 -12.780 1.414 127.965 -12.159 2.000 125.951 -15.662 2.000
3 324 126.695 -11.539 1.414 127.965 -12.159 2.000 129.490 -8.418 2.000
3 324 129.490 -8.418 2.000 128.148 -7.974 1.414 126.695 -11.539 1.414
3 324 126.168 -11.281 0.000 126.695 -11.539 1.414 128.148 -7.974 1.414
3 324 128.148 -7.974 1.414 127.591 -7.790 0.000 126.168 -11.281 0.000
3 324 126.695 -11.539 -1.414 126.168 -11.281 0.000 127.591 -7.790 0.000
3 324 127.591 -7.790 0.000 128.148 -7.974 -1.414 126.695 -11.539 -1.414
3 324 127.965 -12.159 -2.000 126.695 -11.539 -1.414 128.148 -7.974 -1.414
3 324 128.148 -7.974 -1.414 129.490 -8.418 -2.000 127.965 -12.159 -2.000
3 324 129.236 -12.780 -1.414 127.965 -12.159 -2.000 129.490 -8.418 -2.000
3 324 129.490 -8.418 -2.000 130.833 -8.862 -1.414 129.236 -12.780 -1.414
3 324 129.762 -13.037 0.000 129.236 -12.780 -1.414 130.833 -8.862 -1.414
3 324 130.833 -8.862 -1.414 131.389 -9.046 0.000 129.762 -13.037 0.000
3 324 129.236 -12.780 1.414 129.762 -13.037 0.000 131.389 -9.046 0.000
3 324 131.389 -9.046 0.000 130.833 -8.862 1.414 129.236 -12.780 1.414
3 324 127.965 -12.159 2.000 129.236 -12.780 1.414 130.833 -8.862 1.414
3 324 130.833 -8.862 1.414 129.490 -8.418 2.000 127.965 -12.159 2.000
3 324 128.148 -7.974 1.414 129.490 -8.418 2.000 130.496 -4.504 2.000
3 324 130.496 -4.504 2.000 129.106 -4.241 1.414 128.148 -7.974 1.414
3 324 127.591 -7.790 0.000 128.148 -7.974 1.414 129.106 -4.241 1.414
3 324 129.106 -4.241 1.414 128.531 -4.132 0.000 127.591 -7.790 0.000
3 324 128.148 -7.974 -1.414 127.591 -7.790 0.000 128.531 -4.132 0.000
3 324 128.531 -4.132 0.000 129.106 -4.241 -1.414 128.148 -7.974 -1.414
3 324 129.490 -8.418 -2.000 128.148 -7.974 -1.414 129.106 -4.241 -1.414
3 324 129.106 -4.241 -1.414 130.496 -4.504 -2.000 129.490 -8.418 -2.000
3 324 130.833 -8.862 -1.414 129.490 -8.418 -2.000 130.496 -4.504 -2.000
3 324 130.496 -4.504 -2.000 131.885 -4.768 -1.414 130.833 -8.862 -1.414
3 324 131.389 -9.046 0.000 130.833 -8.862 -1.414 131.885 -4.768 -1.414
3 324 131.885 -4.768 -1.414 132.461 -4.877 0.000 131.389 -9.046 0.000
3 324 130.833 -8.862 1.414 131.389 -9.046 0.000 132.461 -4.877 0.000
3 324 132.461 -4.877 0.000 131.885 -4.768 1.414 130.833 -8.862 1.414
3 324 129.490 -8.418 2.000 130.833 -8.862 1.414 131.885 -4.768 1.414
3 324 131.885 -4.768 1.414 130.496 -4.504 2.000 129.490 -8.418 2.000
3 324 129.106 -4.241 1.414 130.496 -4.504 2.000 130.932 -0.991 2.000
3 324 130.932 -0.991 2.000 129.520 -0.904 1.414 129.106 -4.241 1.414
3 324 128.531 -4.132 0.000 129.106 -4.241 1.414 129.520 -0.904 1.414
3 324 129.520 -0.904 1.414 128.935 -0.868 0.000 128.531 -4.132 0.000
3 324 129.106 -4.241 -1.414 128.531 -4.132 0.000 128.935 -0.868 0.000
3 324 128.935 -0.868 0.000 129.520 -0.904 -1.414 129.106 -4.241 -1.414
3 324 130.496 -4.504 -2.000 129.106 -4.241 -1.414 129.520 -0.904 -1.414
3 324 129.520 -0.904 -1.414 130.932 -0.991 -2.000 130.496 -4.504 -2.000
3 324 131.885 -4.768 -1.414 130.496 -4.504 -2.000 130.932 -0.991 -2.000
3 324 130.932 -0.991 -2.000 132.343 -1.077 -1.414 131.885 -4.768 -1.414
3 324 132.461 -4.877 0.000 131.885 -4.768 -1.414 132.343 -1.077 -1.414
3 324 132.343 -1.077 -1.414 132.928 -1.113 0.000 132.461 -4.877 0.000
3 324 131.885 -4.768 1.414 132.461 -4.877 0.000 132.928 -1.113 0.000
3 324 132.928 -1.113 0.000 132.343 -1.077 1.414 131.885 -4.768 1.414
3 324 130.496 -4.504 2.000 131.885 -4.768 1.414 132.343 -1.077 1.414
3 324 132.343 -1.077 1.414 130.932 -0.991 2.000 130.496 -4.504 2.000
3 324 129.520 -0.904 1.414 130.932 -0.991 2.000 130.928 3.049 2.000
3 324 130.928 3.049 2.000 129.517 2.952 1.414 129.520 -0.904 1.414
3 324 128.935 -0.868 0.000 129.520 -0.904 1.414 129.517 2.952 1.414
3 324 129.517 2.952 1.414 128.933 2.912 0.000 128.935 -0.868 0.000
3 324 129.520 -0.904 -1.414 128.935 -0.868 0.000 128.933 2.912 0.000
3 324 128.933 2.912 0.000 129.517 2.952 -1.414 129.520 -0.904 -1.414
3 324 130.932 -0.991 -2.000 129.520 -0.904 -1.414 129.517 2.952 -1.414
3 324 129.517 2.952 -1.414 130.928 3.049 -2.000 130.932 -0.991 -2.000
3 324 132.343 -1.077 -1.414 130.932 -0.991 -2.000 130.928 3.049 -2.000
3 324 130.928 3.049 -2.000 132.339 3.145 -1.414 132.343 -1.077 -1.414
3 324 132.928 -1.113 0.000 132.343 -1.077 -1.414 132.339 3.145 -1.414
3 324 132.339 3.145 -1.414 132.923 3.185 0.000 132.928 -1.113 0.000
3 324 132.343 -1.077 1.414 132.928 -1.113 0.000 132.923 3.185 0.000
3 324 132.923 3.185 0.000 132.339 3.145 1.414 132.343 -1.077 1.414
3 324 130.932 -0.991 2.000 132.343 -1.077 1.414 132.339 3.145 1.414
3 324 132.339 3.145 1.414 130.928 3.049 2.000 130.932 -0.991 2.000
3 324 129.517 2.952 1.414 130.928 3.049 2.000 130.382 7.051 2.000
3 324 130.382 7.051 2.000 128.997 6.766 1.414 129.517 2.952 1.414
3 324 128.933 2.912 0.000 129.517 2.952 1.414 128.997 6.766 1.414
3 324 128.997 6.766 1.414 128.423 6.648 0.000 128.933 2.912 0.000
3 324 129.517 2.952 -1.414 128.933 2.912 0.000 128.423 6.648 0.000
3 324 128.423 6.648 0.000 128.997 6.766 -1.414 129.517 2.952 -1.414
3 324 130.928 3.049 -2.000 129.517 2.952 -1.414 128.997 6.766 -1.414
3 324 128.997 6.766 -1.414 130.382 7.051 -2.000 130.928 3.049 -2.000
3 324 132.339 3.145 -1.414 130.928 3.049 -2.000 130.382 7.051 -2.000
3 324 130.382 7.051 -2.000 131.767 7.336 -1.414 132.339 3.145 -1.414
3 324 132.923 3.185 0.000 132.339 3.145 -1.414 131.767 7.336 -1.414
3 324 131.767 7.336 -1.414 132.341 7.454 0.000 132.923 3.185 0.000
3 324 132.339 3.145 1.414 132.923 3.185 0.000 132.341 7.454 0.000
3 324 132.341 7.454 0.000 131.767 7.336 1.414 132.339 3.145 1.414
3 324 130.928 3.049 2.000 132.339 3.145 1.414 131.767 7.336 1.414
3 324 131.767 7.336 1.414 130.382 7.051 2.000 130.928 3.049 2.000
3 324 128.997 6.766 1.414 130.382 7.051 2.000 129.303 10.944 2.000
3 324 129.303 10.944 2.000 127.969 10.475 1.414 128.997 6.766 1.414
3 324 128.423 6.648 0.000 128.997 6.766 1.414 127.969 10.475 1.414
3 324 127.969 10.475 1.414 127.416 10.280 0.000 128.423 6.648 0.000
3 324 128.997 6.766 -1.414 128.423 6.648 0.000 127.416 10.280 0.000
3 324 127.416 10.280 0.000 127.969 10.475 -1.414 128.997 6.766 -1.414
3 324 130.382 7.051 -2.000 128.997 6.766 -1.414 127.969 10.475 -1.414
3 324 127.969 10.475 -1.414 129.303 10.944 -2.000 130.382 7.051 -2.000
3 324 131.767 7.336 -1.414 130.382 7.051 -2.000 129.303 10.944 -2.000
3 324 129.303 10.944 -2.000 130.637 11.413 -1.414 131.767 7.336 -1.414
3 324 132.341 7.454 0.000 131.767 7.336 -1.414 130.637 11.413 -1.414
3 324 130.637 11.413 -1.414 131.190 11.607 0.000 132.341 7.454 0.000
3 324 131.767 7.336 1.414 132.341 7.454 0.000 131.190 11.607 0.000
3 324 131.190 11.607 0.000 130.637 11.413 1.414 131.767 7.336 1.414
3 324 130.382 7.051 2.000 131.767 7.336 1.414 130.637 11.413 1.414
3 324 130.637 11.413 1.414 129.303 10.944 2.000 130.382 7.051 2.000
3 324 127.969 10.475 1.414 129.303 10.944 2.000 127.708 14.655 2.000
3 324 127.708 14.655 2.000 126.449 14.011 1.414 127.969 10.475 1.414
3 324 127.416 10.280 0.000 127.969 10.475 1.414 126.449 14.011 1.414
3 324 126.449 14.011 1.414 125.928 13.744 0.000 127.416 10.280 0.000
3 324 127.969 10.475 -1.414 127.416 10.280 0.000 125.928 13.744 0.000
3 324 125.928 13.744 0.000 126.449 14.011 -1.414 127.969 10.475 -1.414
3 324 129.303 10.944 -2.000 127.969 10.475 -1.414 126.449 14.011 -1.414
3 324 126.449 14.011 -1.414 127.708 14.655 -2.000 129.303 10.944 -2.000
3 324 130.637 11.413 -1.414 129.303 10.944 -2.000 127.708 14.655 -2.000
3 324 127.708 14.655 -2.000 128.968 15.299 -1.414 130.637 11.413 -1.414
3 324 131.190 11.607 0.000 130.637 11.413 -1.414 128.968 15.299 -1.414
3 324 128.968 15.299 -1.414 129.489 15.566 0.000 131.190 11.607 0.000
3 324 130.637 11.413 1.414 131.190 11.607 0.000 129.489 15.566 0.000
3 324 129.489 15.566 0.000 128.968 15.299 1.414 130.637 11.413 1.414
3 324 129.303 10.944 2.000 130.637 11.413 1.414 128.968 15.299 1.414
3 324 128.968 15.299 1.414 127.708 14.655 2.000 129.303 10.944 2.000
3 324 126.449 14.011 1.414 127.708 14.655 2.000 125.632 18.120 2.000
3 324 125.632 18.120 2.000 124.471 17.313 1.414 126.449 14.011 1.414
3 324 125.928 13.744 0.000 126.449 14.011 1.414 124.471 17.313 1.414
3 324 124.471 17.313 1.414 123.990 16.979 0.000 125.928 13.744 0.000
3 324 126.449 14.011 -1.414 125.928 13.744 0.000 123.990 16.979 0.000
3 324 123.990 16.979 0.000 124.471 17.313 -1.414 126.449 14.011 -1.414
3 324 127.708 14.655 -2.000 126.449 14.011 -1.414 124.471 17.313 -1.414
3 324 124.471 17.313 -1.414 125.632 18.120 -2.000 127.708 14.655 -2.000
3 324 128.968 15.299 -1.414 127.708 14.655 -2.000 125.632 18.120 -2.000
3 324 125.632 18.120 -2.000 126.794 18.927 -1.414 128.968 15.299 -1.414
3 324 129.489 15.566 0.000 128.968 15.299 -1.414 126.794 18.927 -1.414
3 324 126.794 18.927 -1.414 127.275 19.261 0.000 129.489 15.566 0.000
3 324 128.968 15.299 1.414 129.489 15.566 0.000 127.275 19.261 0.000
3 324 127.275 19.261 0.000 126.794 18.927 1.414 128.968 15.299 1.414
3 324 127.708 14.655 2.000 128.968 15.299 1.414 126.794 18.927 1.414
3 324 126.794 18.927 1.414 125.632 18.120 2.000 127.708 14.655 2.000
3 324 124.471 17.313 1.414 125.632 18.120 2.000 123.110 21.274 2.000
3 324 123.110 21.274 2.000 122.067 20.319 1.414 124.471 17.313 1.414
3 324 123.990 16.979 0.000 124.471 17.313 1.414 122.067 20.319 1.414
3 324 122.067 20.319 1.414 121.635 19.923 0.000 123.990 16.979 0.000
3 324 124.471 17.313 -1.414 123.990 16.979 0.000 121.635 19.923 0.000
3 324 121.635 19.923 0.000 122.067 20.319 -1.414 124.471 17.313 -1.414
3 324 125.632 18.120 -2.000 124.471 17.313 -1.414 122.067 20.319 -1.414
3 324 122.067 20.319 -1.414 123.110 21.274 -2.000 125.632 18.120 -2.000
3 324 126.794 18.927 -1.414 125.632 18.120 -2.000 123.110 21.274 -2.000
3 324 123.110 21.274 -2.000 124.152 22.230 -1.414 126.794 18.927 -1.414
3 324 127.275 19.261 0.000 126.794 18.927 -1.414 124.152 22.230 -1.414
3 324 124.152 22.230 -1.414 124.584 22.626 0.000 127.275 19.261 0.000
3 324 126.794 18.927 1.414 127.275 19.261 0.000 124.584 22.626 0.000
3 324 124.584 22.626 0.000 124.152 22.230 1.414 126.794 18.927 1.414
3 324 125.632 18.120 2.000 126.794 18.927 1.414 124.152 22.230 1.414
3 324 124.152 22.230 1.414 123.110 21.274 2.000 125.632 18.120 2.000
3 324 122.067 20.319 1.414 123.110 21.274 2.000 120.186 24.062 2.000
3 324 120.186 24.062 2.000 119.282 22.974 1.414 122.067 20.319 1.414
3 324 121.635 19.923 0.000 122.067 20.319 1.414 119.282 22.974 1.414
3 324 119.282 22.974 1.414 118.907 22.524 0.000 121.635 19.923 0.000
3 324 122.067 20.319 -1.414 121.635 19.923 0.000 118.907 22.524 0.000
3 324 118.907 22.524 0.000 119.282 22.974 -1.414 122.067 20.319 -1.414
3 324 123.110 21.274 -2.000 122.067 20.319 -1.414 119.282 22.974 -1.414
3 324 119.282 22.974 -1.414 120.186 24.062 -2.000 123.110 21.274 -2.000
3 324 124.152 22.230 -1.414 123.110 21.274 -2.000 120.186 24.062 -2.000
3 324 120.186 24.062 -2.000 121.090 25.149 -1.414 124.152 22.230 -1.414
3 324 124.584 22.626 0.000 124.152 22.230 -1.414 121.090 25.149 -1.414
3 324 121.090 25.149 -1.414 121.465 25.599 0.000 124.584 22.626 0.000
3 324 124.152 22.230 1.414 124.584 22.626 0.000 121.465 25.599 0.000
3 324 121.465 25.599 0.000 121.090 25.149 1.414 124.152 22.230 1.414
3 324 123.110 21.274 2.000 124.152 22.230 1.414 121.090 25.149 1.414
3 324 121.090 25.149 1.414 120.186 24.062 2.000 123.110 21.274 2.000
3 324 119.282 22.974 1.414 120.186 24.062 2.000 116.912 26.428 2.000
3 324 116.912 26.428 2.000 116.162 25.229 1.414 119.282 22.974 1.414
3 324 118.907 22.524 0.000 119.282 22.974 1.414 116.162 25.229 1.414
3 324 116.162 25.229 1.414 115.852 24.733 0.000 118.907 22.524 0.000
3 324 119.282 22.974 -1.414 118.907 22.524 0.000 115.852 24.733 0.000
3 324 115.852 24.733 0.000 116.162 25.229 -1.414 119.282 22.974 -1.414
3 324 120.186 24.062 -2.000 119.282 22.974 -1.414 116.162 25.229 -1.414
3 324 116.162 25.229 -1.414 116.912 26.428 -2.000 120.186 24.062 -2.000
3 324 121.090 25.149 -1.414 120.186 24.062 -2.000 116.912 26.428 -2.000
3 324 116.912 26.428 -2.000 117.662 27.627 -1.414 121.090 25.149 -1.414
3 324 121.465 25.599 0.000 121.090 25.149 -1.414 117.662 27.627 -1.414
3 324 117.662 27.627 -1.414 117.973 28.124 0.000 121.465 25.599 0.000
3 324 121.090 25.149 1.414 121.465 25.599 0.000 117.973 28.124 0.000
3 324 117.973 28.124 0.000 117.662 27.627 1.414 121.090 25.149 1.414
3 324 120.186 24.062 2.000 121.090 25.149 1.414 117.662 27.627 1.414
3 324 117.662 27.627 1.414 116.912 26.428 2.000 120.186 24.062 2.000
3 324 116.162 25.229 1.414 116.912 26.428 2.000 113.352 28.336 2.000
3 324 113.352 28.336 2.000 112.770 27.048 1.414 116.162 25.229 1.414
3 324 115.852 24.733 0.000 116.162 25.229 1.414 112.770 27.048 1.414
3 324 112.770 27.048 1.414 112.528 26.514 0.000 115.852 24.733 0.000
3 324 116.162 25.229 -1.414 115.852 24.733 0.000 112.528 26.514 0.000
3 324 112.528 26.514 0.000 112.770 27.048 -1.414 116.162 25.229 -1.414
3 324 116.912 26.428 -2.000 116.162 25.229 -1.414 112.770 27.048 -1.414
3 324 112.770 27.048 -1.414 113.352 28.336 -2.000 116.912 26.428 -2.000
3 324 117.662 27.627 -1.414 116.912 26.428 -2.000 113.352 28.336 -2.000
3 324 113.352 28.336 -2.000 113.935 29.625 -1.414 117.662 27.627 -1.414
3 324 117.973 28.124 0.000 117.662 27.627 -1.414 113.935 29.625 -1.414
3 324 113.935 29.625 -1.414 114.176 30.159 0.000 117.973 28.124 0.000
3 324 117.662 27.627 1.414 117.973 28.124 0.000 114.176 30.159 0.000
3 324 114.176 30.159 0.000 113.935 29.625 1.414 117.662 27.627 1.414
3 324 116.912 26.428 2.000 117.662 27.627 1.414 113.935 29.625 1.414
3 324 113.935 29.625 1.414 113.352 28.336 2.000 116.912 26.428 2.000
3 324 112.770 27.048 1.414 113.352 28.336 2.000 109.568 29.749 2.000
3 324 109.568 29.749 2.000 109.164 28.394 1.414 112.770 27.048 1.414
3 324 112.528 26.514 0.000 112.770 27.048 1.414 109.164 28.394 1.414
3 324 109.164 28.394 1.414 108.996 27.833 0.000 112.528 26.514 0.000
3 324 112.770 27.048 -1.414 112.528 26.514 0.000 108.996 27.833 0.000
3 324 108.996 27.833 0.000 109.164 28.394 -1.414 112.770 27.048 -1.414
3 324 113.352 28.336 -2.000 112.770 27.048 -1.414 109.164 28.394 -1.414
3 324 109.164 28.394 -1.414 109.568 29.749 -2.000 113.352 28.336 -2.000
3 324 113.935 29.625 -1.414 113.352 28.336 -2.000 109.568 29.749 -2.000
3 324 109.568 29.749 -2.000 109.972 31.104 -1.414 113.935 29.625 -1.414
3 324 114.176 30.159 0.000 113.935 29.625 -1.414 109.972 31.104 -1.414
3 324 109.972 31.104 -1.414 110.140 31.666 0.000 114.176 30.159 0.000
3 324 113.935 29.625 1.414 114.176 30.159 0.000 110.140 31.666 0.000
3 324 110.140 31.666 0.000 109.972 31.104 1.414 113.935 29.625 1.414
3 324 113.352 28.336 2.000 113.935 29.625 1.414 109.972 31.104 1.414
3 324 109.972 31.104 1.414 109.568 29.749 2.000 113.352 28.336 2.000
3 324 109.164 28.394 1.414 109.568 29.749 2.000 105.628 30.641 2.000
3 324 105.628 30.641 2.000 105.410 29.243 1.414 109.164 28.394 1.414
3 324 108.996 27.833 0.000 109.164 28.394 1.414 105.410 29.243 1.414
3 324 105.410 29.243 1.414 105.320 28.664 0.000 108.996 27.833 0.000
3 324 109.164 28.394 -1.414 108.996 27.833 0.000 105.320 28.664 0.000
3 324 105.320 28.664 0.000 105.410 29.243 -1.414 109.164 28.394 -1.414
3 324 109.568 29.749 -2.000 109.164 28.394 -1.414 105.410 29.243 -1.414
3 324 105.410 29.243 -1.414 105.628 30.641 -2.000 109.568 29.749 -2.000
3 324 109.972 31.104 -1.414 109.568 29.749 -2.000 105.628 30.641 -2.000
3 324 105.628 30.641 -2.000 105.846 32.038 -1.414 109.972 31.104 -1.414
3 324 110.140 31.666 0.000 109.972 31.104 -1.414 105.846 32.038 -1.414
3 324 105.846 32.038 -1.414 105.936 32.617 0.000 110.140 31.666 0.000
3 324 109.972 31.104 1.414 110.140 31.666 0.000 105.936 32.617 0.000
3 324 105.936 32.617 0.000 105.846 32.038 1.414 109.972 31.104 1.414
3 324 109.568 29.749 2.000 109.972 31.104 1.414 105.846 32.038 1.414
3 324 105.846 32.038 1.414 105.628 30.641 2.000 109.568 29.749 2.000
3 324 105.410 29.243 1.414 105.628 30.641 2.000 101.604 30.992 2.000
3 324 101.604 30.992 2.000 101.539 29.579 1.414 105.410 29.243 1.414
3 324 105.320 28.664 0.000 105.410 29.243 1.414 101.539 29.579 1.414
3 324 101.539 29.579 1.414 101.512 28.994 0.000 105.320 28.664 0.000
3 324 105.410 29.243 -1.414 105.320 28.664 0.000 101.512 28.994 0.000
3 324 101.512 28.994 0.000 101.539 29.579 -1.414 105.410 29.243 -1.414
3 324 105.628 30.641 -2.000 105.410 29.243 -1.414 101.539 29.579 -1.414
3 324 101.539 29.579 -1.414 101.604 30.992 -2.000 105.628 30.641 -2.000
3 324 105.846 32.038 -1.414 105.628 30.641 -2.000 101.604 30.992 -2.000
3 324 101.604 30.992 -2.000 101.669 32.404 -1.414 105.846 32.038 -1.414
3 324 105.936 32.617 0.000 105.846 32.038 -1.414 101.669 32.404 -1.414
3 324 101.669 32.404 -1.414 101.696 32.989 0.000 105.936 32.617 0.000
3 324 105.846 32.038 1.414 105.936 32.617 0.000 101.696 32.989 0.000
3 324 101.696 32.989 0.000 101.669 32.404 1.414 105.846 32.038 1.414
3 324 105.628 30.641 2.000 105.846 32.038 1.414 101.669 32.404 1.414
3 324 101.669 32.404 1.414 101.604 30.992 2.000 105.628 30.641 2.000
3 324 101.539 29.579 1.414 101.604 30.992 2.000 77.350 31.119 2.000
3 324 77.350 31.119 2.000 77.342 29.704 1.414 101.539 29.579 1.414
3 324 101.512 28.994 0.000 101.539 29.579 1.414 77.342 29.704 1.414
3 324 77.342 29.704 1.414 77.339 29.119 0.000 101.512 28.994 0.000
3 324 101.539 29.579 -1.414 101.512 28.994 0.000 77.339 29.119 0.000
3 324 77.339 29.119 0.000 77.342 29.704 -1.414 101.539 29.579 -1.414
3 324 101.604 30.992 -2.000 101.539 29.579 -1.414 77.342 29.704 -1.414
3 324 77.342 29.704 -1.414 77.350 31.119 -2.000 101.604 30.992 -2.000
3 324 101.669 32.404 -1.414 101.604 30.992 -2.000 77.350 31.119 -2.000
3 324 77.350 31.119 -2.000 77.357 32.533 -1.414 101.669 32.404 -1.414
3 324 101.696 32.989 0.000 101.669 32.404 -1.414 77.357 32.533 -1.414
3 324 77.357 32.533 -1.414 77.360 33.119 0.000 101.696 32.989 0.000
3 324 101.669 32.404 1.414 101.696 32.989 0.000 77.360 33.119 0.000
3 324 77.360 33.119 0.000 77.357 32.533 1.414 101.669 32.404 1.414
3 324 101.604 30.992 2.000 101.669 32.404 1.414 77.357 32.533 1.414
3 324 77.357 32.533 1.414 77.350 31.119 2.000 101.604 30.992 2.000
3 324 77.342 29.704 1.414 77.350 31.119 2.000 37.426 31.318 2.000
3 324 37.426 31.318 2.000 37.419 29.904 1.414 77.342 29.704 1.414
3 324 77.339 29.119 0.000 77.342 29.704 1.414 37.419 29.904 1.414
3 324 37.419 29.904 1.414 37.416 29.318 0.000 77.339 29.119 0.000
3 324 77.342 29.704 -1.414 77.339 29.119 0.000 37.416 29.318 0.000
3 324 37.416 29.318 0.000 37.419 29.904 -1.414 77.342 29.704 -1.414
3 324 77.350 31.119 -2.000 77.342 29.704 -1.414 37.419 29.904 -1.414
3 324 37.419 29.904 -1.414 37.426 31.318 -2.000 77.350 31.119 -2.000
3 324 77.357 32.533 -1.414 77.350 31.119 -2.000 37.426 31.318 -2.000
3 324 37.426 31.318 -2.000 37.433 32.732 -1.414 77.357 32.533 -1.414
3 324 77.360 33.119 0.000 77.357 32.533 -1.414 37.433 32.732 -1.414
3 324 37.433 32.732 -1.414 37.436 33.318 0.000 77.360 33.119 0.000
3 324 77.357 32.533 1.414 77.360 33.119 0.000 37.436 33.318 0.000
3 324 37.436 33.318 0.000 37.433 32.732 1.414 77.357 32.533 1.414
3 324 77.350 31.119 2.000 77.357 32.533 1.414 37.433 32.732 1.414
3 324 37.433 32.732 1.414 37.426 31.318 2.000 77.350 31.119 2.000
3 324 37.419 29.904 1.414 37.426 31.318 2.000 1.044 31.499 2.000
3 324 1.044 31.499 2.000 1.086 30.086 1.414 37.419 29.904 1.414
3 324 37.416 29.318 0.000 37.419 29.904 1.414 1.086 30.086 1.414
3 324 1.086 30.086 1.414 1.103 29.500 0.000 37.416 29.318 0.000
3 324 37.419 29.904 -1.414 37.416 29.318 0.000 1.103 29.500 0.000
3 324 1.103 29.500 0.000 1.086 30.086 -1.414 37.419 29.904 -1.414
3 324 37.426 31.318 -2.000 37.419 29.904 -1.414 1.086 30.086 -1.414
3 324 1.086 30.086 -1.414 1.044 31.499 -2.000 37.426 31.318 -2.000
3 324 37.433 32.732 -1.414 37.426 31.318 -2.000 1.044 31.499 -2.000
3 324 1.044 31.499 -2.000 1.002 32.913 -1.414 37.433 32.732 -1.414
3 324 37.436 33.318 0.000 37.433 32.732 -1.414 1.002 32.913 -1.414
3 324 1.002 32.913 -1.414 0.985 33.498 0.000 37.436 33.318 0.000
3 324 37.433 32.732 1.414 37.436 33.318 0.000 0.985 33.498 0.000
3 324 0.985 33.498 0.000 1.002 32.913 1.414 37.433 32.732 1.414
3 324 37.426 31.318 2.000 37.433 32.732 1.414 1.002 32.913 1.414
3 324 1.002 32.913 1.414 1.044 31.499 2.000 37.426 31.318 2.000
3 324 1.086 30.086 1.414 1.044 31.499 2.000 -2.987 31.241 2.000
3 324 -2.987 31.241 2.000 -2.803 29.838 1.414 1.086 30.086 1.414
3 324 1.103 29.500 0.000 1.086 30.086 1.414 -2.803 29.838 1.414
3 324 -2.803 29.838 1.414 -2.727 29.258 0.000 1.103 29.500 0.000
3 324 1.086 30.086 -1.414 1.103 29.500 0.000 -2.727 29.258 0.000
3 324 -2.727 29.258 0.000 -2.803 29.838 -1.414 1.086 30.086 -1.414
3 324 1.044 31.499 -2.000 1.086 30.086 -1.414 -2.803 29.838 -1.414
3 324 -2.803 29.838 -1.414 -2.987 31.241 -2.000 1.044 31.499 -2.000
3 324 1.002 32.913 -1.414 1.044 31.499 -2.000 -2.987 31.241 -2.000
3 324 -2.987 31.241 -2.000 -3.171 32.643 -1.414 1.002 32.913 -1.414
3 324 0.985 33.498 0.000 1.002 32.913 -1.414 -3.171 32.643 -1.414
3 324 -3.171 32.643 -1.414 -3.248 33.224 0.000 0.985 33.498 0.000
3 324 1.002 32.913 1.414 0.985 33.498 0.000 -3.248 33.224 0.000
3 324 -3.248 33.224 0.000 -3.171 32.643 1.414 1.002 32.913 1.414
3 324 1.044 31.499 2.000 1.002 32.913 1.414 -3.171 32.643 1.414
3 324 -3.171 32.643 1.414 -2.987 31.241 2.000 1.044 31.499 2.000
3 324 -2.803 29.838 1.414 -2.987 31.241 2.000 -6.949 30.449 2.000
3 324 -6.949 30.449 2.000 -6.581 29.084 1.414 -2.803 29.838 1.414
3 324 -2.727 29.258 0.000 -2.803 29.838 1.414 -6.581 29.084 1.414
3 324 -6.581 29.084 1.414 -6.428 28.518 0.000 -2.727 29.258 0.000
3 324 -2.803 29.838 -1.414 -2.727 29.258 0.000 -6.428 28.518 0.000
3 324 -6.428 28.518 0.000 -6.581 29.084 -1.414 -2.803 29.838 -1.414
3 324 -2.987 31.241 -2.000 -2.803 29.838 -1.414 -6.581 29.084 -1.414
3 324 -6.581 29.084 -1.414 -6.949 30.449 -2.000 -2.987 31.241 -2.000
3 324 -3.171 32.643 -1.414 -2.987 31.241 -2.000 -6.949 30.449 -2.000
3 324 -6.949 30.449 -2.000 -7.317 31.815 -1.414 -3.171 32.643 -1.414
3 324 -3.248 33.224 0.000 -3.171 32.643 -1.414 -7.317 31.815 -1.414
3 324 -7.317 31.815 -1.414 -7.470 32.380 0.000 -3.248 33.224 0.000
3 324 -3.171 32.643 1.414 -3.248 33.224 0.000 -7.470 32.380 0.000
3 324 -7.470 32.380 0.000 -7.317 31.815 1.414 -3.171 32.643 1.414
3 324 -2.987 31.241 2.000 -3.171 32.643 1.414 -7.317 31.815 1.414
3 324 -7.317 31.815 1.414 -6.949 30.449 2.000 -2.987 31.241 2.000
3 324 -6.581 29.084 1.414 -6.949 30.449 2.000 -10.772 29.141 2.000
3 324 -10.772 29.141 2.000 -10.226 27.836 1.414 -6.581 29.084 1.414
3 324 -6.428 28.518 0.000 -6.581 29.084 1.414 -10.226 27.836 1.414
3 324 -10.226 27.836 1.414 -10.000 27.296 0.000 -6.428 28.518 0.000
3 324 -6.581 29.084 -1.414 -6.428 28.518 0.000 -10.000 27.296 0.000
3 324 -10.000 27.296 0.000 -10.226 27.836 -1.414 -6.581 29.084 -1.414
3 324 -6.949 30.449 -2.000 -6.581 29.084 -1.414 -10.226 27.836 -1.414
3 324 -10.226 27.836 -1.414 -10.772 29.141 -2.000 -6.949 30.449 -2.000
3 324 -7.317 31.815 -1.414 -6.949 30.449 -2.000 -10.772 29.141 -2.000
3 324 -10.772 29.141 -2.000 -11.317 30.446 -1.414 -7.317 31.815 -1.414
3 324 -7.470 32.380 0.000 -7.317 31.815 -1.414 -11.317 30.446 -1.414
3 324 -11.317 30.446 -1.414 -11.543 30.986 0.000 -7.470 32.380 0.000
3 324 -7.317 31.815 1.414 -7.470 32.380 0.000 -11.543 30.986 0.000
3 324 -11.543 30.986 0.000 -11.317 30.446 1.414 -7.317 31.815 1.414
3 324 -6.949 30.449 2.000 -7.317 31.815 1.414 -11.317 30.446 1.414
3 324 -11.317 30.446 1.414 -10.772 29.141 2.000 -6.949 30.449 2.000
3 324 -10.226 27.836 1.414 -10.772 29.141 2.000 -14.388 27.339 2.000
3 324 -14.388 27.339 2.000 -13.675 26.118 1.414 -10.226 27.836 1.414
3 324 -10.000 27.296 0.000 -10.226 27.836 1.414 -13.675 26.118 1.414
3 324 -13.675 26.118 1.414 -13.379 25.612 0.000 -10.000 27.296 0.000
3 324 -10.226 27.836 -1.414 -10.000 27.296 0.000 -13.379 25.612 0.000
3 324 -13.379 25.612 0.000 -13.675 26.118 -1.414 -10.226 27.836 -1.414
3 324 -10.772 29.141 -2.000 -10.226 27.836 -1.414 -13.675 26.118 -1.414
3 324 -13.675 26.118 -1.414 -14.388 27.339 -2.000 -10.772 29.141 -2.000
3 324 -11.317 30.446 -1.414 -10.772 29.141 -2.000 -14.388 27.339 -2.000
3 324 -14.388 27.339 -2.000 -15.101 28.560 -1.414 -11.317 30.446 -1.414
3 324 -11.543 30.986 0.000 -11.317 30.446 -1.414 -15.101 28.560 -1.414
3 324 -15.101 28.560 -1.414 -15.396 29.066 0.000 -11.543 30.986 0.000
3 324 -11.317 30.446 1.414 -11.543 30.986 0.000 -15.396 29.066 0.000
3 324 -15.396 29.066 0.000 -15.101 28.560 1.414 -11.317 30.446 1.414
3 324 -10.772 29.141 2.000 -11.317 30.446 1.414 -15.101 28.560 1.414
3 324 -15.101 28.560 1.414 -14.388 27.339 2.000 -10.772 29.141 2.000
3 324 -13.675 26.118 1.414 -14.388 27.339 2.000 -17.734 25.075 2.000
3 324 -17.734 25.075 2.000 -16.866 23.959 1.414 -13.675 26.118 1.414
3 324 -13.379 25.612 0.000 -13.675 26.118 1.414 -16.866 23.959 1.414
3 324 -16.866 23.959 1.414 -16.506 23.497 0.000 -13.379 25.612 0.000
3 324 -13.675 26.118 -1.414 -13.379 25.612 0.000 -16.506 23.497 0.000
3 324 -16.506 23.497 0.000 -16.866 23.959 -1.414 -13.675 26.118 -1.414
3 324 -14.388 27.339 -2.000 -13.675 26.118 -1.414 -16.866 23.959 -1.414
3 324 -16.866 23.959 -1.414 -17.734 25.075 -2.000 -14.388 27.339 -2.000
3 324 -15.101 28.560 -1.414 -14.388 27.339 -2.000 -17.734 25.075 -2.000
3 324 -17.734 25.075 -2.000 -18.603 26.192 -1.414 -15.101 28.560 -1.414
3 324 -15.396 29.066 0.000 -15.101 28.560 -1.414 -18.603 26.192 -1.414
3 324 -18.603 26.192 -1.414 -18.962 26.654 0.000 -15.396 29.066 0.000
3 324 -15.101 28.560 1.414 -15.396 29.066 0.000 -18.962 26.654 0.000
3 324 -18.962 26.654 0.000 -18.603 26.192 1.414 -15.101 28.560 1.414
3 324 -14.388 27.339 2.000 -15.101 28.560 1.414 -18.603 26.192 1.414
3 324 -18.603 26.192 1.414 -17.734 25.075 2.000 -14.388 27.339 2.000
3 324 -16.866 23.959 1.414 -17.734 25.075 2.000 -20.752 22.389 2.000
3 324 -20.752 22.389 2.000 -19.744 21.397 1.414 -16.866 23.959 1.414
3 324 -16.506 23.497 0.000 -16.866 23.959 1.414 -19.744 21.397 1.414
3 324 -19.744 21.397 1.414 -19.327 20.986 0.000 -16.506 23.497 0.000
3 324 -16.866 23.959 -1.414 -16.506 23.497 0.000 -19.327 20.986 0.000
3 324 -19.327 20.986 0.000 -19.744 21.397 -1.414 -16.866 23.959 -1.414
3 324 -17.734 25.075 -2.000 -16.866 23.959 -1.414 -19.744 21.397 -1.414
3 324 -19.744 21.397 -1.414 -20.752 22.389 -2.000 -17.734 25.075 -2.000
3 324 -18.603 26.192 -1.414 -17.734 25.075 -2.000 -20.752 22.389 -2.000
3 324 -20.752 22.389 -2.000 -21.761 23.381 -1.414 -18.603 26.192 -1.414
3 324 -18.962 26.654 0.000 -18.603 26.192 -1.414 -21.761 23.381 -1.414
3 324 -21.761 23.381 -1.414 -22.178 23.792 0.000 -18.962 26.654 0.000
3 324 -18.603 26.192 1.414 -18.962 26.654 0.000 -22.178 23.792 0.000
3 324 -22.178 23.792 0.000 -21.761 23.381 1.414 -18.603 26.192 1.414
3 324 -17.734 25.075 2.000 -18.603 26.192 1.414 -21.761 23.381 1.414
3 324 -21.761 23.381 1.414 -20.752 22.389 2.000 -17.734 25.075 2.000
3 324 -19.744 21.397 1.414 -20.752 22.389 2.000 -23.389 19.327 2.000
3 324 -23.389 19.327 2.000 -22.259 18.478 1.414 -19.744 21.397 1.414
3 324 -19.327 20.986 0.000 -19.744 21.397 1.414 -22.259 18.478 1.414
3 324 -22.259 18.478 1.414 -21.790 18.126 0.000 -19.327 20.986 0.000
3 324 -19.744 21.397 -1.414 -19.327 20.986 0.000 -21.790 18.126 0.000
3 324 -21.790 18.126 0.000 -22.259 18.478 -1.414 -19.744 21.397 -1.414
3 324 -20.752 22.389 -2.000 -19.744 21.397 -1.414 -22.259 18.478 -1.414
3 324 -22.259 18.478 -1.414 -23.389 19.327 -2.000 -20.752 22.389 -2.000
3 324 -21.761 23.381 -1.414 -20.752 22.389 -2.000 -23.389 19.327 -2.000
3 324 -23.389 19.327 -2.000 -24.520 20.177 -1.414 -21.761 23.381 -1.414
3 324 -22.178 23.792 0.000 -21.761 23.381 -1.414 -24.520 20.177 -1.414
3 324 -24.520 20.177 -1.414 -24.988 20.529 0.000 -22.178 23.792 0.000
3 324 -21.761 23.381 1.414 -22.178 23.792 0.000 -24.988 20.529 0.000
3 324 -24.988 20.529 0.000 -24.520 20.177 1.414 -21.761 23.381 1.414
3 324 -20.752 22.389 2.000 -21.761 23.381 1.414 -24.520 20.177 1.414
3 324 -24.520 20.177 1.414 -23.389 19.327 2.000 -20.752 22.389 2.000
3 324 -22.259 18.478 1.414 -23.389 19.327 2.000 -25.596 15.943 2.000
3 324 -25.596 15.943 2.000 -24.363 15.250 1.414 -22.259 18.478 1.414
3 324 -21.790 18.126 0.000 -22.259 18.478 1.414 -24.363 15.250 1.414
3 324 -24.363 15.250 1.414 -23.853 14.963 0.000 -21.790 18.126 0.000
3 324 -22.259 18.478 -1.414 -21.790 18.126 0.000 -23.853 14.963 0.000
3 324 -23.853 14.963 0.000 -24.363 15.250 -1.414 -22.259 18.478 -1.414
3 324 -23.389 19.327 -2.000 -22.259 18.478 -1.414 -24.363 15.250 -1.414
3 324 -24.363 15.250 -1.414 -25.596 15.943 -2.000 -23.389 19.327 -2.000
3 324 -24.520 20.177 -1.414 -23.389 19.327 -2.000 -25.596 15.943 -2.000
3 324 -25.596 15.943 -2.000 -26.829 16.635 -1.414 -24.520 20.177 -1.414
3 324 -24.988 20.529 0.000 -24.520 20.177 -1.414 -26.829 16.635 -1.414
3 324 -26.829 16.635 -1.414 -27.340 16.922 0.000 -24.988 20.529 0.000
3 324 -24.520 20.177 1.414 -24.988 20.529 0.000 -27.340 16.922 0.000
3 324 -27.340 16.922 0.000 -26.829 16.635 1.414 -24.520 20.177 1.414
3 324 -23.389 19.327 2.000 -24.520 20.177 1.414 -26.829 16.635 1.414
3 324 -26.829 16.635 1.414 -25.596 15.943 2.000 -23.389 19.327 2.000
3 324 -24.363 15.250 1.414 -25.596 15.943 2.000 -27.339 12.297 2.000
3 324 -27.339 12.297 2.000 -26.027 11.769 1.414 -24.363 15.250 1.414
3 324 -23.853 14.963 0.000 -24.363 15.250 1.414 -26.027 11.769 1.414
3 324 -26.027 11.769 1.414 -25.483 11.551 0.000 -23.853 14.963 0.000
3 324 -24.363 15.250 -1.414 -23.853 14.963 0.000 -25.483 11.551 0.000
3 324 -25.483 11.551 0.000 -26.027 11.769 -1.414 -24.363 15.250 -1.414
3 324 -25.596 15.943 -2.000 -24.363 15.250 -1.414 -26.027 11.769 -1.414
3 324 -26.027 11.769 -1.414 -27.339 12.297 -2.000 -25.596 15.943 -2.000
3 324 -26.829 16.635 -1.414 -25.596 15.943 -2.000 -27.339 12.297 -2.000
3 324 -27.339 12.297 -2.000 -28.651 12.825 -1.414 -26.829 16.635 -1.414
3 324 -27.340 16.922 0.000 -26.829 16.635 -1.414 -28.651 12.825 -1.414
3 324 -28.651 12.825 -1.414 -29.194 13.043 0.000 -27.340 16.922 0.000
3 324 -26.829 16.635 1.414 -27.340 16.922 0.000 -29.194 13.043 0.000
3 324 -29.194 13.043 0.000 -28.651 12.825 1.414 -26.829 16.635 1.414
3 324 -25.596 15.943 2.000 -26.829 16.635 1.414 -28.651 12.825 1.414
3 324 -28.651 12.825 1.414 -27.339 12.297 2.000 -25.596 15.943 2.000
3 324 -26.027 11.769 1.414 -27.339 12.297 2.000 -28.449 8.934 2.000
3 324 -28.449 8.934 2.000 -27.082 8.574 1.414 -26.027 11.769 1.414
3 324 -25.483 11.551 0.000 -26.027 11.769 1.414 -27.082 8.574 1.414
3 324 -27.082 8.574 1.414 -26.515 8.424 0.000 -25.483 11.551 0.000
3 324 -26.027 11.769 -1.414 -25.483 11.551 0.000 -26.515 8.424 0.000
3 324 -26.515 8.424 0.000 -27.082 8.574 -1.414 -26.027 11.769 -1.414
3 324 -27.339 12.297 -2.000 -26.027 11.769 -1.414 -27.082 8.574 -1.414
3 324 -27.082 8.574 -1.414 -28.449 8.934 -2.000 -27.339 12.297 -2.000
3 324 -28.651 12.825 -1.414 -27.339 12.297 -2.000 -28.449 8.934 -2.000
3 324 -28.449 8.934 -2.000 -29.817 9.295 -1.414 -28.651 12.825 -1.414
3 324 -29.194 13.043 0.000 -28.651 12.825 -1.414 -29.817 9.295 -1.414
3 324 -29.817 9.295 -1.414 -30.383 9.445 0.000 -29.194 13.043 0.000
3 324 -28.651 12.825 1.414 -29.194 13.043 0.000 -30.383 9.445 0.000
3 324 -30.383 9.445 0.000 -29.817 9.295 1.414 -28.651 12.825 1.414
3 324 -27.339 12.297 2.000 -28.651 12.825 1.414 -29.817 9.295 1.414
3 324 -29.817 9.295 1.414 -28.449 8.934 2.000 -27.339 12.297 2.000
3 324 -27.082 8.574 1.414 -28.449 8.934 2.000 -29.239 4.973 2.000
3 324 -29.239 4.973 2.000 -27.837 4.788 1.414 -27.082 8.574 1.414
3 324 -26.515 8.424 0.000 -27.082 8.574 1.414 -27.837 4.788 1.414
3 324 -27.837 4.788 1.414 -27.256 4.711 0.000 -26.515 8.424 0.000
3 324 -27.082 8.574 -1.414 -26.515 8.424 0.000 -27.256 4.711 0.000
3 324 -27.256 4.711 0.000 -27.837 4.788 -1.414 -27.082 8.574 -1.414
3 324 -28.449 8.934 -2.000 -27.082 8.574 -1.414 -27.837 4.788 -1.414
3 324 -27.837 4.788 -1.414 -29.239 4.973 -2.000 -28.449 8.934 -2.000
3 324 -29.817 9.295 -1.414 -28.449 8.934 -2.000 -29.239 4.973 -2.000
3 324 -29.239 4.973 -2.000 -30.641 5.158 -1.414 -29.817 9.295 -1.414
3 324 -30.383 9.445 0.000 -29.817 9.295 -1.414 -30.641 5.158 -1.414
3 324 -30.641 5.158 -1.414 -31.222 5.234 0.000 -30.383 9.445 0.000
3 324 -29.817 9.295 1.414 -30.383 9.445 0.000 -31.222 5.234 0.000
3 324 -31.222 5.234 0.000 -30.641 5.158 1.414 -29.817 9.295 1.414
3 324 -28.449 8.934 2.000 -29.817 9.295 1.414 -30.641 5.158 1.414
3 324 -30.641 5.158 1.414 -29.239 4.973 2.000 -28.449 8.934 2.000
3 324 -27.837 4.788 1.414 -29.239 4.973 2.000 -29.500 1.000 2.000
3 324 -29.500 1.000 2.000 -28.086 1.000 1.414 -27.837 4.788 1.414
3 324 -27.256 4.711 0.000 -27.837 4.788 1.414 -28.086 1.000 1.414
3 324 -28.086 1.000 1.414 -27.500 1.000 0.000 -27.256 4.711 0.000
3 324 -27.837 4.788 -1.414 -27.256 4.711 0.000 -27.500 1.000 0.000
3 324 -27.500 1.000 0.000 -28.086 1.000 -1.414 -27.837 4.788 -1.414
3 324 -29.239 4.973 -2.000 -27.837 4.788 -1.414 -28.086 1.000 -1.414
3 324 -28.086 1.000 -1.414 -29.500 1.000 -2.000 -29.239 4.973 -2.000
3 324 -30.641 5.158 -1.414 -29.239 4.973 -2.000 -29.500 1.000 -2.000
3 324 -29.500 1.000 -2.000 -30.914 1.000 -1.414 -30.641 5.158 -1.414
3 324 -31.222 5.234 0.000 -30.641 5.158 -1.414 -30.914 1.000 -1.414
3 324 -30.914 1.000 -1.414 -31.500 1.000 0.000 -31.222 5.234 0.000
3 324 -30.641 5.158 1.414 -31.222 5.234 0.000 -31.500 1.000 0.000
3 324 -31.500 1.000 0.000 -30.914 1.000 1.414 -30.641 5.158 1.414
3 324 -29.239 4.973 2.000 -30.641 5.158 1.414 -30.914 1.000 1.414
3 324 -30.914 1.000 1.414 -29.500 1.000 2.000 -29.239 4.973 2.000
