0 FILE xpj0102.dat
0 xpj0102
0 Name:  UntitledModel
0 Author:  
0 BL_Item_No xpj0102.dat
0 BFC CERTIFY CCW
3 65 -98.949 -10.595 15.410 -98.927 -12.013 15.986 -82.544 -12.010 15.703
3 65 -82.544 -12.010 15.703 -82.551 -10.592 15.125 -98.949 -10.595 15.410
3 65 -99.000 -10.000 14.000 -98.949 -10.595 15.410 -82.551 -10.592 15.125
3 65 -82.551 -10.592 15.125 -82.566 -9.998 13.715 -99.000 -10.000 14.000
3 65 -99.051 -10.577 12.583 -99.000 -10.000 14.000 -82.566 -9.998 13.715
3 65 -82.566 -9.998 13.715 -82.581 -10.576 12.297 -99.051 -10.577 12.583
3 65 -99.073 -11.987 11.989 -99.051 -10.577 12.583 -82.581 -10.576 12.297
3 65 -82.581 -10.576 12.297 -82.587 -11.986 11.703 -99.073 -11.987 11.989
3 65 -99.051 -13.405 12.565 -99.073 -11.987 11.989 -82.587 -11.986 11.703
3 65 -82.587 -11.986 11.703 -82.581 -13.404 12.280 -99.051 -13.405 12.565
3 65 -99.000 -14.000 13.975 -99.051 -13.405 12.565 -82.581 -13.404 12.280
3 65 -82.581 -13.404 12.280 -82.566 -13.998 13.691 -99.000 -14.000 13.975
3 65 -98.949 -13.423 15.392 -99.000 -14.000 13.975 -82.566 -13.998 13.691
3 65 -82.566 -13.998 13.691 -82.551 -13.421 15.108 -98.949 -13.423 15.392
3 65 -98.927 -12.013 15.986 -98.949 -13.423 15.392 -82.551 -13.421 15.108
3 65 -82.551 -13.421 15.108 -82.544 -12.010 15.703 -98.927 -12.013 15.986
3 65 -82.551 -10.592 15.125 -82.544 -12.010 15.703 -54.673 -12.008 15.591
3 65 -54.673 -12.008 15.591 -54.674 -10.591 15.013 -82.551 -10.592 15.125
3 65 -82.566 -9.998 13.715 -82.551 -10.592 15.125 -54.674 -10.591 15.013
3 65 -54.674 -10.591 15.013 -54.676 -9.997 13.601 -82.566 -9.998 13.715
3 65 -82.581 -10.576 12.297 -82.566 -9.998 13.715 -54.676 -9.997 13.601
3 65 -54.676 -9.997 13.601 -54.678 -10.576 12.184 -82.581 -10.576 12.297
3 65 -82.587 -11.986 11.703 -82.581 -10.576 12.297 -54.678 -10.576 12.184
3 65 -54.678 -10.576 12.184 -54.678 -11.987 11.591 -82.587 -11.986 11.703
3 65 -82.581 -13.404 12.280 -82.587 -11.986 11.703 -54.678 -11.987 11.591
3 65 -54.678 -11.987 11.591 -54.678 -13.404 12.169 -82.581 -13.404 12.280
3 65 -82.566 -13.998 13.691 -82.581 -13.404 12.280 -54.678 -13.404 12.169
3 65 -54.678 -13.404 12.169 -54.676 -13.997 13.581 -82.566 -13.998 13.691
3 65 -82.551 -13.421 15.108 -82.566 -13.998 13.691 -54.676 -13.997 13.581
3 65 -54.676 -13.997 13.581 -54.674 -13.419 14.998 -82.551 -13.421 15.108
3 65 -82.544 -12.010 15.703 -82.551 -13.421 15.108 -54.674 -13.419 14.998
3 65 -54.674 -13.419 14.998 -54.673 -12.008 15.591 -82.544 -12.010 15.703
3 65 -54.674 -10.591 15.013 -54.673 -12.008 15.591 -14.837 -12.006 15.638
3 65 -14.837 -12.006 15.638 -14.836 -10.589 15.058 -54.674 -10.591 15.013
3 65 -54.676 -9.997 13.601 -54.674 -10.591 15.013 -14.836 -10.589 15.058
3 65 -14.836 -10.589 15.058 -14.833 -9.998 13.647 -54.676 -9.997 13.601
3 65 -54.678 -10.576 12.184 -54.676 -9.997 13.601 -14.833 -9.998 13.647
3 65 -14.833 -9.998 13.647 -14.829 -10.578 12.230 -54.678 -10.576 12.184
3 65 -54.678 -11.987 11.591 -54.678 -10.576 12.184 -14.829 -10.578 12.230
3 65 -14.829 -10.578 12.230 -14.828 -11.990 11.638 -54.678 -11.987 11.591
3 65 -54.678 -13.404 12.169 -54.678 -11.987 11.591 -14.828 -11.990 11.638
3 65 -14.828 -11.990 11.638 -14.829 -13.406 12.219 -54.678 -13.404 12.169
3 65 -54.676 -13.997 13.581 -54.678 -13.404 12.169 -14.829 -13.406 12.219
3 65 -14.829 -13.406 12.219 -14.833 -13.998 13.630 -54.676 -13.997 13.581
3 65 -54.674 -13.419 14.998 -54.676 -13.997 13.581 -14.833 -13.998 13.630
3 65 -14.833 -13.998 13.630 -14.836 -13.418 15.047 -54.674 -13.419 14.998
3 65 -54.673 -12.008 15.591 -54.674 -13.419 14.998 -14.836 -13.418 15.047
3 65 -14.836 -13.418 15.047 -14.837 -12.006 15.638 -54.673 -12.008 15.591
3 65 -14.836 -10.589 15.058 -14.837 -12.006 15.638 25.002 -12.004 15.782
3 65 25.002 -12.004 15.782 25.005 -10.588 15.200 -14.836 -10.589 15.058
3 65 -14.833 -9.998 13.647 -14.836 -10.589 15.058 25.005 -10.588 15.200
3 65 25.005 -10.588 15.200 25.010 -9.999 13.788 -14.833 -9.998 13.647
3 65 -14.829 -10.578 12.230 -14.833 -9.998 13.647 25.010 -9.999 13.788
3 65 25.010 -9.999 13.788 25.016 -10.581 12.372 -14.829 -10.578 12.230
3 65 -14.828 -11.990 11.638 -14.829 -10.578 12.230 25.016 -10.581 12.372
3 65 25.016 -10.581 12.372 25.018 -11.993 11.782 -14.828 -11.990 11.638
3 65 -14.829 -13.406 12.219 -14.828 -11.990 11.638 25.018 -11.993 11.782
3 65 25.018 -11.993 11.782 25.016 -13.409 12.364 -14.829 -13.406 12.219
3 65 -14.833 -13.998 13.630 -14.829 -13.406 12.219 25.016 -13.409 12.364
3 65 25.016 -13.409 12.364 25.010 -13.999 13.777 -14.833 -13.998 13.630
3 65 -14.836 -13.418 15.047 -14.833 -13.998 13.630 25.010 -13.999 13.777
3 65 25.010 -13.999 13.777 25.005 -13.417 15.193 -14.836 -13.418 15.047
3 65 -14.837 -12.006 15.638 -14.836 -13.418 15.047 25.005 -13.417 15.193
3 65 25.005 -13.417 15.193 25.002 -12.004 15.782 -14.837 -12.006 15.638
3 65 25.005 -10.588 15.200 25.002 -12.004 15.782 64.845 -12.002 15.957
3 65 64.845 -12.002 15.957 64.848 -10.587 15.373 25.005 -10.588 15.200
3 65 25.010 -9.999 13.788 25.005 -10.588 15.200 64.848 -10.587 15.373
3 65 64.848 -10.587 15.373 64.853 -10.000 13.960 25.010 -9.999 13.788
3 65 25.016 -10.581 12.372 25.010 -9.999 13.788 64.853 -10.000 13.960
3 65 64.853 -10.000 13.960 64.859 -10.584 12.545 25.016 -10.581 12.372
3 65 25.018 -11.993 11.782 25.016 -10.581 12.372 64.859 -10.584 12.545
3 65 64.859 -10.584 12.545 64.861 -11.997 11.957 25.018 -11.993 11.782
3 65 25.016 -13.409 12.364 25.018 -11.993 11.782 64.861 -11.997 11.957
3 65 64.861 -11.997 11.957 64.858 -13.412 12.541 25.016 -13.409 12.364
3 65 25.010 -13.999 13.777 25.016 -13.409 12.364 64.858 -13.412 12.541
3 65 64.858 -13.412 12.541 64.853 -14.000 13.955 25.010 -13.999 13.777
3 65 25.005 -13.417 15.193 25.010 -13.999 13.777 64.853 -14.000 13.955
3 65 64.853 -14.000 13.955 64.848 -13.416 15.370 25.005 -13.417 15.193
3 65 25.002 -12.004 15.782 25.005 -13.417 15.193 64.848 -13.416 15.370
3 65 64.848 -13.416 15.370 64.845 -12.002 15.957 25.002 -12.004 15.782
3 65 64.848 -10.587 15.373 64.845 -12.002 15.957 76.802 -12.001 15.996
3 65 76.802 -12.001 15.996 76.773 -10.587 15.411 64.848 -10.587 15.373
3 65 64.853 -10.000 13.960 64.848 -10.587 15.373 76.773 -10.587 15.411
3 65 76.773 -10.587 15.411 76.763 -10.000 13.997 64.853 -10.000 13.960
3 65 64.859 -10.584 12.545 64.853 -10.000 13.960 76.763 -10.000 13.997
3 65 76.763 -10.000 13.997 76.779 -10.586 12.583 64.859 -10.584 12.545
3 65 64.861 -11.997 11.957 64.859 -10.584 12.545 76.779 -10.586 12.583
3 65 76.779 -10.586 12.583 76.810 -11.999 11.996 64.861 -11.997 11.957
3 65 64.858 -13.412 12.541 64.861 -11.997 11.957 76.810 -11.999 11.996
3 65 76.810 -11.999 11.996 76.839 -13.413 12.582 64.858 -13.412 12.541
3 65 64.853 -14.000 13.955 64.858 -13.412 12.541 76.839 -13.413 12.582
3 65 76.839 -13.413 12.582 76.849 -14.000 13.996 64.853 -14.000 13.955
3 65 64.848 -13.416 15.370 64.853 -14.000 13.955 76.849 -14.000 13.996
3 65 76.849 -14.000 13.996 76.833 -13.414 15.410 64.848 -13.416 15.370
3 65 64.845 -12.002 15.957 64.848 -13.416 15.370 76.833 -13.414 15.410
3 65 76.833 -13.414 15.410 76.802 -12.001 15.996 64.845 -12.002 15.957
3 65 76.773 -10.587 15.411 76.802 -12.001 15.996 80.773 -11.829 16.000
3 65 80.773 -11.829 16.000 80.485 -10.445 15.414 76.773 -10.587 15.411
3 65 76.763 -10.000 13.997 76.773 -10.587 15.411 80.485 -10.445 15.414
3 65 80.485 -10.445 15.414 80.361 -9.872 13.999 76.763 -10.000 13.997
3 65 76.779 -10.586 12.583 76.763 -10.000 13.997 80.361 -9.872 13.999
3 65 80.361 -9.872 13.999 80.475 -10.447 12.585 76.779 -10.586 12.583
3 65 76.810 -11.999 11.996 76.779 -10.586 12.583 80.475 -10.447 12.585
3 65 80.475 -10.447 12.585 80.760 -11.833 12.000 76.810 -11.999 11.996
3 65 76.839 -13.413 12.582 76.810 -11.999 11.996 80.760 -11.833 12.000
3 65 80.760 -11.833 12.000 81.049 -13.217 12.586 76.839 -13.413 12.582
3 65 76.849 -14.000 13.996 76.839 -13.413 12.582 81.049 -13.217 12.586
3 65 81.049 -13.217 12.586 81.172 -13.789 14.000 76.849 -14.000 13.996
3 65 76.833 -13.414 15.410 76.849 -14.000 13.996 81.172 -13.789 14.000
3 65 81.172 -13.789 14.000 81.058 -13.215 15.414 76.833 -13.414 15.410
3 65 76.802 -12.001 15.996 76.833 -13.414 15.410 81.058 -13.215 15.414
3 65 81.058 -13.215 15.414 80.773 -11.829 16.000 76.802 -12.001 15.996
3 65 80.485 -10.445 15.414 80.773 -11.829 16.000 84.517 -10.379 15.969
3 65 84.517 -10.379 15.969 84.034 -9.055 15.372 80.485 -10.445 15.414
3 65 80.361 -9.872 13.999 80.485 -10.445 15.414 84.034 -9.055 15.372
3 65 84.034 -9.055 15.372 83.817 -8.523 13.953 80.361 -9.872 13.999
3 65 80.475 -10.447 12.585 80.361 -9.872 13.999 83.817 -8.523 13.953
3 65 83.817 -8.523 13.953 83.992 -9.094 12.544 80.475 -10.447 12.585
3 65 80.760 -11.833 12.000 80.475 -10.447 12.585 83.992 -9.094 12.544
3 65 83.992 -9.094 12.544 84.457 -10.434 11.970 80.760 -11.833 12.000
3 65 81.049 -13.217 12.586 80.760 -11.833 12.000 84.457 -10.434 11.970
3 65 84.457 -10.434 11.970 84.940 -11.758 12.566 81.049 -13.217 12.586
3 65 81.172 -13.789 14.000 81.049 -13.217 12.586 84.940 -11.758 12.566
3 65 84.940 -11.758 12.566 85.158 -12.291 13.985 81.172 -13.789 14.000
3 65 81.058 -13.215 15.414 81.172 -13.789 14.000 85.158 -12.291 13.985
3 65 85.158 -12.291 13.985 84.983 -11.720 15.394 81.058 -13.215 15.414
3 65 80.773 -11.829 16.000 81.058 -13.215 15.414 84.983 -11.720 15.394
3 65 84.983 -11.720 15.394 84.517 -10.379 15.969 80.773 -11.829 16.000
3 65 84.034 -9.055 15.372 84.517 -10.379 15.969 88.355 -9.080 15.848
3 65 88.355 -9.080 15.848 87.944 -7.744 15.224 84.034 -9.055 15.372
3 65 83.817 -8.523 13.953 84.034 -9.055 15.372 87.944 -7.744 15.224
3 65 87.944 -7.744 15.224 87.724 -7.239 13.796 83.817 -8.523 13.953
3 65 83.992 -9.094 12.544 83.817 -8.523 13.953 87.724 -7.239 13.796
3 65 87.724 -7.239 13.796 87.824 -7.860 12.400 83.992 -9.094 12.544
3 65 84.457 -10.434 11.970 83.992 -9.094 12.544 87.824 -7.860 12.400
3 65 87.824 -7.860 12.400 88.184 -9.244 11.855 84.457 -10.434 11.970
3 65 84.940 -11.758 12.566 84.457 -10.434 11.970 88.184 -9.244 11.855
3 65 88.184 -9.244 11.855 88.595 -10.580 12.479 84.940 -11.758 12.566
3 65 85.158 -12.291 13.985 84.940 -11.758 12.566 88.595 -10.580 12.479
3 65 88.595 -10.580 12.479 88.815 -11.085 13.907 85.158 -12.291 13.985
3 65 84.983 -11.720 15.394 85.158 -12.291 13.985 88.815 -11.085 13.907
3 65 88.815 -11.085 13.907 88.716 -10.464 15.303 84.983 -11.720 15.394
3 65 84.517 -10.379 15.969 84.983 -11.720 15.394 88.716 -10.464 15.303
3 65 88.716 -10.464 15.303 88.355 -9.080 15.848 84.517 -10.379 15.969
3 65 87.944 -7.744 15.224 88.355 -9.080 15.848 92.362 -8.075 15.535
3 65 92.362 -8.075 15.535 92.069 -6.733 14.859 87.944 -7.744 15.224
3 65 87.724 -7.239 13.796 87.944 -7.744 15.224 92.069 -6.733 14.859
3 65 92.069 -6.733 14.859 91.815 -6.280 13.419 87.724 -7.239 13.796
3 65 87.824 -7.860 12.400 87.724 -7.239 13.796 91.815 -6.280 13.419
3 65 91.815 -6.280 13.419 91.747 -6.981 12.059 87.824 -7.860 12.400
3 65 88.184 -9.244 11.855 87.824 -7.860 12.400 91.747 -6.981 12.059
3 65 91.747 -6.981 12.059 91.906 -8.425 11.577 88.184 -9.244 11.855
3 65 88.595 -10.580 12.479 88.184 -9.244 11.855 91.906 -8.425 11.577
3 65 91.906 -8.425 11.577 92.199 -9.766 12.254 88.595 -10.580 12.479
3 65 88.815 -11.085 13.907 88.595 -10.580 12.479 92.199 -9.766 12.254
3 65 92.199 -9.766 12.254 92.453 -10.219 13.693 88.815 -11.085 13.907
3 65 88.716 -10.464 15.303 88.815 -11.085 13.907 92.453 -10.219 13.693
3 65 92.453 -10.219 13.693 92.521 -9.519 15.053 88.716 -10.464 15.303
3 65 88.355 -9.080 15.848 88.716 -10.464 15.303 92.521 -9.519 15.053
3 65 92.521 -9.519 15.053 92.362 -8.075 15.535 88.355 -9.080 15.848
3 65 92.362 -8.075 15.535 96.697 -7.628 14.714 96.565 -6.346 13.888
3 65 96.565 -6.346 13.888 92.069 -6.733 14.859 92.362 -8.075 15.535
3 65 92.069 -6.733 14.859 96.565 -6.346 13.888 96.121 -6.019 12.460
3 65 96.121 -6.019 12.460 91.815 -6.280 13.419 92.069 -6.733 14.859
3 65 91.815 -6.280 13.419 96.121 -6.019 12.460 95.626 -6.839 11.266
3 65 95.626 -6.839 11.266 91.747 -6.981 12.059 91.815 -6.280 13.419
3 65 91.747 -6.981 12.059 95.626 -6.839 11.266 95.369 -8.325 11.006
3 65 95.369 -8.325 11.006 91.906 -8.425 11.577 91.747 -6.981 12.059
3 65 91.906 -8.425 11.577 95.369 -8.325 11.006 95.502 -9.607 11.831
3 65 95.502 -9.607 11.831 92.199 -9.766 12.254 91.906 -8.425 11.577
3 65 92.199 -9.766 12.254 95.502 -9.607 11.831 95.945 -9.934 13.259
3 65 95.945 -9.934 13.259 92.453 -10.219 13.693 92.199 -9.766 12.254
3 65 92.453 -10.219 13.693 95.945 -9.934 13.259 96.441 -9.115 14.453
3 65 96.441 -9.115 14.453 92.521 -9.519 15.053 92.453 -10.219 13.693
3 65 92.521 -9.519 15.053 96.441 -9.115 14.453 96.697 -7.628 14.714
3 65 96.697 -7.628 14.714 92.362 -8.075 15.535 92.521 -9.519 15.053
3 65 96.697 -7.628 14.714 100.873 -8.696 12.439 100.672 -7.590 11.401
3 65 100.672 -7.590 11.401 96.565 -6.346 13.888 96.697 -7.628 14.714
3 65 96.565 -6.346 13.888 100.672 -7.590 11.401 99.712 -7.364 10.230
3 65 99.712 -7.364 10.230 96.121 -6.019 12.460 96.565 -6.346 13.888
3 65 96.121 -6.019 12.460 99.712 -7.364 10.230 98.554 -8.153 9.613
3 65 98.554 -8.153 9.613 95.626 -6.839 11.266 96.121 -6.019 12.460
3 65 95.626 -6.839 11.266 98.554 -8.153 9.613 97.877 -9.493 9.911
3 65 97.877 -9.493 9.911 95.369 -8.325 11.006 95.626 -6.839 11.266
3 65 95.369 -8.325 11.006 97.877 -9.493 9.911 98.078 -10.600 10.949
3 65 98.078 -10.600 10.949 95.502 -9.607 11.831 95.369 -8.325 11.006
3 65 95.502 -9.607 11.831 98.078 -10.600 10.949 99.038 -10.825 12.119
3 65 99.038 -10.825 12.119 95.945 -9.934 13.259 95.502 -9.607 11.831
3 65 95.945 -9.934 13.259 99.038 -10.825 12.119 100.196 -10.037 12.737
3 65 100.196 -10.037 12.737 96.441 -9.115 14.453 95.945 -9.934 13.259
3 65 96.441 -9.115 14.453 100.196 -10.037 12.737 100.873 -8.696 12.439
3 65 100.873 -8.696 12.439 96.697 -7.628 14.714 96.441 -9.115 14.453
3 65 100.873 -8.696 12.439 102.750 -11.340 8.791 102.252 -10.284 7.801
3 65 102.252 -10.284 7.801 100.672 -7.590 11.401 100.873 -8.696 12.439
3 65 100.672 -7.590 11.401 102.252 -10.284 7.801 100.900 -9.947 7.168
3 65 100.900 -9.947 7.168 99.712 -7.364 10.230 100.672 -7.590 11.401
3 65 99.712 -7.364 10.230 100.900 -9.947 7.168 99.486 -10.524 7.264
3 65 99.486 -10.524 7.264 98.554 -8.153 9.613 99.712 -7.364 10.230
3 65 98.554 -8.153 9.613 99.486 -10.524 7.264 98.838 -11.679 8.032
3 65 98.838 -11.679 8.032 97.877 -9.493 9.911 98.554 -8.153 9.613
3 65 97.877 -9.493 9.911 98.838 -11.679 8.032 99.336 -12.734 9.023
3 65 99.336 -12.734 9.023 98.078 -10.600 10.949 97.877 -9.493 9.911
3 65 98.078 -10.600 10.949 99.336 -12.734 9.023 100.688 -13.072 9.655
3 65 100.688 -13.072 9.655 99.038 -10.825 12.119 98.078 -10.600 10.949
3 65 99.038 -10.825 12.119 100.688 -13.072 9.655 102.103 -12.494 9.560
3 65 102.103 -12.494 9.560 100.196 -10.037 12.737 99.038 -10.825 12.119
3 65 100.196 -10.037 12.737 102.103 -12.494 9.560 102.750 -11.340 8.791
3 65 102.750 -11.340 8.791 100.873 -8.696 12.439 100.196 -10.037 12.737
3 65 102.750 -11.340 8.791 102.927 -13.911 5.203 102.288 -12.766 4.414
3 65 102.288 -12.766 4.414 102.252 -10.284 7.801 102.750 -11.340 8.791
3 65 102.252 -10.284 7.801 102.288 -12.766 4.414 100.853 -12.316 4.130
3 65 100.853 -12.316 4.130 100.900 -9.947 7.168 102.252 -10.284 7.801
3 65 100.900 -9.947 7.168 100.853 -12.316 4.130 99.462 -12.824 4.517
3 65 99.462 -12.824 4.517 99.486 -10.524 7.264 100.900 -9.947 7.168
3 65 99.486 -10.524 7.264 99.462 -12.824 4.517 98.931 -13.994 5.350
3 65 98.931 -13.994 5.350 98.838 -11.679 8.032 99.486 -10.524 7.264
3 65 98.838 -11.679 8.032 98.931 -13.994 5.350 99.570 -15.139 6.139
3 65 99.570 -15.139 6.139 99.336 -12.734 9.023 98.838 -11.679 8.032
3 65 99.336 -12.734 9.023 99.570 -15.139 6.139 101.005 -15.589 6.423
3 65 101.005 -15.589 6.423 100.688 -13.072 9.655 99.336 -12.734 9.023
3 65 100.688 -13.072 9.655 101.005 -15.589 6.423 102.396 -15.081 6.035
3 65 102.396 -15.081 6.035 102.103 -12.494 9.560 100.688 -13.072 9.655
3 65 102.103 -12.494 9.560 102.396 -15.081 6.035 102.927 -13.911 5.203
3 65 102.927 -13.911 5.203 102.750 -11.340 8.791 102.103 -12.494 9.560
3 65 102.288 -12.766 4.414 102.927 -13.911 5.203 102.636 -16.056 1.726
3 65 102.636 -16.056 1.726 101.979 -14.823 1.101 102.288 -12.766 4.414
3 65 100.853 -12.316 4.130 102.288 -12.766 4.414 101.979 -14.823 1.101
3 65 101.979 -14.823 1.101 100.540 -14.321 0.954 100.853 -12.316 4.130
3 65 99.462 -12.824 4.517 100.853 -12.316 4.130 100.540 -14.321 0.954
3 65 100.540 -14.321 0.954 99.163 -14.845 1.371 99.462 -12.824 4.517
3 65 98.931 -13.994 5.350 99.462 -12.824 4.517 99.163 -14.845 1.371
3 65 99.163 -14.845 1.371 98.655 -16.086 2.108 98.931 -13.994 5.350
3 65 99.570 -15.139 6.139 98.931 -13.994 5.350 98.655 -16.086 2.108
3 65 98.655 -16.086 2.108 99.313 -17.319 2.733 99.570 -15.139 6.139
3 65 101.005 -15.589 6.423 99.570 -15.139 6.139 99.313 -17.319 2.733
3 65 99.313 -17.319 2.733 100.751 -17.821 2.880 101.005 -15.589 6.423
3 65 102.396 -15.081 6.035 101.005 -15.589 6.423 100.751 -17.821 2.880
3 65 100.751 -17.821 2.880 102.128 -17.298 2.463 102.396 -15.081 6.035
3 65 102.927 -13.911 5.203 102.396 -15.081 6.035 102.128 -17.298 2.463
3 65 102.128 -17.298 2.463 102.636 -16.056 1.726 102.927 -13.911 5.203
3 65 101.979 -14.823 1.101 102.636 -16.056 1.726 102.285 -17.795 -1.840
3 65 102.285 -17.795 -1.840 101.655 -16.452 -2.215 101.979 -14.823 1.101
3 65 100.540 -14.321 0.954 101.979 -14.823 1.101 101.655 -16.452 -2.215
3 65 101.655 -16.452 -2.215 100.228 -15.900 -2.260 100.540 -14.321 0.954
3 65 99.163 -14.845 1.371 100.540 -14.321 0.954 100.228 -15.900 -2.260
3 65 100.228 -15.900 -2.260 98.839 -16.464 -1.948 99.163 -14.845 1.371
3 65 98.655 -16.086 2.108 99.163 -14.845 1.371 98.839 -16.464 -1.948
3 65 98.839 -16.464 -1.948 98.303 -17.813 -1.463 98.655 -16.086 2.108
3 65 99.313 -17.319 2.733 98.655 -16.086 2.108 98.303 -17.813 -1.463
3 65 98.303 -17.813 -1.463 98.932 -19.156 -1.088 99.313 -17.319 2.733
3 65 100.751 -17.821 2.880 99.313 -17.319 2.733 98.932 -19.156 -1.088
3 65 98.932 -19.156 -1.088 100.360 -19.708 -1.043 100.751 -17.821 2.880
3 65 102.128 -17.298 2.463 100.751 -17.821 2.880 100.360 -19.708 -1.043
3 65 100.360 -19.708 -1.043 101.748 -19.144 -1.354 102.128 -17.298 2.463
3 65 102.636 -16.056 1.726 102.128 -17.298 2.463 101.748 -19.144 -1.354
3 65 101.748 -19.144 -1.354 102.285 -17.795 -1.840 102.636 -16.056 1.726
3 65 101.655 -16.452 -2.215 102.285 -17.795 -1.840 101.946 -18.478 -5.700
3 65 101.946 -18.478 -5.700 101.370 -17.066 -5.561 101.655 -16.452 -2.215
3 65 100.228 -15.900 -2.260 101.655 -16.452 -2.215 101.370 -17.066 -5.561
3 65 101.370 -17.066 -5.561 99.964 -16.483 -5.402 100.228 -15.900 -2.260
3 65 98.839 -16.464 -1.948 100.228 -15.900 -2.260 99.964 -16.483 -5.402
3 65 99.964 -16.483 -5.402 98.552 -17.068 -5.314 98.839 -16.464 -1.948
3 65 98.303 -17.813 -1.463 98.839 -16.464 -1.948 98.552 -17.068 -5.314
3 65 98.552 -17.068 -5.314 97.962 -18.480 -5.351 98.303 -17.813 -1.463
3 65 98.932 -19.156 -1.088 98.303 -17.813 -1.463 97.962 -18.480 -5.351
3 65 97.962 -18.480 -5.351 98.538 -19.891 -5.490 98.932 -19.156 -1.088
3 65 100.360 -19.708 -1.043 98.932 -19.156 -1.088 98.538 -19.891 -5.490
3 65 98.538 -19.891 -5.490 99.944 -20.475 -5.649 100.360 -19.708 -1.043
3 65 101.748 -19.144 -1.354 100.360 -19.708 -1.043 99.944 -20.475 -5.649
3 65 99.944 -20.475 -5.649 101.356 -19.889 -5.736 101.748 -19.144 -1.354
3 65 102.285 -17.795 -1.840 101.748 -19.144 -1.354 101.356 -19.889 -5.736
3 65 101.356 -19.889 -5.736 101.946 -18.478 -5.700 102.285 -17.795 -1.840
3 65 101.370 -17.066 -5.561 101.946 -18.478 -5.700 101.617 -17.327 -9.461
3 65 101.617 -17.327 -9.461 101.096 -16.107 -8.697 101.370 -17.066 -5.561
3 65 99.964 -16.483 -5.402 101.370 -17.066 -5.561 101.096 -16.107 -8.697
3 65 101.096 -16.107 -8.697 99.713 -15.602 -8.278 99.964 -16.483 -5.402
3 65 98.552 -17.068 -5.314 99.964 -16.483 -5.402 99.713 -15.602 -8.278
3 65 99.713 -15.602 -8.278 98.279 -16.107 -8.450 98.552 -17.068 -5.314
3 65 97.962 -18.480 -5.351 98.552 -17.068 -5.314 98.279 -16.107 -8.450
3 65 98.279 -16.107 -8.450 97.633 -17.327 -9.112 97.962 -18.480 -5.351
3 65 98.538 -19.891 -5.490 97.962 -18.480 -5.351 97.633 -17.327 -9.112
3 65 97.633 -17.327 -9.112 98.154 -18.547 -9.876 98.538 -19.891 -5.490
3 65 99.944 -20.475 -5.649 98.538 -19.891 -5.490 98.154 -18.547 -9.876
3 65 98.154 -18.547 -9.876 99.537 -19.052 -10.295 99.944 -20.475 -5.649
3 65 101.356 -19.889 -5.736 99.944 -20.475 -5.649 99.537 -19.052 -10.295
3 65 99.537 -19.052 -10.295 100.971 -18.547 -10.123 101.356 -19.889 -5.736
3 65 101.946 -18.478 -5.700 101.356 -19.889 -5.736 100.971 -18.547 -10.123
3 65 100.971 -18.547 -10.123 101.617 -17.327 -9.461 101.946 -18.478 -5.700
3 65 101.096 -16.107 -8.697 101.617 -17.327 -9.461 101.369 -14.592 -12.297
3 65 101.369 -14.592 -12.297 100.889 -13.828 -11.060 101.096 -16.107 -8.697
3 65 99.713 -15.602 -8.278 101.096 -16.107 -8.697 100.889 -13.828 -11.060
3 65 100.889 -13.828 -11.060 99.524 -13.511 -10.446 99.713 -15.602 -8.278
3 65 98.279 -16.107 -8.450 99.713 -15.602 -8.278 99.524 -13.511 -10.446
3 65 99.524 -13.511 -10.446 98.072 -13.828 -10.814 98.279 -16.107 -8.450
3 65 97.633 -17.327 -9.112 98.279 -16.107 -8.450 98.072 -13.828 -10.814
3 65 98.072 -13.828 -10.814 97.384 -14.592 -11.948 97.633 -17.327 -9.112
3 65 98.154 -18.547 -9.876 97.633 -17.327 -9.112 97.384 -14.592 -11.948
3 65 97.384 -14.592 -11.948 97.864 -15.356 -13.184 98.154 -18.547 -9.876
3 65 99.537 -19.052 -10.295 98.154 -18.547 -9.876 97.864 -15.356 -13.184
3 65 97.864 -15.356 -13.184 99.230 -15.673 -13.799 99.537 -19.052 -10.295
3 65 100.971 -18.547 -10.123 99.537 -19.052 -10.295 99.230 -15.673 -13.799
3 65 99.230 -15.673 -13.799 100.682 -15.356 -13.431 100.971 -18.547 -10.123
3 65 101.617 -17.327 -9.461 100.971 -18.547 -10.123 100.682 -15.356 -13.431
3 65 100.682 -15.356 -13.431 101.369 -14.592 -12.297 101.617 -17.327 -9.461
3 65 100.889 -13.828 -11.060 101.369 -14.592 -12.297 101.256 -10.866 -13.595
3 65 101.256 -10.866 -13.595 100.795 -10.722 -12.143 100.889 -13.828 -11.060
3 65 99.524 -13.511 -10.446 100.889 -13.828 -11.060 100.795 -10.722 -12.143
3 65 100.795 -10.722 -12.143 99.437 -10.662 -11.439 99.524 -13.511 -10.446
3 65 98.072 -13.828 -10.814 99.524 -13.511 -10.446 99.437 -10.662 -11.439
3 65 99.437 -10.662 -11.439 97.977 -10.722 -11.896 98.072 -13.828 -10.814
3 65 97.384 -14.592 -11.948 98.072 -13.828 -10.814 97.977 -10.722 -11.896
3 65 97.977 -10.722 -11.896 97.271 -10.866 -13.247 97.384 -14.592 -11.948
3 65 97.864 -15.356 -13.184 97.384 -14.592 -11.948 97.271 -10.866 -13.247
3 65 97.271 -10.866 -13.247 97.732 -11.010 -14.699 97.864 -15.356 -13.184
3 65 99.230 -15.673 -13.799 97.864 -15.356 -13.184 97.732 -11.010 -14.699
3 65 97.732 -11.010 -14.699 99.090 -11.069 -15.403 99.230 -15.673 -13.799
3 65 100.682 -15.356 -13.431 99.230 -15.673 -13.799 99.090 -11.069 -15.403
3 65 99.090 -11.069 -15.403 100.550 -11.010 -14.946 100.682 -15.356 -13.431
3 65 101.369 -14.592 -12.297 100.682 -15.356 -13.431 100.550 -11.010 -14.946
3 65 100.550 -11.010 -14.946 101.256 -10.866 -13.595 101.369 -14.592 -12.297
3 65 100.795 -10.722 -12.143 101.256 -10.866 -13.595 101.301 -6.952 -13.076
3 65 101.301 -6.952 -13.076 100.833 -7.460 -11.710 100.795 -10.722 -12.143
3 65 99.437 -10.662 -11.439 100.795 -10.722 -12.143 100.833 -7.460 -11.710
3 65 100.833 -7.460 -11.710 99.471 -7.670 -11.042 99.437 -10.662 -11.439
3 65 97.977 -10.722 -11.896 99.437 -10.662 -11.439 99.471 -7.670 -11.042
3 65 99.471 -7.670 -11.042 98.015 -7.460 -11.464 97.977 -10.722 -11.896
3 65 97.271 -10.866 -13.247 97.977 -10.722 -11.896 98.015 -7.460 -11.464
3 65 98.015 -7.460 -11.464 97.316 -6.952 -12.728 97.271 -10.866 -13.247
3 65 97.732 -11.010 -14.699 97.271 -10.866 -13.247 97.316 -6.952 -12.728
3 65 97.316 -6.952 -12.728 97.785 -6.445 -14.094 97.732 -11.010 -14.699
3 65 99.090 -11.069 -15.403 97.732 -11.010 -14.699 97.785 -6.445 -14.094
3 65 97.785 -6.445 -14.094 99.146 -6.235 -14.762 99.090 -11.069 -15.403
3 65 100.550 -11.010 -14.946 99.090 -11.069 -15.403 99.146 -6.235 -14.762
3 65 99.146 -6.235 -14.762 100.602 -6.445 -14.340 100.550 -11.010 -14.946
3 65 101.256 -10.866 -13.595 100.550 -11.010 -14.946 100.602 -6.445 -14.340
3 65 100.602 -6.445 -14.340 101.301 -6.952 -13.076 101.256 -10.866 -13.595
3 65 100.833 -7.460 -11.710 101.301 -6.952 -13.076 101.496 -3.697 -10.852
3 65 101.496 -3.697 -10.852 100.995 -4.746 -9.856 100.833 -7.460 -11.710
3 65 99.471 -7.670 -11.042 100.833 -7.460 -11.710 100.995 -4.746 -9.856
3 65 100.995 -4.746 -9.856 99.620 -5.180 -9.341 99.471 -7.670 -11.042
3 65 98.015 -7.460 -11.464 99.471 -7.670 -11.042 99.620 -5.180 -9.341
3 65 99.620 -5.180 -9.341 98.177 -4.746 -9.609 98.015 -7.460 -11.464
3 65 97.316 -6.952 -12.728 98.015 -7.460 -11.464 98.177 -4.746 -9.609
3 65 98.177 -4.746 -9.609 97.511 -3.697 -10.503 97.316 -6.952 -12.728
3 65 97.785 -6.445 -14.094 97.316 -6.952 -12.728 97.511 -3.697 -10.503
3 65 97.511 -3.697 -10.503 98.012 -2.648 -11.499 97.785 -6.445 -14.094
3 65 99.146 -6.235 -14.762 97.785 -6.445 -14.094 98.012 -2.648 -11.499
3 65 98.012 -2.648 -11.499 99.386 -2.213 -12.014 99.146 -6.235 -14.762
3 65 100.602 -6.445 -14.340 99.146 -6.235 -14.762 99.386 -2.213 -12.014
3 65 99.386 -2.213 -12.014 100.830 -2.648 -11.746 100.602 -6.445 -14.340
3 65 101.301 -6.952 -13.076 100.602 -6.445 -14.340 100.830 -2.648 -11.746
3 65 100.830 -2.648 -11.746 101.496 -3.697 -10.852 101.301 -6.952 -13.076
3 65 100.995 -4.746 -9.856 101.496 -3.697 -10.852 101.798 -1.802 -7.402
3 65 101.798 -1.802 -7.402 101.246 -3.166 -6.980 100.995 -4.746 -9.856
3 65 99.620 -5.180 -9.341 100.995 -4.746 -9.856 101.246 -3.166 -6.980
3 65 101.246 -3.166 -6.980 99.851 -3.731 -6.703 99.620 -5.180 -9.341
3 65 98.177 -4.746 -9.609 99.620 -5.180 -9.341 99.851 -3.731 -6.703
3 65 99.851 -3.731 -6.703 98.429 -3.166 -6.733 98.177 -4.746 -9.609
3 65 97.511 -3.697 -10.503 98.177 -4.746 -9.609 98.429 -3.166 -6.733
3 65 98.429 -3.166 -6.733 97.813 -1.802 -7.053 97.511 -3.697 -10.503
3 65 98.012 -2.648 -11.499 97.511 -3.697 -10.503 97.813 -1.802 -7.053
3 65 97.813 -1.802 -7.053 98.364 -0.437 -7.475 98.012 -2.648 -11.499
3 65 99.386 -2.213 -12.014 98.012 -2.648 -11.499 98.364 -0.437 -7.475
3 65 98.364 -0.437 -7.475 99.759 0.128 -7.752 99.386 -2.213 -12.014
3 65 100.830 -2.648 -11.746 99.386 -2.213 -12.014 99.759 0.128 -7.752
3 65 99.759 0.128 -7.752 101.182 -0.437 -7.721 100.830 -2.648 -11.746
3 65 101.496 -3.697 -10.852 100.830 -2.648 -11.746 101.182 -0.437 -7.721
3 65 101.182 -0.437 -7.721 101.798 -1.802 -7.402 101.496 -3.697 -10.852
3 65 101.246 -3.166 -6.980 101.798 -1.802 -7.402 102.142 -1.679 -3.460
3 65 102.142 -1.679 -3.460 101.538 -3.075 -3.632 101.246 -3.166 -6.980
3 65 99.851 -3.731 -6.703 101.246 -3.166 -6.980 101.538 -3.075 -3.632
3 65 101.538 -3.075 -3.632 100.121 -3.651 -3.608 99.851 -3.731 -6.703
3 65 98.429 -3.166 -6.733 99.851 -3.731 -6.703 100.121 -3.651 -3.608
3 65 100.121 -3.651 -3.608 98.720 -3.071 -3.401 98.429 -3.166 -6.733
3 65 97.813 -1.802 -7.053 98.429 -3.166 -6.733 98.720 -3.071 -3.401
3 65 98.720 -3.071 -3.401 98.156 -1.673 -3.132 97.813 -1.802 -7.053
3 65 98.364 -0.437 -7.475 97.813 -1.802 -7.053 98.156 -1.673 -3.132
3 65 98.156 -1.673 -3.132 98.760 -0.277 -2.960 98.364 -0.437 -7.475
3 65 99.759 0.128 -7.752 98.364 -0.437 -7.475 98.760 -0.277 -2.960
3 65 98.760 -0.277 -2.960 100.178 0.300 -2.984 99.759 0.128 -7.752
3 65 101.182 -0.437 -7.721 99.759 0.128 -7.752 100.178 0.300 -2.984
3 65 100.178 0.300 -2.984 101.579 -0.281 -3.191 101.182 -0.437 -7.721
3 65 101.798 -1.802 -7.402 101.182 -0.437 -7.721 101.579 -0.281 -3.191
3 65 101.579 -0.281 -3.191 102.142 -1.679 -3.460 101.798 -1.802 -7.402
3 65 101.538 -3.075 -3.632 102.142 -1.679 -3.460 102.430 -3.047 0.370
3 65 102.430 -3.047 0.370 101.815 -4.357 -0.128 101.538 -3.075 -3.632
3 65 100.121 -3.651 -3.608 101.538 -3.075 -3.632 101.815 -4.357 -0.128
3 65 101.815 -4.357 -0.128 100.389 -4.887 -0.296 100.121 -3.651 -3.608
3 65 98.720 -3.071 -3.401 100.121 -3.651 -3.608 100.389 -4.887 -0.296
3 65 100.389 -4.887 -0.296 98.988 -4.328 -0.036 98.720 -3.071 -3.401
3 65 98.156 -1.673 -3.132 98.720 -3.071 -3.401 98.988 -4.328 -0.036
3 65 98.988 -4.328 -0.036 98.433 -3.006 0.500 98.156 -1.673 -3.132
3 65 98.760 -0.277 -2.960 98.156 -1.673 -3.132 98.433 -3.006 0.500
3 65 98.433 -3.006 0.500 99.049 -1.696 0.998 98.760 -0.277 -2.960
3 65 100.178 0.300 -2.984 98.760 -0.277 -2.960 99.049 -1.696 0.998
3 65 99.049 -1.696 0.998 100.475 -1.165 1.167 100.178 0.300 -2.984
3 65 101.579 -0.281 -3.191 100.178 0.300 -2.984 100.475 -1.165 1.167
3 65 100.475 -1.165 1.167 101.875 -1.725 0.907 101.579 -0.281 -3.191
3 65 102.142 -1.679 -3.460 101.579 -0.281 -3.191 101.875 -1.725 0.907
3 65 101.875 -1.725 0.907 102.430 -3.047 0.370 102.142 -1.679 -3.460
3 65 101.815 -4.357 -0.128 102.430 -3.047 0.370 102.340 -4.835 4.759
3 65 102.340 -4.835 4.759 101.781 -6.119 4.141 101.815 -4.357 -0.128
3 65 100.389 -4.887 -0.296 101.815 -4.357 -0.128 101.781 -6.119 4.141
3 65 101.781 -6.119 4.141 100.384 -6.621 3.767 100.389 -4.887 -0.296
3 65 98.988 -4.328 -0.036 100.389 -4.887 -0.296 100.384 -6.621 3.767
3 65 100.384 -6.621 3.767 98.968 -6.047 3.856 98.988 -4.328 -0.036
3 65 98.433 -3.006 0.500 98.988 -4.328 -0.036 98.968 -6.047 3.856
3 65 98.968 -6.047 3.856 98.362 -4.733 4.356 98.433 -3.006 0.500
3 65 99.049 -1.696 0.998 98.433 -3.006 0.500 98.362 -4.733 4.356
3 65 98.362 -4.733 4.356 98.921 -3.449 4.973 99.049 -1.696 0.998
3 65 100.475 -1.165 1.167 99.049 -1.696 0.998 98.921 -3.449 4.973
3 65 98.921 -3.449 4.973 100.318 -2.946 5.347 100.475 -1.165 1.167
3 65 101.875 -1.725 0.907 100.475 -1.165 1.167 100.318 -2.946 5.347
3 65 100.318 -2.946 5.347 101.735 -3.521 5.258 101.875 -1.725 0.907
3 65 102.430 -3.047 0.370 101.875 -1.725 0.907 101.735 -3.521 5.258
3 65 101.735 -3.521 5.258 102.340 -4.835 4.759 102.430 -3.047 0.370
3 65 102.340 -4.835 4.759 101.492 -6.448 8.804 101.066 -7.728 8.081
3 65 101.066 -7.728 8.081 101.781 -6.119 4.141 102.340 -4.835 4.759
3 65 101.781 -6.119 4.141 101.066 -7.728 8.081 99.787 -8.207 7.390
3 65 99.787 -8.207 7.390 100.384 -6.621 3.767 101.781 -6.119 4.141
3 65 100.384 -6.621 3.767 99.787 -8.207 7.390 98.403 -7.604 7.136
3 65 98.403 -7.604 7.136 98.968 -6.047 3.856 100.384 -6.621 3.767
3 65 98.968 -6.047 3.856 98.403 -7.604 7.136 97.726 -6.271 7.467
3 65 97.726 -6.271 7.467 98.362 -4.733 4.356 98.968 -6.047 3.856
3 65 98.362 -4.733 4.356 97.726 -6.271 7.467 98.151 -4.991 8.189
3 65 98.151 -4.991 8.189 98.921 -3.449 4.973 98.362 -4.733 4.356
3 65 98.921 -3.449 4.973 98.151 -4.991 8.189 99.431 -4.512 8.880
3 65 99.431 -4.512 8.880 100.318 -2.946 5.347 98.921 -3.449 4.973
3 65 100.318 -2.946 5.347 99.431 -4.512 8.880 100.814 -5.115 9.135
3 65 100.814 -5.115 9.135 101.735 -3.521 5.258 100.318 -2.946 5.347
3 65 101.735 -3.521 5.258 100.814 -5.115 9.135 101.492 -6.448 8.804
3 65 101.492 -6.448 8.804 102.340 -4.835 4.759 101.735 -3.521 5.258
3 65 101.492 -6.448 8.804 99.282 -7.940 12.687 99.065 -9.243 11.914
3 65 99.065 -9.243 11.914 101.066 -7.728 8.081 101.492 -6.448 8.804
3 65 101.066 -7.728 8.081 99.065 -9.243 11.914 98.104 -9.702 10.814
3 65 98.104 -9.702 10.814 99.787 -8.207 7.390 101.066 -7.728 8.081
3 65 99.787 -8.207 7.390 98.104 -9.702 10.814 96.962 -9.048 10.032
3 65 96.962 -9.048 10.032 98.403 -7.604 7.136 99.787 -8.207 7.390
3 65 98.403 -7.604 7.136 96.962 -9.048 10.032 96.308 -7.664 10.026
3 65 96.308 -7.664 10.026 97.726 -6.271 7.467 98.403 -7.604 7.136
3 65 97.726 -6.271 7.467 96.308 -7.664 10.026 96.525 -6.361 10.800
3 65 96.525 -6.361 10.800 98.151 -4.991 8.189 97.726 -6.271 7.467
3 65 98.151 -4.991 8.189 96.525 -6.361 10.800 97.486 -5.902 11.899
3 65 97.486 -5.902 11.899 99.431 -4.512 8.880 98.151 -4.991 8.189
3 65 99.431 -4.512 8.880 97.486 -5.902 11.899 98.628 -6.556 12.681
3 65 98.628 -6.556 12.681 100.814 -5.115 9.135 99.431 -4.512 8.880
3 65 100.814 -5.115 9.135 98.628 -6.556 12.681 99.282 -7.940 12.687
3 65 99.282 -7.940 12.687 101.492 -6.448 8.804 100.814 -5.115 9.135
3 65 99.282 -7.940 12.687 95.320 -8.898 15.334 95.273 -10.252 14.622
3 65 95.273 -10.252 14.622 99.065 -9.243 11.914 99.282 -7.940 12.687
3 65 99.065 -9.243 11.914 95.273 -10.252 14.622 94.831 -10.732 13.237
3 65 94.831 -10.732 13.237 98.104 -9.702 10.814 99.065 -9.243 11.914
3 65 98.104 -9.702 10.814 94.831 -10.732 13.237 94.253 -10.057 11.991
3 65 94.253 -10.057 11.991 96.962 -9.048 10.032 98.104 -9.702 10.814
3 65 96.962 -9.048 10.032 94.253 -10.057 11.991 93.876 -8.622 11.613
3 65 93.876 -8.622 11.613 96.308 -7.664 10.026 96.962 -9.048 10.032
3 65 96.308 -7.664 10.026 93.876 -8.622 11.613 93.923 -7.268 12.326
3 65 93.923 -7.268 12.326 96.525 -6.361 10.800 96.308 -7.664 10.026
3 65 96.525 -6.361 10.800 93.923 -7.268 12.326 94.365 -6.788 13.710
3 65 94.365 -6.788 13.710 97.486 -5.902 11.899 96.525 -6.361 10.800
3 65 97.486 -5.902 11.899 94.365 -6.788 13.710 94.943 -7.463 14.956
3 65 94.943 -7.463 14.956 98.628 -6.556 12.681 97.486 -5.902 11.899
3 65 98.628 -6.556 12.681 94.943 -7.463 14.956 95.320 -8.898 15.334
3 65 95.320 -8.898 15.334 99.282 -7.940 12.687 98.628 -6.556 12.681
3 65 95.320 -8.898 15.334 90.815 -9.054 16.005 90.812 -10.453 15.383
3 65 90.812 -10.453 15.383 95.273 -10.252 14.622 95.320 -8.898 15.334
3 65 95.273 -10.252 14.622 90.812 -10.453 15.383 90.726 -11.004 13.958
3 65 90.726 -11.004 13.958 94.831 -10.732 13.237 95.273 -10.252 14.622
3 65 94.831 -10.732 13.237 90.726 -11.004 13.958 90.609 -10.383 12.563
3 65 90.609 -10.383 12.563 94.253 -10.057 11.991 94.831 -10.732 13.237
3 65 94.253 -10.057 11.991 90.609 -10.383 12.563 90.527 -8.956 12.017
3 65 90.527 -8.956 12.017 93.876 -8.622 11.613 94.253 -10.057 11.991
3 65 93.876 -8.622 11.613 90.527 -8.956 12.017 90.530 -7.557 12.639
3 65 90.530 -7.557 12.639 93.923 -7.268 12.326 93.876 -8.622 11.613
3 65 93.923 -7.268 12.326 90.530 -7.557 12.639 90.616 -7.007 14.064
3 65 90.616 -7.007 14.064 94.365 -6.788 13.710 93.923 -7.268 12.326
3 65 94.365 -6.788 13.710 90.616 -7.007 14.064 90.734 -7.627 15.459
3 65 90.734 -7.627 15.459 94.943 -7.463 14.956 94.365 -6.788 13.710
3 65 94.943 -7.463 14.956 90.734 -7.627 15.459 90.815 -9.054 16.005
3 65 90.815 -9.054 16.005 95.320 -8.898 15.334 94.943 -7.463 14.956
3 65 90.812 -10.453 15.383 90.815 -9.054 16.005 87.043 -9.002 16.002
3 65 87.043 -9.002 16.002 86.938 -10.415 15.425 90.812 -10.453 15.383
3 65 90.726 -11.004 13.958 90.812 -10.453 15.383 86.938 -10.415 15.425
3 65 86.938 -10.415 15.425 86.685 -11.000 14.033 90.726 -11.004 13.958
3 65 90.609 -10.383 12.563 90.726 -11.004 13.958 86.685 -11.000 14.033
3 65 86.685 -11.000 14.033 86.434 -10.413 12.641 90.609 -10.383 12.563
3 65 90.527 -8.956 12.017 90.609 -10.383 12.563 86.434 -10.413 12.641
3 65 86.434 -10.413 12.641 86.330 -8.998 12.066 90.527 -8.956 12.017
3 65 90.530 -7.557 12.639 90.527 -8.956 12.017 86.330 -8.998 12.066
3 65 86.330 -8.998 12.066 86.436 -7.585 12.643 90.530 -7.557 12.639
3 65 90.616 -7.007 14.064 90.530 -7.557 12.639 86.436 -7.585 12.643
3 65 86.436 -7.585 12.643 86.688 -7.000 14.035 90.616 -7.007 14.064
3 65 90.734 -7.627 15.459 90.616 -7.007 14.064 86.688 -7.000 14.035
3 65 86.688 -7.000 14.035 86.940 -7.587 15.427 90.734 -7.627 15.459
3 65 90.815 -9.054 16.005 90.734 -7.627 15.459 86.940 -7.587 15.427
3 65 86.940 -7.587 15.427 87.043 -9.002 16.002 90.815 -9.054 16.005
3 65 86.938 -10.415 15.425 87.043 -9.002 16.002 84.348 -9.000 16.990
3 65 84.348 -9.000 16.990 84.246 -10.414 16.413 86.938 -10.415 15.425
3 65 86.685 -11.000 14.033 86.938 -10.415 15.425 84.246 -10.414 16.413
3 65 84.246 -10.414 16.413 84.004 -11.000 15.020 86.685 -11.000 14.033
3 65 86.434 -10.413 12.641 86.685 -11.000 14.033 84.004 -11.000 15.020
3 65 84.004 -11.000 15.020 83.763 -10.414 13.627 86.434 -10.413 12.641
3 65 86.330 -8.998 12.066 86.434 -10.413 12.641 83.763 -10.414 13.627
3 65 83.763 -10.414 13.627 83.665 -9.000 13.049 86.330 -8.998 12.066
3 65 86.436 -7.585 12.643 86.330 -8.998 12.066 83.665 -9.000 13.049
3 65 83.665 -9.000 13.049 83.766 -7.586 13.626 86.436 -7.585 12.643
3 65 86.688 -7.000 14.035 86.436 -7.585 12.643 83.766 -7.586 13.626
3 65 83.766 -7.586 13.626 84.009 -7.000 15.020 86.688 -7.000 14.035
3 65 86.940 -7.587 15.427 86.688 -7.000 14.035 84.009 -7.000 15.020
3 65 84.009 -7.000 15.020 84.249 -7.586 16.413 86.940 -7.587 15.427
3 65 87.043 -9.002 16.002 86.940 -7.587 15.427 84.249 -7.586 16.413
3 65 84.249 -7.586 16.413 84.348 -9.000 16.990 87.043 -9.002 16.002
3 65 84.246 -10.414 16.413 84.348 -9.000 16.990 75.488 -8.981 16.943
3 65 75.488 -8.981 16.943 75.491 -10.395 16.357 84.246 -10.414 16.413
3 65 84.004 -11.000 15.020 84.246 -10.414 16.413 75.491 -10.395 16.357
3 65 75.491 -10.395 16.357 75.518 -10.981 14.943 84.004 -11.000 15.020
3 65 83.763 -10.414 13.627 84.004 -11.000 15.020 75.518 -10.981 14.943
3 65 75.518 -10.981 14.943 75.553 -10.395 13.529 83.763 -10.414 13.627
3 65 83.665 -9.000 13.049 83.763 -10.414 13.627 75.553 -10.395 13.529
3 65 75.553 -10.395 13.529 75.576 -8.981 12.944 83.665 -9.000 13.049
3 65 83.766 -7.586 13.626 83.665 -9.000 13.049 75.576 -8.981 12.944
3 65 75.576 -8.981 12.944 75.573 -7.567 13.529 83.766 -7.586 13.626
3 65 84.009 -7.000 15.020 83.766 -7.586 13.626 75.573 -7.567 13.529
3 65 75.573 -7.567 13.529 75.546 -6.981 14.943 84.009 -7.000 15.020
3 65 84.249 -7.586 16.413 84.009 -7.000 15.020 75.546 -6.981 14.943
3 65 75.546 -6.981 14.943 75.510 -7.567 16.357 84.249 -7.586 16.413
3 65 84.348 -9.000 16.990 84.249 -7.586 16.413 75.510 -7.567 16.357
3 65 75.510 -7.567 16.357 75.488 -8.981 16.943 84.348 -9.000 16.990
3 65 75.491 -10.395 16.357 75.488 -8.981 16.943 63.502 -8.841 16.524
3 65 63.502 -8.841 16.524 63.507 -10.255 15.938 75.491 -10.395 16.357
3 65 75.518 -10.981 14.943 75.491 -10.395 16.357 63.507 -10.255 15.938
3 65 63.507 -10.255 15.938 63.559 -10.842 14.525 75.518 -10.981 14.943
3 65 75.553 -10.395 13.529 75.518 -10.981 14.943 63.559 -10.842 14.525
3 65 63.559 -10.842 14.525 63.627 -10.256 13.112 75.553 -10.395 13.529
3 65 75.576 -8.981 12.944 75.553 -10.395 13.529 63.627 -10.256 13.112
3 65 63.627 -10.256 13.112 63.672 -8.842 12.527 75.576 -8.981 12.944
3 65 75.573 -7.567 13.529 75.576 -8.981 12.944 63.672 -8.842 12.527
3 65 63.672 -8.842 12.527 63.667 -7.428 13.113 75.573 -7.567 13.529
3 65 75.546 -6.981 14.943 75.573 -7.567 13.529 63.667 -7.428 13.113
3 65 63.667 -7.428 13.113 63.615 -6.842 14.526 75.546 -6.981 14.943
3 65 75.510 -7.567 16.357 75.546 -6.981 14.943 63.615 -6.842 14.526
3 65 63.615 -6.842 14.526 63.547 -7.427 15.939 75.510 -7.567 16.357
3 65 75.488 -8.981 16.943 75.510 -7.567 16.357 63.547 -7.427 15.939
3 65 63.547 -7.427 15.939 63.502 -8.841 16.524 75.488 -8.981 16.943
3 65 63.507 -10.255 15.938 63.502 -8.841 16.524 43.589 -8.508 15.525
3 65 43.589 -8.508 15.525 43.595 -9.923 14.939 63.507 -10.255 15.938
3 65 63.559 -10.842 14.525 63.507 -10.255 15.938 43.595 -9.923 14.939
3 65 43.595 -9.923 14.939 43.659 -10.509 13.527 63.559 -10.842 14.525
3 65 63.627 -10.256 13.112 63.559 -10.842 14.525 43.659 -10.509 13.527
3 65 43.659 -10.509 13.527 43.743 -9.924 12.115 63.627 -10.256 13.112
3 65 63.672 -8.842 12.527 63.627 -10.256 13.112 43.743 -9.924 12.115
3 65 43.743 -9.924 12.115 43.798 -8.510 11.530 63.672 -8.842 12.527
3 65 63.667 -7.428 13.113 63.672 -8.842 12.527 43.798 -8.510 11.530
3 65 43.798 -8.510 11.530 43.792 -7.096 12.116 63.667 -7.428 13.113
3 65 63.615 -6.842 14.526 63.667 -7.428 13.113 43.792 -7.096 12.116
3 65 43.792 -7.096 12.116 43.728 -6.510 13.529 63.615 -6.842 14.526
3 65 63.547 -7.427 15.939 63.615 -6.842 14.526 43.728 -6.510 13.529
3 65 43.728 -6.510 13.529 43.644 -7.095 14.941 63.547 -7.427 15.939
3 65 63.502 -8.841 16.524 63.547 -7.427 15.939 43.644 -7.095 14.941
3 65 43.644 -7.095 14.941 43.589 -8.508 15.525 63.502 -8.841 16.524
3 65 43.595 -9.923 14.939 43.589 -8.508 15.525 15.820 -8.006 14.017
3 65 15.820 -8.006 14.017 15.826 -9.420 13.431 43.595 -9.923 14.939
3 65 43.659 -10.509 13.527 43.595 -9.923 14.939 15.826 -9.420 13.431
3 65 15.826 -9.420 13.431 15.844 -10.006 12.017 43.659 -10.509 13.527
3 65 43.743 -9.924 12.115 43.659 -10.509 13.527 15.844 -10.006 12.017
3 65 15.844 -10.006 12.017 15.866 -9.420 10.603 43.743 -9.924 12.115
3 65 43.798 -8.510 11.530 43.743 -9.924 12.115 15.866 -9.420 10.603
3 65 15.866 -9.420 10.603 15.877 -8.006 10.017 43.798 -8.510 11.530
3 65 43.792 -7.096 12.116 43.798 -8.510 11.530 15.877 -8.006 10.017
3 65 15.877 -8.006 10.017 15.872 -6.592 10.603 43.792 -7.096 12.116
3 65 43.728 -6.510 13.529 43.792 -7.096 12.116 15.872 -6.592 10.603
3 65 15.872 -6.592 10.603 15.853 -6.006 12.017 43.728 -6.510 13.529
3 65 43.644 -7.095 14.941 43.728 -6.510 13.529 15.853 -6.006 12.017
3 65 15.853 -6.006 12.017 15.832 -6.592 13.431 43.644 -7.095 14.941
3 65 43.589 -8.508 15.525 43.644 -7.095 14.941 15.832 -6.592 13.431
3 65 15.832 -6.592 13.431 15.820 -8.006 14.017 43.589 -8.508 15.525
3 65 15.826 -9.420 13.431 15.820 -8.006 14.017 11.938 -8.059 14.118
3 65 11.938 -8.059 14.118 11.943 -9.473 13.533 15.826 -9.420 13.431
3 65 15.844 -10.006 12.017 15.826 -9.420 13.431 11.943 -9.473 13.533
3 65 11.943 -9.473 13.533 11.904 -10.060 12.119 15.844 -10.006 12.017
3 65 15.866 -9.420 10.603 15.844 -10.006 12.017 11.904 -10.060 12.119
3 65 11.904 -10.060 12.119 11.843 -9.474 10.706 15.866 -9.420 10.603
3 65 15.877 -8.006 10.017 15.866 -9.420 10.603 11.843 -9.474 10.706
3 65 11.843 -9.474 10.706 11.797 -8.061 10.121 15.877 -8.006 10.017
3 65 15.872 -6.592 10.603 15.877 -8.006 10.017 11.797 -8.061 10.121
3 65 11.797 -8.061 10.121 11.792 -6.646 10.707 15.872 -6.592 10.603
3 65 15.853 -6.006 12.017 15.872 -6.592 10.603 11.792 -6.646 10.707
3 65 11.792 -6.646 10.707 11.832 -6.060 12.120 15.853 -6.006 12.017
3 65 15.832 -6.592 13.431 15.853 -6.006 12.017 11.832 -6.060 12.120
3 65 11.832 -6.060 12.120 11.892 -6.645 13.534 15.832 -6.592 13.431
3 65 15.820 -8.006 14.017 15.832 -6.592 13.431 11.892 -6.645 13.534
3 65 11.892 -6.645 13.534 11.938 -8.059 14.118 15.820 -8.006 14.017
3 65 11.943 -9.473 13.533 11.938 -8.059 14.118 -3.962 -8.416 14.832
3 65 -3.962 -8.416 14.832 -3.956 -9.830 14.247 11.943 -9.473 13.533
3 65 11.904 -10.060 12.119 11.943 -9.473 13.533 -3.956 -9.830 14.247
3 65 -3.956 -9.830 14.247 -4.006 -10.417 12.833 11.904 -10.060 12.119
3 65 11.843 -9.474 10.706 11.904 -10.060 12.119 -4.006 -10.417 12.833
3 65 -4.006 -10.417 12.833 -4.081 -9.832 11.421 11.843 -9.474 10.706
3 65 11.797 -8.061 10.121 11.843 -9.474 10.706 -4.081 -9.832 11.421
3 65 -4.081 -9.832 11.421 -4.138 -8.418 10.836 11.797 -8.061 10.121
3 65 11.792 -6.646 10.707 11.797 -8.061 10.121 -4.138 -8.418 10.836
3 65 -4.138 -8.418 10.836 -4.143 -7.004 11.422 11.792 -6.646 10.707
3 65 11.832 -6.060 12.120 11.792 -6.646 10.707 -4.143 -7.004 11.422
3 65 -4.143 -7.004 11.422 -4.094 -6.418 12.835 11.832 -6.060 12.120
3 65 11.892 -6.645 13.534 11.832 -6.060 12.120 -4.094 -6.418 12.835
3 65 -4.094 -6.418 12.835 -4.019 -7.003 14.248 11.892 -6.645 13.534
3 65 11.938 -8.059 14.118 11.892 -6.645 13.534 -4.019 -7.003 14.248
3 65 -4.019 -7.003 14.248 -3.962 -8.416 14.832 11.938 -8.059 14.118
3 65 -3.956 -9.830 14.247 -3.962 -8.416 14.832 -43.769 -9.274 16.548
3 65 -43.769 -9.274 16.548 -43.764 -10.688 15.962 -3.956 -9.830 14.247
3 65 -4.006 -10.417 12.833 -3.956 -9.830 14.247 -43.764 -10.688 15.962
3 65 -43.764 -10.688 15.962 -43.808 -11.274 14.549 -4.006 -10.417 12.833
3 65 -4.081 -9.832 11.421 -4.006 -10.417 12.833 -43.808 -11.274 14.549
3 65 -43.808 -11.274 14.549 -43.874 -10.689 13.136 -4.081 -9.832 11.421
3 65 -4.138 -8.418 10.836 -4.081 -9.832 11.421 -43.874 -10.689 13.136
3 65 -43.874 -10.689 13.136 -43.924 -9.276 12.551 -4.138 -8.418 10.836
3 65 -4.143 -7.004 11.422 -4.138 -8.418 10.836 -43.924 -9.276 12.551
3 65 -43.924 -9.276 12.551 -43.929 -7.861 13.137 -4.143 -7.004 11.422
3 65 -4.094 -6.418 12.835 -4.143 -7.004 11.422 -43.929 -7.861 13.137
3 65 -43.929 -7.861 13.137 -43.885 -7.275 14.550 -4.094 -6.418 12.835
3 65 -4.019 -7.003 14.248 -4.094 -6.418 12.835 -43.885 -7.275 14.550
3 65 -43.885 -7.275 14.550 -43.819 -7.860 15.963 -4.019 -7.003 14.248
3 65 -3.962 -8.416 14.832 -4.019 -7.003 14.248 -43.819 -7.860 15.963
3 65 -43.819 -7.860 15.963 -43.769 -9.274 16.548 -3.962 -8.416 14.832
3 65 -43.764 -10.688 15.962 -43.769 -9.274 16.548 -79.623 -9.894 17.788
3 65 -79.623 -9.894 17.788 -79.620 -11.308 17.202 -43.764 -10.688 15.962
3 65 -43.808 -11.274 14.549 -43.764 -10.688 15.962 -79.620 -11.308 17.202
3 65 -79.620 -11.308 17.202 -79.651 -11.894 15.788 -43.808 -11.274 14.549
3 65 -43.874 -10.689 13.136 -43.808 -11.274 14.549 -79.651 -11.894 15.788
3 65 -79.651 -11.894 15.788 -79.698 -11.309 14.375 -43.874 -10.689 13.136
3 65 -43.924 -9.276 12.551 -43.874 -10.689 13.136 -79.698 -11.309 14.375
3 65 -79.698 -11.309 14.375 -79.734 -9.895 13.789 -43.924 -9.276 12.551
3 65 -43.929 -7.861 13.137 -43.924 -9.276 12.551 -79.734 -9.895 13.789
3 65 -79.734 -9.895 13.789 -79.737 -8.480 14.375 -43.929 -7.861 13.137
3 65 -43.885 -7.275 14.550 -43.929 -7.861 13.137 -79.737 -8.480 14.375
3 65 -79.737 -8.480 14.375 -79.706 -7.894 15.789 -43.885 -7.275 14.550
3 65 -43.819 -7.860 15.963 -43.885 -7.275 14.550 -79.706 -7.894 15.789
3 65 -79.706 -7.894 15.789 -79.659 -8.480 17.202 -43.819 -7.860 15.963
3 65 -43.769 -9.274 16.548 -43.819 -7.860 15.963 -79.659 -8.480 17.202
3 65 -79.659 -8.480 17.202 -79.623 -9.894 17.788 -43.769 -9.274 16.548
3 65 -79.620 -11.308 17.202 -79.623 -9.894 17.788 -87.613 -9.977 17.954
3 65 -87.613 -9.977 17.954 -87.611 -11.391 17.368 -79.620 -11.308 17.202
3 65 -79.651 -11.894 15.788 -79.620 -11.308 17.202 -87.611 -11.391 17.368
3 65 -87.611 -11.391 17.368 -87.629 -11.977 15.954 -79.651 -11.894 15.788
3 65 -79.698 -11.309 14.375 -79.651 -11.894 15.788 -87.629 -11.977 15.954
3 65 -87.629 -11.977 15.954 -87.656 -11.391 14.540 -79.698 -11.309 14.375
3 65 -79.734 -9.895 13.789 -79.698 -11.309 14.375 -87.656 -11.391 14.540
3 65 -87.656 -11.391 14.540 -87.676 -9.977 13.954 -79.734 -9.895 13.789
3 65 -79.737 -8.480 14.375 -79.734 -9.895 13.789 -87.676 -9.977 13.954
3 65 -87.676 -9.977 13.954 -87.678 -8.563 14.540 -79.737 -8.480 14.375
3 65 -79.706 -7.894 15.789 -79.737 -8.480 14.375 -87.678 -8.563 14.540
3 65 -87.678 -8.563 14.540 -87.660 -7.977 15.954 -79.706 -7.894 15.789
3 65 -79.659 -8.480 17.202 -79.706 -7.894 15.789 -87.660 -7.977 15.954
3 65 -87.660 -7.977 15.954 -87.634 -8.563 17.368 -79.659 -8.480 17.202
3 65 -79.623 -9.894 17.788 -79.659 -8.480 17.202 -87.634 -8.563 17.368
3 65 -87.634 -8.563 17.368 -87.613 -9.977 17.954 -79.623 -9.894 17.788
3 65 -87.611 -11.391 17.368 -87.613 -9.977 17.954 -91.649 -9.998 17.996
3 65 -91.649 -9.998 17.996 -91.654 -11.412 17.410 -87.611 -11.391 17.368
3 65 -87.629 -11.977 15.954 -87.611 -11.391 17.368 -91.654 -11.412 17.410
3 65 -91.654 -11.412 17.410 -91.644 -11.998 15.996 -87.629 -11.977 15.954
3 65 -87.656 -11.391 14.540 -87.629 -11.977 15.954 -91.644 -11.998 15.996
3 65 -91.644 -11.998 15.996 -91.625 -11.412 14.582 -87.656 -11.391 14.540
3 65 -87.676 -9.977 13.954 -87.656 -11.391 14.540 -91.625 -11.412 14.582
3 65 -91.625 -11.412 14.582 -91.608 -9.998 13.996 -87.676 -9.977 13.954
3 65 -87.678 -8.563 14.540 -87.676 -9.977 13.954 -91.608 -9.998 13.996
3 65 -91.608 -9.998 13.996 -91.604 -8.584 14.582 -87.678 -8.563 14.540
3 65 -87.660 -7.977 15.954 -87.678 -8.563 14.540 -91.604 -8.584 14.582
3 65 -91.604 -8.584 14.582 -91.614 -7.998 15.996 -87.660 -7.977 15.954
3 65 -87.634 -8.563 17.368 -87.660 -7.977 15.954 -91.614 -7.998 15.996
3 65 -91.614 -7.998 15.996 -91.632 -8.584 17.410 -87.634 -8.563 17.368
3 65 -87.613 -9.977 17.954 -87.634 -8.563 17.368 -91.632 -8.584 17.410
3 65 -91.632 -8.584 17.410 -91.649 -9.998 17.996 -87.613 -9.977 17.954
3 65 -91.654 -11.412 17.410 -91.649 -9.998 17.996 -95.824 -9.897 17.861
3 65 -95.824 -9.897 17.861 -95.861 -11.313 17.282 -91.654 -11.412 17.410
3 65 -91.644 -11.998 15.996 -91.654 -11.412 17.410 -95.861 -11.313 17.282
3 65 -95.861 -11.313 17.282 -95.749 -11.912 15.877 -91.644 -11.998 15.996
3 65 -91.625 -11.412 14.582 -91.644 -11.998 15.996 -95.749 -11.912 15.877
3 65 -95.749 -11.912 15.877 -95.554 -11.341 14.470 -91.625 -11.412 14.582
3 65 -91.608 -9.998 13.996 -91.625 -11.412 14.582 -95.554 -11.341 14.470
3 65 -95.554 -11.341 14.470 -95.390 -9.936 13.885 -91.608 -9.998 13.996
3 65 -91.604 -8.584 14.582 -91.608 -9.998 13.996 -95.390 -9.936 13.885
3 65 -95.390 -9.936 13.885 -95.353 -8.520 14.464 -91.604 -8.584 14.582
3 65 -91.614 -7.998 15.996 -91.604 -8.584 14.582 -95.353 -8.520 14.464
3 65 -95.353 -8.520 14.464 -95.465 -7.922 15.869 -91.614 -7.998 15.996
3 65 -91.632 -8.584 17.410 -91.614 -7.998 15.996 -95.465 -7.922 15.869
3 65 -95.465 -7.922 15.869 -95.660 -8.492 17.276 -91.632 -8.584 17.410
3 65 -91.649 -9.998 17.996 -91.632 -8.584 17.410 -95.660 -8.492 17.276
3 65 -95.660 -8.492 17.276 -95.824 -9.897 17.861 -91.649 -9.998 17.996
3 65 -95.861 -11.313 17.282 -95.824 -9.897 17.861 -100.078 -9.353 17.041
3 65 -100.078 -9.353 17.041 -100.175 -10.767 16.463 -95.861 -11.313 17.282
3 65 -95.749 -11.912 15.877 -95.861 -11.313 17.282 -100.175 -10.767 16.463
3 65 -100.175 -10.767 16.463 -99.867 -11.405 15.107 -95.749 -11.912 15.877
3 65 -95.554 -11.341 14.470 -95.749 -11.912 15.877 -99.867 -11.405 15.107
3 65 -99.867 -11.405 15.107 -99.335 -10.894 13.766 -95.554 -11.341 14.470
3 65 -95.390 -9.936 13.885 -95.554 -11.341 14.470 -99.335 -10.894 13.766
3 65 -99.335 -10.894 13.766 -98.890 -9.532 13.226 -95.390 -9.936 13.885
3 65 -95.353 -8.520 14.464 -95.390 -9.936 13.885 -98.890 -9.532 13.226
3 65 -98.890 -9.532 13.226 -98.792 -8.118 13.804 -95.353 -8.520 14.464
3 65 -95.465 -7.922 15.869 -95.353 -8.520 14.464 -98.792 -8.118 13.804
3 65 -98.792 -8.118 13.804 -99.100 -7.480 15.161 -95.465 -7.922 15.869
3 65 -95.660 -8.492 17.276 -95.465 -7.922 15.869 -99.100 -7.480 15.161
3 65 -99.100 -7.480 15.161 -99.633 -7.991 16.502 -95.660 -8.492 17.276
3 65 -95.824 -9.897 17.861 -95.660 -8.492 17.276 -99.633 -7.991 16.502
3 65 -99.633 -7.991 16.502 -100.078 -9.353 17.041 -95.824 -9.897 17.861
3 65 -100.175 -10.767 16.463 -100.078 -9.353 17.041 -104.014 -8.235 15.201
3 65 -104.014 -8.235 15.201 -104.160 -9.632 14.594 -100.175 -10.767 16.463
3 65 -99.867 -11.405 15.107 -100.175 -10.767 16.463 -104.160 -9.632 14.594
3 65 -104.160 -9.632 14.594 -103.605 -10.336 13.352 -99.867 -11.405 15.107
3 65 -99.335 -10.894 13.766 -99.867 -11.405 15.107 -103.605 -10.336 13.352
3 65 -103.605 -10.336 13.352 -102.677 -9.933 12.204 -99.335 -10.894 13.766
3 65 -98.890 -9.532 13.226 -99.335 -10.894 13.766 -102.677 -9.933 12.204
3 65 -102.677 -9.933 12.204 -101.917 -8.660 11.822 -98.890 -9.532 13.226
3 65 -98.792 -8.118 13.804 -98.890 -9.532 13.226 -101.917 -8.660 11.822
3 65 -101.917 -8.660 11.822 -101.772 -7.262 12.430 -98.792 -8.118 13.804
3 65 -99.100 -7.480 15.161 -98.792 -8.118 13.804 -101.772 -7.262 12.430
3 65 -101.772 -7.262 12.430 -102.326 -6.559 13.671 -99.100 -7.480 15.161
3 65 -99.633 -7.991 16.502 -99.100 -7.480 15.161 -102.326 -6.559 13.671
3 65 -102.326 -6.559 13.671 -103.255 -6.962 14.819 -99.633 -7.991 16.502
3 65 -100.078 -9.353 17.041 -99.633 -7.991 16.502 -103.255 -6.962 14.819
3 65 -103.255 -6.962 14.819 -104.014 -8.235 15.201 -100.078 -9.353 17.041
3 65 -104.160 -9.632 14.594 -104.014 -8.235 15.201 -107.126 -6.646 12.313
3 65 -107.126 -6.646 12.313 -107.247 -8.023 11.655 -104.160 -9.632 14.594
3 65 -103.605 -10.336 13.352 -104.160 -9.632 14.594 -107.247 -8.023 11.655
3 65 -107.247 -8.023 11.655 -106.440 -8.797 10.609 -103.605 -10.336 13.352
3 65 -102.677 -9.933 12.204 -103.605 -10.336 13.352 -106.440 -8.797 10.609
3 65 -106.440 -8.797 10.609 -105.179 -8.515 9.789 -102.677 -9.933 12.204
3 65 -101.917 -8.660 11.822 -102.677 -9.933 12.204 -105.179 -8.515 9.789
3 65 -105.179 -8.515 9.789 -104.202 -7.343 9.674 -101.917 -8.660 11.822
3 65 -101.772 -7.262 12.430 -101.917 -8.660 11.822 -104.202 -7.343 9.674
3 65 -104.202 -7.343 9.674 -104.081 -5.966 10.333 -101.772 -7.262 12.430
3 65 -102.326 -6.559 13.671 -101.772 -7.262 12.430 -104.081 -5.966 10.333
3 65 -104.081 -5.966 10.333 -104.887 -5.192 11.379 -102.326 -6.559 13.671
3 65 -103.255 -6.962 14.819 -102.326 -6.559 13.671 -104.887 -5.192 11.379
3 65 -104.887 -5.192 11.379 -106.148 -5.474 12.199 -103.255 -6.962 14.819
3 65 -104.014 -8.235 15.201 -103.255 -6.962 14.819 -106.148 -5.474 12.199
3 65 -106.148 -5.474 12.199 -107.126 -6.646 12.313 -104.014 -8.235 15.201
3 65 -107.126 -6.646 12.313 -109.123 -4.915 8.687 -109.106 -6.286 8.006
3 65 -109.106 -6.286 8.006 -107.247 -8.023 11.655 -107.126 -6.646 12.313
3 65 -107.247 -8.023 11.655 -109.106 -6.286 8.006 -108.070 -7.090 7.218
3 65 -108.070 -7.090 7.218 -106.440 -8.797 10.609 -107.247 -8.023 11.655
3 65 -106.440 -8.797 10.609 -108.070 -7.090 7.218 -106.620 -6.857 6.783
3 65 -106.620 -6.857 6.783 -105.179 -8.515 9.789 -106.440 -8.797 10.609
3 65 -105.179 -8.515 9.789 -106.620 -6.857 6.783 -105.608 -5.722 6.957
3 65 -105.608 -5.722 6.957 -104.202 -7.343 9.674 -105.179 -8.515 9.789
3 65 -104.202 -7.343 9.674 -105.608 -5.722 6.957 -105.625 -4.351 7.638
3 65 -105.625 -4.351 7.638 -104.081 -5.966 10.333 -104.202 -7.343 9.674
3 65 -104.081 -5.966 10.333 -105.625 -4.351 7.638 -106.661 -3.547 8.426
3 65 -106.661 -3.547 8.426 -104.887 -5.192 11.379 -104.081 -5.966 10.333
3 65 -104.887 -5.192 11.379 -106.661 -3.547 8.426 -108.110 -3.780 8.861
3 65 -108.110 -3.780 8.861 -106.148 -5.474 12.199 -104.887 -5.192 11.379
3 65 -106.148 -5.474 12.199 -108.110 -3.780 8.861 -109.123 -4.915 8.687
3 65 -109.123 -4.915 8.687 -107.126 -6.646 12.313 -106.148 -5.474 12.199
3 65 -109.123 -4.915 8.687 -110.140 -3.389 4.688 -109.860 -4.762 4.071
3 65 -109.860 -4.762 4.071 -109.106 -6.286 8.006 -109.123 -4.915 8.687
3 65 -109.106 -6.286 8.006 -109.860 -4.762 4.071 -108.608 -5.496 3.587
3 65 -108.608 -5.496 3.587 -108.070 -7.090 7.218 -109.106 -6.286 8.006
3 65 -108.070 -7.090 7.218 -108.608 -5.496 3.587 -107.115 -5.162 3.520
3 65 -107.115 -5.162 3.520 -106.620 -6.857 6.783 -108.070 -7.090 7.218
3 65 -106.620 -6.857 6.783 -107.115 -5.162 3.520 -106.258 -3.955 3.908
3 65 -106.258 -3.955 3.908 -105.608 -5.722 6.957 -106.620 -6.857 6.783
3 65 -105.608 -5.722 6.957 -106.258 -3.955 3.908 -106.537 -2.582 4.525
3 65 -106.537 -2.582 4.525 -105.625 -4.351 7.638 -105.608 -5.722 6.957
3 65 -105.625 -4.351 7.638 -106.537 -2.582 4.525 -107.790 -1.848 5.009
3 65 -107.790 -1.848 5.009 -106.661 -3.547 8.426 -105.625 -4.351 7.638
3 65 -106.661 -3.547 8.426 -107.790 -1.848 5.009 -109.282 -2.182 5.077
3 65 -109.282 -2.182 5.077 -108.110 -3.780 8.861 -106.661 -3.547 8.426
3 65 -108.110 -3.780 8.861 -109.282 -2.182 5.077 -110.140 -3.389 4.688
3 65 -110.140 -3.389 4.688 -109.123 -4.915 8.687 -108.110 -3.780 8.861
3 65 -110.140 -3.389 4.688 -110.360 -2.321 0.520 -109.702 -3.640 0.107
3 65 -109.702 -3.640 0.107 -109.860 -4.762 4.071 -110.140 -3.389 4.688
3 65 -109.860 -4.762 4.071 -109.702 -3.640 0.107 -108.260 -4.137 -0.023
3 65 -108.260 -4.137 -0.023 -108.608 -5.496 3.587 -109.860 -4.762 4.071
3 65 -108.608 -5.496 3.587 -108.260 -4.137 -0.023 -106.878 -3.520 0.207
3 65 -106.878 -3.520 0.207 -107.115 -5.162 3.520 -108.608 -5.496 3.587
3 65 -107.115 -5.162 3.520 -106.878 -3.520 0.207 -106.366 -2.150 0.662
3 65 -106.366 -2.150 0.662 -106.258 -3.955 3.908 -107.115 -5.162 3.520
3 65 -106.258 -3.955 3.908 -106.366 -2.150 0.662 -107.024 -0.831 1.075
3 65 -107.024 -0.831 1.075 -106.537 -2.582 4.525 -106.258 -3.955 3.908
3 65 -106.537 -2.582 4.525 -107.024 -0.831 1.075 -108.466 -0.335 1.204
3 65 -108.466 -0.335 1.204 -107.790 -1.848 5.009 -106.537 -2.582 4.525
3 65 -107.790 -1.848 5.009 -108.466 -0.335 1.204 -109.848 -0.952 0.974
3 65 -109.848 -0.952 0.974 -109.282 -2.182 5.077 -107.790 -1.848 5.009
3 65 -109.282 -2.182 5.077 -109.848 -0.952 0.974 -110.360 -2.321 0.520
3 65 -110.360 -2.321 0.520 -110.140 -3.389 4.688 -109.282 -2.182 5.077
3 65 -110.360 -2.321 0.520 -109.842 -1.884 -3.610 -108.779 -2.984 -3.659
3 65 -108.779 -2.984 -3.659 -109.702 -3.640 0.107 -110.360 -2.321 0.520
3 65 -109.702 -3.640 0.107 -108.779 -2.984 -3.659 -107.262 -3.034 -3.459
3 65 -107.262 -3.034 -3.459 -108.260 -4.137 -0.023 -109.702 -3.640 0.107
3 65 -108.260 -4.137 -0.023 -107.262 -3.034 -3.459 -106.180 -2.004 -3.125
3 65 -106.180 -2.004 -3.125 -106.878 -3.520 0.207 -108.260 -4.137 -0.023
3 65 -106.878 -3.520 0.207 -106.180 -2.004 -3.125 -106.166 -0.498 -2.855
3 65 -106.166 -0.498 -2.855 -106.366 -2.150 0.662 -106.878 -3.520 0.207
3 65 -106.366 -2.150 0.662 -106.166 -0.498 -2.855 -107.229 0.603 -2.805
3 65 -107.229 0.603 -2.805 -107.024 -0.831 1.075 -106.366 -2.150 0.662
3 65 -107.024 -0.831 1.075 -107.229 0.603 -2.805 -108.746 0.653 -3.005
3 65 -108.746 0.653 -3.005 -108.466 -0.335 1.204 -107.024 -0.831 1.075
3 65 -108.466 -0.335 1.204 -108.746 0.653 -3.005 -109.828 -0.377 -3.339
3 65 -109.828 -0.377 -3.339 -109.848 -0.952 0.974 -108.466 -0.335 1.204
3 65 -109.848 -0.952 0.974 -109.828 -0.377 -3.339 -109.842 -1.884 -3.610
3 65 -109.842 -1.884 -3.610 -110.360 -2.321 0.520 -109.848 -0.952 0.974
3 65 -109.842 -1.884 -3.610 -108.724 -2.133 -7.343 -107.397 -2.809 -6.989
3 65 -107.397 -2.809 -6.989 -108.779 -2.984 -3.659 -109.842 -1.884 -3.610
3 65 -108.779 -2.984 -3.659 -107.397 -2.809 -6.989 -105.974 -2.320 -6.708
3 65 -105.974 -2.320 -6.708 -107.262 -3.034 -3.459 -108.779 -2.984 -3.659
3 65 -107.262 -3.034 -3.459 -105.974 -2.320 -6.708 -105.289 -0.952 -6.664
3 65 -105.289 -0.952 -6.664 -106.180 -2.004 -3.125 -107.262 -3.034 -3.459
3 65 -106.180 -2.004 -3.125 -105.289 -0.952 -6.664 -105.743 0.493 -6.883
3 65 -105.743 0.493 -6.883 -106.166 -0.498 -2.855 -106.180 -2.004 -3.125
3 65 -106.166 -0.498 -2.855 -105.743 0.493 -6.883 -107.070 1.169 -7.237
3 65 -107.070 1.169 -7.237 -107.229 0.603 -2.805 -106.166 -0.498 -2.855
3 65 -107.229 0.603 -2.805 -107.070 1.169 -7.237 -108.493 0.680 -7.518
3 65 -108.493 0.680 -7.518 -108.746 0.653 -3.005 -107.229 0.603 -2.805
3 65 -108.746 0.653 -3.005 -108.493 0.680 -7.518 -109.178 -0.688 -7.562
3 65 -109.178 -0.688 -7.562 -109.828 -0.377 -3.339 -108.746 0.653 -3.005
3 65 -109.828 -0.377 -3.339 -109.178 -0.688 -7.562 -108.724 -2.133 -7.343
3 65 -108.724 -2.133 -7.343 -109.842 -1.884 -3.610 -109.828 -0.377 -3.339
3 65 -108.724 -2.133 -7.343 -107.455 -3.218 -10.266 -106.048 -3.445 -9.707
3 65 -106.048 -3.445 -9.707 -107.397 -2.809 -6.989 -108.724 -2.133 -7.343
3 65 -107.397 -2.809 -6.989 -106.048 -3.445 -9.707 -104.718 -2.692 -9.786
3 65 -104.718 -2.692 -9.786 -105.974 -2.320 -6.708 -107.397 -2.809 -6.989
3 65 -105.974 -2.320 -6.708 -104.718 -2.692 -9.786 -104.243 -1.400 -10.455
3 65 -104.243 -1.400 -10.455 -105.289 -0.952 -6.664 -105.974 -2.320 -6.708
3 65 -105.289 -0.952 -6.664 -104.243 -1.400 -10.455 -104.902 -0.325 -11.324
3 65 -104.902 -0.325 -11.324 -105.743 0.493 -6.883 -105.289 -0.952 -6.664
3 65 -105.743 0.493 -6.883 -104.902 -0.325 -11.324 -106.309 -0.099 -11.883
3 65 -106.309 -0.099 -11.883 -107.070 1.169 -7.237 -105.743 0.493 -6.883
3 65 -107.070 1.169 -7.237 -106.309 -0.099 -11.883 -107.640 -0.852 -11.805
3 65 -107.640 -0.852 -11.805 -108.493 0.680 -7.518 -107.070 1.169 -7.237
3 65 -108.493 0.680 -7.518 -107.640 -0.852 -11.805 -108.114 -2.144 -11.135
3 65 -108.114 -2.144 -11.135 -109.178 -0.688 -7.562 -108.493 0.680 -7.518
3 65 -109.178 -0.688 -7.562 -108.114 -2.144 -11.135 -107.455 -3.218 -10.266
3 65 -107.455 -3.218 -10.266 -108.724 -2.133 -7.343 -109.178 -0.688 -7.562
3 65 -107.455 -3.218 -10.266 -106.616 -5.496 -12.004 -105.188 -5.513 -11.452
3 65 -105.188 -5.513 -11.452 -106.048 -3.445 -9.707 -107.455 -3.218 -10.266
3 65 -106.048 -3.445 -9.707 -105.188 -5.513 -11.452 -103.825 -5.039 -11.962
3 65 -103.825 -5.039 -11.962 -104.718 -2.692 -9.786 -106.048 -3.445 -9.707
3 65 -104.718 -2.692 -9.786 -103.825 -5.039 -11.962 -103.324 -4.352 -13.235
3 65 -103.324 -4.352 -13.235 -104.243 -1.400 -10.455 -104.718 -2.692 -9.786
3 65 -104.243 -1.400 -10.455 -103.324 -4.352 -13.235 -103.980 -3.855 -14.526
3 65 -103.980 -3.855 -14.526 -104.902 -0.325 -11.324 -104.243 -1.400 -10.455
3 65 -104.902 -0.325 -11.324 -103.980 -3.855 -14.526 -105.408 -3.838 -15.078
3 65 -105.408 -3.838 -15.078 -106.309 -0.099 -11.883 -104.902 -0.325 -11.324
3 65 -106.309 -0.099 -11.883 -105.408 -3.838 -15.078 -106.771 -4.312 -14.568
3 65 -106.771 -4.312 -14.568 -107.640 -0.852 -11.805 -106.309 -0.099 -11.883
3 65 -107.640 -0.852 -11.805 -106.771 -4.312 -14.568 -107.271 -4.999 -13.294
3 65 -107.271 -4.999 -13.294 -108.114 -2.144 -11.135 -107.640 -0.852 -11.805
3 65 -108.114 -2.144 -11.135 -107.271 -4.999 -13.294 -106.616 -5.496 -12.004
3 65 -106.616 -5.496 -12.004 -107.455 -3.218 -10.266 -108.114 -2.144 -11.135
3 65 -105.188 -5.513 -11.452 -106.616 -5.496 -12.004 -106.393 -8.677 -12.543
3 65 -106.393 -8.677 -12.543 -104.968 -8.684 -11.985 -105.188 -5.513 -11.452
3 65 -103.825 -5.039 -11.962 -105.188 -5.513 -11.452 -104.968 -8.684 -11.985
3 65 -104.968 -8.684 -11.985 -103.566 -8.618 -12.597 -103.825 -5.039 -11.962
3 65 -103.324 -4.352 -13.235 -103.825 -5.039 -11.962 -103.566 -8.618 -12.597
3 65 -103.566 -8.618 -12.597 -103.009 -8.518 -14.019 -103.324 -4.352 -13.235
3 65 -103.980 -3.855 -14.526 -103.324 -4.352 -13.235 -103.009 -8.518 -14.019
3 65 -103.009 -8.518 -14.019 -103.623 -8.442 -15.419 -103.980 -3.855 -14.526
3 65 -105.408 -3.838 -15.078 -103.980 -3.855 -14.526 -103.623 -8.442 -15.419
3 65 -103.623 -8.442 -15.419 -105.049 -8.435 -15.977 -105.408 -3.838 -15.078
3 65 -106.771 -4.312 -14.568 -105.408 -3.838 -15.078 -105.049 -8.435 -15.977
3 65 -105.049 -8.435 -15.977 -106.450 -8.501 -15.365 -106.771 -4.312 -14.568
3 65 -107.271 -4.999 -13.294 -106.771 -4.312 -14.568 -106.450 -8.501 -15.365
3 65 -106.450 -8.501 -15.365 -107.007 -8.601 -13.943 -107.271 -4.999 -13.294
3 65 -106.616 -5.496 -12.004 -107.271 -4.999 -13.294 -107.007 -8.601 -13.943
3 65 -107.007 -8.601 -13.943 -106.393 -8.677 -12.543 -106.616 -5.496 -12.004
3 65 -104.968 -8.684 -11.985 -106.393 -8.677 -12.543 -106.523 -12.118 -12.360
3 65 -106.523 -12.118 -12.360 -105.103 -12.173 -11.791 -104.968 -8.684 -11.985
3 65 -103.566 -8.618 -12.597 -104.968 -8.684 -11.985 -105.103 -12.173 -11.791
3 65 -105.103 -12.173 -11.791 -103.713 -12.436 -12.374 -103.566 -8.618 -12.597
3 65 -103.009 -8.518 -14.019 -103.566 -8.618 -12.597 -103.713 -12.436 -12.374
3 65 -103.713 -12.436 -12.374 -103.166 -12.753 -13.768 -103.009 -8.518 -14.019
3 65 -103.623 -8.442 -15.419 -103.009 -8.518 -14.019 -103.166 -12.753 -13.768
3 65 -103.166 -12.753 -13.768 -103.783 -12.938 -15.157 -103.623 -8.442 -15.419
3 65 -105.049 -8.435 -15.977 -103.623 -8.442 -15.419 -103.783 -12.938 -15.157
3 65 -103.783 -12.938 -15.157 -105.203 -12.883 -15.726 -105.049 -8.435 -15.977
3 65 -106.450 -8.501 -15.365 -105.049 -8.435 -15.977 -105.203 -12.883 -15.726
3 65 -105.203 -12.883 -15.726 -106.593 -12.620 -15.143 -106.450 -8.501 -15.365
3 65 -107.007 -8.601 -13.943 -106.450 -8.501 -15.365 -106.593 -12.620 -15.143
3 65 -106.593 -12.620 -15.143 -107.140 -12.303 -13.749 -107.007 -8.601 -13.943
3 65 -106.393 -8.677 -12.543 -107.007 -8.601 -13.943 -107.140 -12.303 -13.749
3 65 -107.140 -12.303 -13.749 -106.523 -12.118 -12.360 -106.393 -8.677 -12.543
3 65 -105.103 -12.173 -11.791 -106.523 -12.118 -12.360 -107.163 -15.556 -11.315
3 65 -107.163 -15.556 -11.315 -105.759 -15.677 -10.718 -105.103 -12.173 -11.791
3 65 -103.713 -12.436 -12.374 -105.103 -12.173 -11.791 -105.759 -15.677 -10.718
3 65 -105.759 -15.677 -10.718 -104.469 -16.396 -11.121 -103.713 -12.436 -12.374
3 65 -103.166 -12.753 -13.768 -103.713 -12.436 -12.374 -104.469 -16.396 -11.121
3 65 -104.469 -16.396 -11.121 -104.049 -17.292 -12.289 -103.166 -12.753 -13.768
3 65 -103.783 -12.938 -15.157 -103.166 -12.753 -13.768 -104.049 -17.292 -12.289
3 65 -104.049 -17.292 -12.289 -104.745 -17.840 -13.537 -103.783 -12.938 -15.157
3 65 -105.203 -12.883 -15.726 -103.783 -12.938 -15.157 -104.745 -17.840 -13.537
3 65 -104.745 -17.840 -13.537 -106.150 -17.719 -14.135 -105.203 -12.883 -15.726
3 65 -106.593 -12.620 -15.143 -105.203 -12.883 -15.726 -106.150 -17.719 -14.135
3 65 -106.150 -17.719 -14.135 -107.439 -17.000 -13.731 -106.593 -12.620 -15.143
3 65 -107.140 -12.303 -13.749 -106.593 -12.620 -15.143 -107.439 -17.000 -13.731
3 65 -107.439 -17.000 -13.731 -107.859 -16.104 -12.563 -107.140 -12.303 -13.749
3 65 -106.523 -12.118 -12.360 -107.140 -12.303 -13.749 -107.859 -16.104 -12.563
3 65 -107.859 -16.104 -12.563 -107.163 -15.556 -11.315 -106.523 -12.118 -12.360
3 65 -107.163 -15.556 -11.315 -108.417 -17.400 -9.402 -107.040 -17.422 -8.734
3 65 -107.040 -17.422 -8.734 -105.759 -15.677 -10.718 -107.163 -15.556 -11.315
3 65 -105.759 -15.677 -10.718 -107.040 -17.422 -8.734 -105.899 -18.438 -8.638
3 65 -105.899 -18.438 -8.638 -104.469 -16.396 -11.121 -105.759 -15.677 -10.718
3 65 -104.469 -16.396 -11.121 -105.899 -18.438 -8.638 -105.663 -19.853 -9.170
3 65 -105.663 -19.853 -9.170 -104.049 -17.292 -12.289 -104.469 -16.396 -11.121
3 65 -104.049 -17.292 -12.289 -105.663 -19.853 -9.170 -106.469 -20.839 -10.019
3 65 -106.469 -20.839 -10.019 -104.745 -17.840 -13.537 -104.049 -17.292 -12.289
3 65 -104.745 -17.840 -13.537 -106.469 -20.839 -10.019 -107.846 -20.818 -10.687
3 65 -107.846 -20.818 -10.687 -106.150 -17.719 -14.135 -104.745 -17.840 -13.537
3 65 -106.150 -17.719 -14.135 -107.846 -20.818 -10.687 -108.987 -19.802 -10.783
3 65 -108.987 -19.802 -10.783 -107.439 -17.000 -13.731 -106.150 -17.719 -14.135
3 65 -107.439 -17.000 -13.731 -108.987 -19.802 -10.783 -109.223 -18.386 -10.251
3 65 -109.223 -18.386 -10.251 -107.859 -16.104 -12.563 -107.439 -17.000 -13.731
3 65 -107.859 -16.104 -12.563 -109.223 -18.386 -10.251 -108.417 -17.400 -9.402
3 65 -108.417 -17.400 -9.402 -107.163 -15.556 -11.315 -107.859 -16.104 -12.563
3 65 -108.417 -17.400 -9.402 -110.177 -17.940 -6.659 -108.794 -17.600 -6.100
3 65 -108.794 -17.600 -6.100 -107.040 -17.422 -8.734 -108.417 -17.400 -9.402
3 65 -107.040 -17.422 -8.734 -108.794 -17.600 -6.100 -107.609 -18.414 -5.573
3 65 -107.609 -18.414 -5.573 -105.899 -18.438 -8.638 -107.040 -17.422 -8.734
3 65 -105.899 -18.438 -8.638 -107.609 -18.414 -5.573 -107.317 -19.905 -5.388
3 65 -107.317 -19.905 -5.388 -105.663 -19.853 -9.170 -105.899 -18.438 -8.638
3 65 -105.663 -19.853 -9.170 -107.317 -19.905 -5.388 -108.089 -21.200 -5.652
3 65 -108.089 -21.200 -5.652 -106.469 -20.839 -10.019 -105.663 -19.853 -9.170
3 65 -106.469 -20.839 -10.019 -108.089 -21.200 -5.652 -109.473 -21.540 -6.211
3 65 -109.473 -21.540 -6.211 -107.846 -20.818 -10.687 -106.469 -20.839 -10.019
3 65 -107.846 -20.818 -10.687 -109.473 -21.540 -6.211 -110.658 -20.727 -6.738
3 65 -110.658 -20.727 -6.738 -108.987 -19.802 -10.783 -107.846 -20.818 -10.687
3 65 -108.987 -19.802 -10.783 -110.658 -20.727 -6.738 -110.949 -19.235 -6.923
3 65 -110.949 -19.235 -6.923 -109.223 -18.386 -10.251 -108.987 -19.802 -10.783
3 65 -109.223 -18.386 -10.251 -110.949 -19.235 -6.923 -110.177 -17.940 -6.659
3 65 -110.177 -17.940 -6.659 -108.417 -17.400 -9.402 -109.223 -18.386 -10.251
3 65 -110.177 -17.940 -6.659 -112.011 -17.695 -3.313 -110.720 -16.891 -3.142
3 65 -110.720 -16.891 -3.142 -108.794 -17.600 -6.100 -110.177 -17.940 -6.659
3 65 -108.794 -17.600 -6.100 -110.720 -16.891 -3.142 -109.319 -17.194 -2.605
3 65 -109.319 -17.194 -2.605 -107.609 -18.414 -5.573 -108.794 -17.600 -6.100
3 65 -107.609 -18.414 -5.573 -109.319 -17.194 -2.605 -108.629 -18.427 -2.016
3 65 -108.629 -18.427 -2.016 -107.317 -19.905 -5.388 -107.609 -18.414 -5.573
3 65 -107.317 -19.905 -5.388 -108.629 -18.427 -2.016 -109.054 -19.867 -1.720
3 65 -109.054 -19.867 -1.720 -108.089 -21.200 -5.652 -107.317 -19.905 -5.388
3 65 -108.089 -21.200 -5.652 -109.054 -19.867 -1.720 -110.346 -20.671 -1.891
3 65 -110.346 -20.671 -1.891 -109.473 -21.540 -6.211 -108.089 -21.200 -5.652
3 65 -109.473 -21.540 -6.211 -110.346 -20.671 -1.891 -111.747 -20.368 -2.428
3 65 -111.747 -20.368 -2.428 -110.658 -20.727 -6.738 -109.473 -21.540 -6.211
3 65 -110.658 -20.727 -6.738 -111.747 -20.368 -2.428 -112.437 -19.135 -3.017
3 65 -112.437 -19.135 -3.017 -110.949 -19.235 -6.923 -110.658 -20.727 -6.738
3 65 -110.949 -19.235 -6.923 -112.437 -19.135 -3.017 -112.011 -17.695 -3.313
3 65 -112.011 -17.695 -3.313 -110.177 -17.940 -6.659 -110.949 -19.235 -6.923
3 65 -112.011 -17.695 -3.313 -113.394 -16.952 0.538 -112.434 -15.805 0.213
3 65 -112.434 -15.805 0.213 -110.720 -16.891 -3.142 -112.011 -17.695 -3.313
3 65 -110.720 -16.891 -3.142 -112.434 -15.805 0.213 -110.932 -15.567 0.390
3 65 -110.932 -15.567 0.390 -109.319 -17.194 -2.605 -110.720 -16.891 -3.142
3 65 -109.319 -17.194 -2.605 -110.932 -15.567 0.390 -109.768 -16.377 0.967
3 65 -109.768 -16.377 0.967 -108.629 -18.427 -2.016 -109.319 -17.194 -2.605
3 65 -108.629 -18.427 -2.016 -109.768 -16.377 0.967 -109.624 -17.761 1.604
3 65 -109.624 -17.761 1.604 -109.054 -19.867 -1.720 -108.629 -18.427 -2.016
3 65 -109.054 -19.867 -1.720 -109.624 -17.761 1.604 -110.584 -18.909 1.929
3 65 -110.584 -18.909 1.929 -110.346 -20.671 -1.891 -109.054 -19.867 -1.720
3 65 -110.346 -20.671 -1.891 -110.584 -18.909 1.929 -112.086 -19.147 1.751
3 65 -112.086 -19.147 1.751 -111.747 -20.368 -2.428 -110.346 -20.671 -1.891
3 65 -111.747 -20.368 -2.428 -112.086 -19.147 1.751 -113.249 -18.336 1.175
3 65 -113.249 -18.336 1.175 -112.437 -19.135 -3.017 -111.747 -20.368 -2.428
3 65 -112.437 -19.135 -3.017 -113.249 -18.336 1.175 -113.394 -16.952 0.538
3 65 -113.394 -16.952 0.538 -112.011 -17.695 -3.313 -112.437 -19.135 -3.017
3 65 -113.394 -16.952 0.538 -113.912 -15.655 4.661 -113.395 -14.378 3.994
3 65 -113.395 -14.378 3.994 -112.434 -15.805 0.213 -113.394 -16.952 0.538
3 65 -112.434 -15.805 0.213 -113.395 -14.378 3.994 -112.010 -13.802 3.686
3 65 -112.010 -13.802 3.686 -110.932 -15.567 0.390 -112.434 -15.805 0.213
3 65 -110.932 -15.567 0.390 -112.010 -13.802 3.686 -110.570 -14.265 3.917
3 65 -110.570 -14.265 3.917 -109.768 -16.377 0.967 -110.932 -15.567 0.390
3 65 -109.768 -16.377 0.967 -110.570 -14.265 3.917 -109.917 -15.495 4.553
3 65 -109.917 -15.495 4.553 -109.624 -17.761 1.604 -109.768 -16.377 0.967
3 65 -109.624 -17.761 1.604 -109.917 -15.495 4.553 -110.434 -16.772 5.221
3 65 -110.434 -16.772 5.221 -110.584 -18.909 1.929 -109.624 -17.761 1.604
3 65 -110.584 -18.909 1.929 -110.434 -16.772 5.221 -111.819 -17.347 5.529
3 65 -111.819 -17.347 5.529 -112.086 -19.147 1.751 -110.584 -18.909 1.929
3 65 -112.086 -19.147 1.751 -111.819 -17.347 5.529 -113.260 -16.885 5.297
3 65 -113.260 -16.885 5.297 -113.249 -18.336 1.175 -112.086 -19.147 1.751
3 65 -113.249 -18.336 1.175 -113.260 -16.885 5.297 -113.912 -15.655 4.661
3 65 -113.912 -15.655 4.661 -113.394 -16.952 0.538 -113.249 -18.336 1.175
3 65 -113.912 -15.655 4.661 -113.323 -13.870 8.798 -113.151 -12.558 8.028
3 65 -113.151 -12.558 8.028 -113.395 -14.378 3.994 -113.912 -15.655 4.661
3 65 -113.395 -14.378 3.994 -113.151 -12.558 8.028 -111.999 -11.887 7.276
3 65 -111.999 -11.887 7.276 -112.010 -13.802 3.686 -113.395 -14.378 3.994
3 65 -112.010 -13.802 3.686 -111.999 -11.887 7.276 -110.542 -12.251 6.982
3 65 -110.542 -12.251 6.982 -110.570 -14.265 3.917 -112.010 -13.802 3.686
3 65 -110.570 -14.265 3.917 -110.542 -12.251 6.982 -109.632 -13.435 7.319
3 65 -109.632 -13.435 7.319 -109.917 -15.495 4.553 -110.570 -14.265 3.917
3 65 -109.917 -15.495 4.553 -109.632 -13.435 7.319 -109.804 -14.747 8.088
3 65 -109.804 -14.747 8.088 -110.434 -16.772 5.221 -109.917 -15.495 4.553
3 65 -110.434 -16.772 5.221 -109.804 -14.747 8.088 -110.957 -15.418 8.840
3 65 -110.957 -15.418 8.840 -111.819 -17.347 5.529 -110.434 -16.772 5.221
3 65 -111.819 -17.347 5.529 -110.957 -15.418 8.840 -112.414 -15.055 9.134
3 65 -112.414 -15.055 9.134 -113.260 -16.885 5.297 -111.819 -17.347 5.529
3 65 -113.260 -16.885 5.297 -112.414 -15.055 9.134 -113.323 -13.870 8.798
3 65 -113.323 -13.870 8.798 -113.912 -15.655 4.661 -113.260 -16.885 5.297
3 65 -113.323 -13.870 8.798 -111.093 -12.069 12.590 -111.066 -10.699 11.908
3 65 -111.066 -10.699 11.908 -113.151 -12.558 8.028 -113.323 -13.870 8.798
3 65 -113.151 -12.558 8.028 -111.066 -10.699 11.908 -110.240 -10.064 10.787
3 65 -110.240 -10.064 10.787 -111.999 -11.887 7.276 -113.151 -12.558 8.028
3 65 -111.999 -11.887 7.276 -110.240 -10.064 10.787 -109.097 -10.536 9.884
3 65 -109.097 -10.536 9.884 -110.542 -12.251 6.982 -111.999 -11.887 7.276
3 65 -110.542 -12.251 6.982 -109.097 -10.536 9.884 -108.309 -11.839 9.728
3 65 -108.309 -11.839 9.728 -109.632 -13.435 7.319 -110.542 -12.251 6.982
3 65 -109.632 -13.435 7.319 -108.309 -11.839 9.728 -108.335 -13.209 10.410
3 65 -108.335 -13.209 10.410 -109.804 -14.747 8.088 -109.632 -13.435 7.319
3 65 -109.804 -14.747 8.088 -108.335 -13.209 10.410 -109.162 -13.844 11.531
3 65 -109.162 -13.844 11.531 -110.957 -15.418 8.840 -109.804 -14.747 8.088
3 65 -110.957 -15.418 8.840 -109.162 -13.844 11.531 -110.304 -13.372 12.434
3 65 -110.304 -13.372 12.434 -112.414 -15.055 9.134 -110.957 -15.418 8.840
3 65 -112.414 -15.055 9.134 -110.304 -13.372 12.434 -111.093 -12.069 12.590
3 65 -111.093 -12.069 12.590 -113.323 -13.870 8.798 -112.414 -15.055 9.134
3 65 -111.066 -10.699 11.908 -111.093 -12.069 12.590 -107.120 -11.195 15.039
3 65 -107.120 -11.195 15.039 -107.019 -9.774 14.477 -111.066 -10.699 11.908
3 65 -110.240 -10.064 10.787 -111.066 -10.699 11.908 -107.019 -9.774 14.477
3 65 -107.019 -9.774 14.477 -106.553 -9.164 13.153 -110.240 -10.064 10.787
3 65 -109.097 -10.536 9.884 -110.240 -10.064 10.787 -106.553 -9.164 13.153
3 65 -106.553 -9.164 13.153 -105.994 -9.722 11.842 -109.097 -10.536 9.884
3 65 -109.097 -10.536 9.884 -105.994 -9.722 11.842 -105.669 -11.121 11.312
3 65 -105.669 -11.121 11.312 -108.309 -11.839 9.728 -109.097 -10.536 9.884
3 65 -108.335 -13.209 10.410 -108.309 -11.839 9.728 -105.669 -11.121 11.312
3 65 -105.669 -11.121 11.312 -105.769 -12.541 11.873 -108.335 -13.209 10.410
3 65 -109.162 -13.844 11.531 -108.335 -13.209 10.410 -105.769 -12.541 11.873
3 65 -105.769 -12.541 11.873 -106.236 -13.152 13.197 -109.162 -13.844 11.531
3 65 -110.304 -13.372 12.434 -109.162 -13.844 11.531 -106.236 -13.152 13.197
3 65 -106.236 -13.152 13.197 -106.795 -12.594 14.508 -110.304 -13.372 12.434
3 65 -110.304 -13.372 12.434 -106.795 -12.594 14.508 -107.120 -11.195 15.039
3 65 -107.120 -11.195 15.039 -111.093 -12.069 12.590 -110.304 -13.372 12.434
3 65 -107.019 -9.774 14.477 -107.120 -11.195 15.039 -102.716 -11.390 15.953
3 65 -102.716 -11.390 15.953 -102.495 -9.974 15.417 -107.019 -9.774 14.477
3 65 -106.553 -9.164 13.153 -107.019 -9.774 14.477 -102.495 -9.974 15.417
3 65 -102.495 -9.974 15.417 -102.279 -9.362 14.031 -106.553 -9.164 13.153
3 65 -105.994 -9.722 11.842 -106.553 -9.164 13.153 -102.279 -9.362 14.031
3 65 -102.279 -9.362 14.031 -102.195 -9.914 12.606 -105.994 -9.722 11.842
3 65 -105.669 -11.121 11.312 -105.994 -9.722 11.842 -102.195 -9.914 12.606
3 65 -102.195 -9.914 12.606 -102.292 -11.306 11.976 -105.669 -11.121 11.312
3 65 -105.769 -12.541 11.873 -105.669 -11.121 11.312 -102.292 -11.306 11.976
3 65 -102.292 -11.306 11.976 -102.514 -12.723 12.512 -105.769 -12.541 11.873
3 65 -106.236 -13.152 13.197 -105.769 -12.541 11.873 -102.514 -12.723 12.512
3 65 -102.514 -12.723 12.512 -102.730 -13.334 13.898 -106.236 -13.152 13.197
3 65 -106.795 -12.594 14.508 -106.236 -13.152 13.197 -102.730 -13.334 13.898
3 65 -102.730 -13.334 13.898 -102.814 -12.782 15.324 -106.795 -12.594 14.508
3 65 -107.120 -11.195 15.039 -106.795 -12.594 14.508 -102.814 -12.782 15.324
3 65 -102.814 -12.782 15.324 -102.716 -11.390 15.953 -107.120 -11.195 15.039
3 65 -102.495 -9.974 15.417 -102.716 -11.390 15.953 -98.927 -12.013 15.986
3 65 -98.927 -12.013 15.986 -98.949 -10.595 15.410 -102.495 -9.974 15.417
3 65 -102.279 -9.362 14.031 -102.495 -9.974 15.417 -98.949 -10.595 15.410
3 65 -98.949 -10.595 15.410 -99.000 -10.000 14.000 -102.279 -9.362 14.031
3 65 -102.195 -9.914 12.606 -102.279 -9.362 14.031 -99.000 -10.000 14.000
3 65 -99.000 -10.000 14.000 -99.051 -10.577 12.583 -102.195 -9.914 12.606
3 65 -102.292 -11.306 11.976 -102.195 -9.914 12.606 -99.051 -10.577 12.583
3 65 -99.051 -10.577 12.583 -99.073 -11.987 11.989 -102.292 -11.306 11.976
3 65 -102.514 -12.723 12.512 -102.292 -11.306 11.976 -99.073 -11.987 11.989
3 65 -99.073 -11.987 11.989 -99.051 -13.405 12.565 -102.514 -12.723 12.512
3 65 -102.730 -13.334 13.898 -102.514 -12.723 12.512 -99.051 -13.405 12.565
3 65 -99.051 -13.405 12.565 -99.000 -14.000 13.975 -102.730 -13.334 13.898
3 65 -102.814 -12.782 15.324 -102.730 -13.334 13.898 -99.000 -14.000 13.975
3 65 -99.000 -14.000 13.975 -98.949 -13.423 15.392 -102.814 -12.782 15.324
3 65 -102.716 -11.390 15.953 -102.814 -12.782 15.324 -98.949 -13.423 15.392
3 65 -98.949 -13.423 15.392 -98.927 -12.013 15.986 -102.716 -11.390 15.953
