0 FILE XPJ0118.DAT.dat
0 XPJ0118
0 Name:  UntitledModel
0 Author:  
0 BL_Item_No XPJ0118.DAT
0 BFC CERTIFY CCW
3 65 -10.086 0.000 2.414 -11.500 0.000 3.000 -10.737 -3.925 3.000
3 65 -10.737 -3.925 3.000 -9.426 -3.395 2.414 -10.086 0.000 2.414
3 65 -9.500 0.000 1.000 -10.086 0.000 2.414 -9.426 -3.395 2.414
3 65 -9.426 -3.395 2.414 -8.882 -3.176 1.000 -9.500 0.000 1.000
3 65 -10.086 0.000 -0.414 -9.500 0.000 1.000 -8.882 -3.176 1.000
3 65 -8.882 -3.176 1.000 -9.426 -3.395 -0.414 -10.086 0.000 -0.414
3 65 -11.500 0.000 -1.000 -10.086 0.000 -0.414 -9.426 -3.395 -0.414
3 65 -9.426 -3.395 -0.414 -10.737 -3.925 -1.000 -11.500 0.000 -1.000
3 65 -12.914 0.000 -0.414 -11.500 0.000 -1.000 -10.737 -3.925 -1.000
3 65 -10.737 -3.925 -1.000 -12.049 -4.454 -0.414 -12.914 0.000 -0.414
3 65 -13.500 0.000 1.000 -12.914 0.000 -0.414 -12.049 -4.454 -0.414
3 65 -12.049 -4.454 -0.414 -12.592 -4.673 1.000 -13.500 0.000 1.000
3 65 -12.914 0.000 2.414 -13.500 0.000 1.000 -12.592 -4.673 1.000
3 65 -12.592 -4.673 1.000 -12.049 -4.454 2.414 -12.914 0.000 2.414
3 65 -11.500 0.000 3.000 -12.914 0.000 2.414 -12.049 -4.454 2.414
3 65 -12.049 -4.454 2.414 -10.737 -3.925 3.000 -11.500 0.000 3.000
3 65 -9.426 -3.395 2.414 -10.737 -3.925 3.000 -8.563 -7.279 3.000
3 65 -8.563 -7.279 3.000 -7.544 -6.298 2.414 -9.426 -3.395 2.414
3 65 -8.882 -3.176 1.000 -9.426 -3.395 2.414 -7.544 -6.298 2.414
3 65 -7.544 -6.298 2.414 -7.122 -5.892 1.000 -8.882 -3.176 1.000
3 65 -9.426 -3.395 -0.414 -8.882 -3.176 1.000 -7.122 -5.892 1.000
3 65 -7.122 -5.892 1.000 -7.544 -6.298 -0.414 -9.426 -3.395 -0.414
3 65 -10.737 -3.925 -1.000 -9.426 -3.395 -0.414 -7.544 -6.298 -0.414
3 65 -7.544 -6.298 -0.414 -8.563 -7.279 -1.000 -10.737 -3.925 -1.000
3 65 -12.049 -4.454 -0.414 -10.737 -3.925 -1.000 -8.563 -7.279 -1.000
3 65 -8.563 -7.279 -1.000 -9.582 -8.260 -0.414 -12.049 -4.454 -0.414
3 65 -12.592 -4.673 1.000 -12.049 -4.454 -0.414 -9.582 -8.260 -0.414
3 65 -9.582 -8.260 -0.414 -10.004 -8.666 1.000 -12.592 -4.673 1.000
3 65 -12.049 -4.454 2.414 -12.592 -4.673 1.000 -10.004 -8.666 1.000
3 65 -10.004 -8.666 1.000 -9.582 -8.260 2.414 -12.049 -4.454 2.414
3 65 -10.737 -3.925 3.000 -12.049 -4.454 2.414 -9.582 -8.260 2.414
3 65 -9.582 -8.260 2.414 -8.563 -7.279 3.000 -10.737 -3.925 3.000
3 65 -7.544 -6.298 2.414 -8.563 -7.279 3.000 -5.294 -9.579 3.000
3 65 -5.294 -9.579 3.000 -4.711 -8.291 2.414 -7.544 -6.298 2.414
3 65 -7.122 -5.892 1.000 -7.544 -6.298 2.414 -4.711 -8.291 2.414
3 65 -4.711 -8.291 2.414 -4.470 -7.757 1.000 -7.122 -5.892 1.000
3 65 -7.544 -6.298 -0.414 -7.122 -5.892 1.000 -4.470 -7.757 1.000
3 65 -4.470 -7.757 1.000 -4.711 -8.291 -0.414 -7.544 -6.298 -0.414
3 65 -8.563 -7.279 -1.000 -7.544 -6.298 -0.414 -4.711 -8.291 -0.414
3 65 -4.711 -8.291 -0.414 -5.294 -9.579 -1.000 -8.563 -7.279 -1.000
3 65 -9.582 -8.260 -0.414 -8.563 -7.279 -1.000 -5.294 -9.579 -1.000
3 65 -5.294 -9.579 -1.000 -5.877 -10.868 -0.414 -9.582 -8.260 -0.414
3 65 -10.004 -8.666 1.000 -9.582 -8.260 -0.414 -5.877 -10.868 -0.414
3 65 -5.877 -10.868 -0.414 -6.119 -11.401 1.000 -10.004 -8.666 1.000
3 65 -9.582 -8.260 2.414 -10.004 -8.666 1.000 -6.119 -11.401 1.000
3 65 -6.119 -11.401 1.000 -5.877 -10.868 2.414 -9.582 -8.260 2.414
3 65 -8.563 -7.279 3.000 -9.582 -8.260 2.414 -5.877 -10.868 2.414
3 65 -5.877 -10.868 2.414 -5.294 -9.579 3.000 -8.563 -7.279 3.000
3 65 -4.711 -8.291 2.414 -5.294 -9.579 3.000 -1.409 -10.517 3.000
3 65 -1.409 -10.517 3.000 -1.165 -9.124 2.415 -4.711 -8.291 2.414
3 65 -4.470 -7.757 1.000 -4.711 -8.291 2.414 -1.165 -9.124 2.415
3 65 -1.165 -9.124 2.415 -1.061 -8.547 1.000 -4.470 -7.757 1.000
3 65 -4.711 -8.291 -0.414 -4.470 -7.757 1.000 -1.061 -8.547 1.000
3 65 -1.061 -8.547 1.000 -1.158 -9.125 -0.414 -4.711 -8.291 -0.414
3 65 -5.294 -9.579 -1.000 -4.711 -8.291 -0.414 -1.158 -9.125 -0.414
3 65 -1.158 -9.125 -0.414 -1.399 -10.518 -1.000 -5.294 -9.579 -1.000
3 65 -5.877 -10.868 -0.414 -5.294 -9.579 -1.000 -1.399 -10.518 -1.000
3 65 -1.399 -10.518 -1.000 -1.644 -11.911 -0.414 -5.877 -10.868 -0.414
3 65 -6.119 -11.401 1.000 -5.877 -10.868 -0.414 -1.644 -11.911 -0.414
3 65 -1.644 -11.911 -0.414 -1.748 -12.488 1.000 -6.119 -11.401 1.000
3 65 -5.877 -10.868 2.414 -6.119 -11.401 1.000 -1.748 -12.488 1.000
3 65 -1.748 -12.488 1.000 -1.651 -11.910 2.414 -5.877 -10.868 2.414
3 65 -5.294 -9.579 3.000 -5.877 -10.868 2.414 -1.651 -11.910 2.414
3 65 -1.651 -11.910 2.414 -1.409 -10.517 3.000 -5.294 -9.579 3.000
3 65 -1.165 -9.124 2.415 -1.409 -10.517 3.000 38.568 -14.874 3.192
3 65 38.568 -14.874 3.192 38.724 -13.468 2.606 -1.165 -9.124 2.415
3 65 -1.061 -8.547 1.000 -1.165 -9.124 2.415 38.724 -13.468 2.606
3 65 38.724 -13.468 2.606 38.795 -12.887 1.192 -1.061 -8.547 1.000
3 65 -1.158 -9.125 -0.414 -1.061 -8.547 1.000 38.795 -12.887 1.192
3 65 38.795 -12.887 1.192 38.740 -13.470 -0.222 -1.158 -9.125 -0.414
3 65 -1.399 -10.518 -1.000 -1.158 -9.125 -0.414 38.740 -13.470 -0.222
3 65 38.740 -13.470 -0.222 38.590 -14.876 -0.808 -1.399 -10.518 -1.000
3 65 -1.644 -11.911 -0.414 -1.399 -10.518 -1.000 38.590 -14.876 -0.808
3 65 38.590 -14.876 -0.808 38.433 -16.282 -0.222 -1.644 -11.911 -0.414
3 65 -1.748 -12.488 1.000 -1.644 -11.911 -0.414 38.433 -16.282 -0.222
3 65 38.433 -16.282 -0.222 38.362 -16.863 1.192 -1.748 -12.488 1.000
3 65 -1.651 -11.910 2.414 -1.748 -12.488 1.000 38.362 -16.863 1.192
3 65 38.362 -16.863 1.192 38.418 -16.280 2.606 -1.651 -11.910 2.414
3 65 -1.409 -10.517 3.000 -1.651 -11.910 2.414 38.418 -16.280 2.606
3 65 38.418 -16.280 2.606 38.568 -14.874 3.192 -1.409 -10.517 3.000
3 65 38.724 -13.468 2.606 38.568 -14.874 3.192 78.549 -19.231 3.446
3 65 78.549 -19.231 3.446 78.706 -17.825 2.860 38.724 -13.468 2.606
3 65 38.795 -12.887 1.192 38.724 -13.468 2.606 78.706 -17.825 2.860
3 65 78.706 -17.825 2.860 78.778 -17.244 1.446 38.795 -12.887 1.192
3 65 38.740 -13.470 -0.222 38.795 -12.887 1.192 78.778 -17.244 1.446
3 65 78.778 -17.244 1.446 78.724 -17.827 0.032 38.740 -13.470 -0.222
3 65 38.590 -14.876 -0.808 38.740 -13.470 -0.222 78.724 -17.827 0.032
3 65 78.724 -17.827 0.032 78.574 -19.234 -0.554 38.590 -14.876 -0.808
3 65 38.433 -16.282 -0.222 38.590 -14.876 -0.808 78.574 -19.234 -0.554
3 65 78.574 -19.234 -0.554 78.417 -20.639 0.032 38.433 -16.282 -0.222
3 65 38.362 -16.863 1.192 38.433 -16.282 -0.222 78.417 -20.639 0.032
3 65 78.417 -20.639 0.032 78.345 -21.221 1.446 38.362 -16.863 1.192
3 65 38.418 -16.280 2.606 38.362 -16.863 1.192 78.345 -21.221 1.446
3 65 78.345 -21.221 1.446 78.399 -20.637 2.860 38.418 -16.280 2.606
3 65 38.568 -14.874 3.192 38.418 -16.280 2.606 78.399 -20.637 2.860
3 65 78.399 -20.637 2.860 78.549 -19.231 3.446 38.568 -14.874 3.192
3 65 78.706 -17.825 2.860 78.549 -19.231 3.446 118.532 -23.588 3.706
3 65 118.532 -23.588 3.706 118.689 -22.183 3.120 78.706 -17.825 2.860
3 65 78.778 -17.244 1.446 78.706 -17.825 2.860 118.689 -22.183 3.120
3 65 118.689 -22.183 3.120 118.761 -21.601 1.706 78.778 -17.244 1.446
3 65 78.724 -17.827 0.032 78.778 -17.244 1.446 118.761 -21.601 1.706
3 65 118.761 -21.601 1.706 118.706 -22.184 0.291 78.724 -17.827 0.032
3 65 78.574 -19.234 -0.554 78.724 -17.827 0.032 118.706 -22.184 0.291
3 65 118.706 -22.184 0.291 118.556 -23.591 -0.294 78.574 -19.234 -0.554
3 65 78.417 -20.639 0.032 78.574 -19.234 -0.554 118.556 -23.591 -0.294
3 65 118.556 -23.591 -0.294 118.399 -24.996 0.291 78.417 -20.639 0.032
3 65 78.345 -21.221 1.446 78.417 -20.639 0.032 118.399 -24.996 0.291
3 65 118.399 -24.996 0.291 118.327 -25.578 1.706 78.345 -21.221 1.446
3 65 78.399 -20.637 2.860 78.345 -21.221 1.446 118.327 -25.578 1.706
3 65 118.327 -25.578 1.706 118.382 -24.994 3.120 78.399 -20.637 2.860
3 65 78.549 -19.231 3.446 78.399 -20.637 2.860 118.382 -24.994 3.120
3 65 118.382 -24.994 3.120 118.532 -23.588 3.706 78.549 -19.231 3.446
3 65 118.689 -22.183 3.120 118.532 -23.588 3.706 158.517 -27.946 3.940
3 65 158.517 -27.946 3.940 158.673 -26.540 3.355 118.689 -22.183 3.120
3 65 118.761 -21.601 1.706 118.689 -22.183 3.120 158.673 -26.540 3.355
3 65 158.673 -26.540 3.355 158.744 -25.958 1.940 118.761 -21.601 1.706
3 65 118.706 -22.184 0.291 118.761 -21.601 1.706 158.744 -25.958 1.940
3 65 158.744 -25.958 1.940 158.687 -26.541 0.526 118.706 -22.184 0.291
3 65 118.556 -23.591 -0.294 118.706 -22.184 0.291 158.687 -26.541 0.526
3 65 158.687 -26.541 0.526 158.536 -27.948 -0.060 118.556 -23.591 -0.294
3 65 118.399 -24.996 0.291 118.556 -23.591 -0.294 158.536 -27.948 -0.060
3 65 158.536 -27.948 -0.060 158.380 -29.353 0.526 118.399 -24.996 0.291
3 65 118.327 -25.578 1.706 118.399 -24.996 0.291 158.380 -29.353 0.526
3 65 158.380 -29.353 0.526 158.310 -29.935 1.940 118.327 -25.578 1.706
3 65 118.382 -24.994 3.120 118.327 -25.578 1.706 158.310 -29.935 1.940
3 65 158.310 -29.935 1.940 158.367 -29.352 3.355 118.382 -24.994 3.120
3 65 118.532 -23.588 3.706 118.382 -24.994 3.120 158.367 -29.352 3.355
3 65 158.367 -29.352 3.355 158.517 -27.946 3.940 118.532 -23.588 3.706
3 65 158.673 -26.540 3.355 158.517 -27.946 3.940 174.019 -29.635 3.999
3 65 174.019 -29.635 3.999 174.158 -28.227 3.413 158.673 -26.540 3.355
3 65 158.744 -25.958 1.940 158.673 -26.540 3.355 174.158 -28.227 3.413
3 65 174.158 -28.227 3.413 174.218 -27.645 1.999 158.744 -25.958 1.940
3 65 158.687 -26.541 0.526 158.744 -25.958 1.940 174.218 -27.645 1.999
3 65 174.218 -27.645 1.999 174.164 -28.228 0.584 158.687 -26.541 0.526
3 65 158.536 -27.948 -0.060 158.687 -26.541 0.526 174.164 -28.228 0.584
3 65 174.164 -28.228 0.584 174.027 -29.636 -0.001 158.536 -27.948 -0.060
3 65 158.380 -29.353 0.526 158.536 -27.948 -0.060 174.027 -29.636 -0.001
3 65 174.027 -29.636 -0.001 173.888 -31.043 0.584 158.380 -29.353 0.526
3 65 158.310 -29.935 1.940 158.380 -29.353 0.526 173.888 -31.043 0.584
3 65 173.888 -31.043 0.584 173.828 -31.626 1.999 158.310 -29.935 1.940
3 65 158.367 -29.352 3.355 158.310 -29.935 1.940 173.828 -31.626 1.999
3 65 173.828 -31.626 1.999 173.883 -31.042 3.413 158.367 -29.352 3.355
3 65 158.517 -27.946 3.940 158.367 -29.352 3.355 173.883 -31.042 3.413
3 65 173.883 -31.042 3.413 174.019 -29.635 3.999 158.517 -27.946 3.940
3 65 174.158 -28.227 3.413 174.019 -29.635 3.999 178.028 -29.982 4.000
3 65 178.028 -29.982 4.000 178.065 -28.568 3.414 174.158 -28.227 3.413
3 65 174.218 -27.645 1.999 174.158 -28.227 3.413 178.065 -28.568 3.414
3 65 178.065 -28.568 3.414 178.081 -27.983 2.000 174.218 -27.645 1.999
3 65 174.164 -28.228 0.584 174.218 -27.645 1.999 178.081 -27.983 2.000
3 65 178.081 -27.983 2.000 178.066 -28.568 0.586 174.164 -28.228 0.584
3 65 174.027 -29.636 -0.001 174.164 -28.228 0.584 178.066 -28.568 0.586
3 65 178.066 -28.568 0.586 178.029 -29.982 0.000 174.027 -29.636 -0.001
3 65 173.888 -31.043 0.584 174.027 -29.636 -0.001 178.029 -29.982 0.000
3 65 178.029 -29.982 0.000 177.992 -31.396 0.586 173.888 -31.043 0.584
3 65 173.828 -31.626 1.999 173.888 -31.043 0.584 177.992 -31.396 0.586
3 65 177.992 -31.396 0.586 177.977 -31.981 2.000 173.828 -31.626 1.999
3 65 173.883 -31.042 3.413 173.828 -31.626 1.999 177.977 -31.981 2.000
3 65 177.977 -31.981 2.000 177.992 -31.396 3.414 173.883 -31.042 3.413
3 65 174.019 -29.635 3.999 173.883 -31.042 3.413 177.992 -31.396 3.414
3 65 177.992 -31.396 3.414 178.028 -29.982 4.000 174.019 -29.635 3.999
3 65 178.065 -28.568 3.414 178.028 -29.982 4.000 182.045 -29.843 4.000
3 65 182.045 -29.843 4.000 181.902 -28.437 3.414 178.065 -28.568 3.414
3 65 178.081 -27.983 2.000 178.065 -28.568 3.414 181.902 -28.437 3.414
3 65 181.902 -28.437 3.414 181.843 -27.854 2.000 178.081 -27.983 2.000
3 65 178.066 -28.568 0.586 178.081 -27.983 2.000 181.843 -27.854 2.000
3 65 181.843 -27.854 2.000 181.902 -28.437 0.586 178.066 -28.568 0.586
3 65 178.029 -29.982 0.000 178.066 -28.568 0.586 181.902 -28.437 0.586
3 65 181.902 -28.437 0.586 182.045 -29.843 0.000 178.029 -29.982 0.000
3 65 177.992 -31.396 0.586 178.029 -29.982 0.000 182.045 -29.843 0.000
3 65 182.045 -29.843 0.000 182.189 -31.250 0.586 177.992 -31.396 0.586
3 65 177.977 -31.981 2.000 177.992 -31.396 0.586 182.189 -31.250 0.586
3 65 182.189 -31.250 0.586 182.248 -31.833 2.000 177.977 -31.981 2.000
3 65 177.992 -31.396 3.414 177.977 -31.981 2.000 182.248 -31.833 2.000
3 65 182.248 -31.833 2.000 182.189 -31.250 3.414 177.992 -31.396 3.414
3 65 178.028 -29.982 4.000 177.992 -31.396 3.414 182.189 -31.250 3.414
3 65 182.189 -31.250 3.414 182.045 -29.843 4.000 178.028 -29.982 4.000
3 65 181.902 -28.437 3.414 182.045 -29.843 4.000 186.008 -29.169 4.000
3 65 186.008 -29.169 4.000 185.677 -27.794 3.414 181.902 -28.437 3.414
3 65 181.843 -27.854 2.000 181.902 -28.437 3.414 185.677 -27.794 3.414
3 65 185.677 -27.794 3.414 185.540 -27.224 2.000 181.843 -27.854 2.000
3 65 181.902 -28.437 0.586 181.843 -27.854 2.000 185.540 -27.224 2.000
3 65 185.540 -27.224 2.000 185.677 -27.794 0.586 181.902 -28.437 0.586
3 65 182.045 -29.843 0.000 181.902 -28.437 0.586 185.677 -27.794 0.586
3 65 185.677 -27.794 0.586 186.008 -29.169 0.000 182.045 -29.843 0.000
3 65 182.189 -31.250 0.586 182.045 -29.843 0.000 186.008 -29.169 0.000
3 65 186.008 -29.169 0.000 186.338 -30.544 0.586 182.189 -31.250 0.586
3 65 182.248 -31.833 2.000 182.189 -31.250 0.586 186.338 -30.544 0.586
3 65 186.338 -30.544 0.586 186.475 -31.114 2.000 182.248 -31.833 2.000
3 65 182.189 -31.250 3.414 182.248 -31.833 2.000 186.475 -31.114 2.000
3 65 186.475 -31.114 2.000 186.338 -30.544 3.414 182.189 -31.250 3.414
3 65 182.045 -29.843 4.000 182.189 -31.250 3.414 186.338 -30.544 3.414
3 65 186.338 -30.544 3.414 186.008 -29.169 4.000 182.045 -29.843 4.000
3 65 185.677 -27.794 3.414 186.008 -29.169 4.000 189.843 -27.968 4.000
3 65 189.843 -27.968 4.000 189.331 -26.650 3.414 185.677 -27.794 3.414
3 65 185.540 -27.224 2.000 185.677 -27.794 3.414 189.331 -26.650 3.414
3 65 189.331 -26.650 3.414 189.120 -26.104 2.000 185.540 -27.224 2.000
3 65 185.677 -27.794 0.586 185.540 -27.224 2.000 189.120 -26.104 2.000
3 65 189.120 -26.104 2.000 189.331 -26.650 0.586 185.677 -27.794 0.586
3 65 186.008 -29.169 0.000 185.677 -27.794 0.586 189.331 -26.650 0.586
3 65 189.331 -26.650 0.586 189.843 -27.968 0.000 186.008 -29.169 0.000
3 65 186.338 -30.544 0.586 186.008 -29.169 0.000 189.843 -27.968 0.000
3 65 189.843 -27.968 0.000 190.354 -29.287 0.586 186.338 -30.544 0.586
3 65 186.475 -31.114 2.000 186.338 -30.544 0.586 190.354 -29.287 0.586
3 65 190.354 -29.287 0.586 190.566 -29.833 2.000 186.475 -31.114 2.000
3 65 186.338 -30.544 3.414 186.475 -31.114 2.000 190.566 -29.833 2.000
3 65 190.566 -29.833 2.000 190.354 -29.287 3.414 186.338 -30.544 3.414
3 65 186.008 -29.169 4.000 186.338 -30.544 3.414 190.354 -29.287 3.414
3 65 190.354 -29.287 3.414 189.843 -27.968 4.000 186.008 -29.169 4.000
3 65 189.331 -26.650 3.414 189.843 -27.968 4.000 193.485 -26.269 4.000
3 65 193.485 -26.269 4.000 192.802 -25.030 3.414 189.331 -26.650 3.414
3 65 189.120 -26.104 2.000 189.331 -26.650 3.414 192.802 -25.030 3.414
3 65 192.802 -25.030 3.414 192.519 -24.517 2.000 189.120 -26.104 2.000
3 65 189.331 -26.650 0.586 189.120 -26.104 2.000 192.519 -24.517 2.000
3 65 192.519 -24.517 2.000 192.802 -25.030 0.586 189.331 -26.650 0.586
3 65 189.843 -27.968 0.000 189.331 -26.650 0.586 192.802 -25.030 0.586
3 65 192.802 -25.030 0.586 193.485 -26.269 0.000 189.843 -27.968 0.000
3 65 190.354 -29.287 0.586 189.843 -27.968 0.000 193.485 -26.269 0.000
3 65 193.485 -26.269 0.000 194.167 -27.507 0.586 190.354 -29.287 0.586
3 65 190.566 -29.833 2.000 190.354 -29.287 0.586 194.167 -27.507 0.586
3 65 194.167 -27.507 0.586 194.450 -28.020 2.000 190.566 -29.833 2.000
3 65 190.354 -29.287 3.414 190.566 -29.833 2.000 194.450 -28.020 2.000
3 65 194.450 -28.020 2.000 194.167 -27.507 3.414 190.354 -29.287 3.414
3 65 189.843 -27.968 4.000 190.354 -29.287 3.414 194.167 -27.507 3.414
3 65 194.167 -27.507 3.414 193.485 -26.269 4.000 189.843 -27.968 4.000
3 65 192.802 -25.030 3.414 193.485 -26.269 4.000 196.866 -24.097 4.000
3 65 196.866 -24.097 4.000 196.024 -22.961 3.414 192.802 -25.030 3.414
3 65 192.519 -24.517 2.000 192.802 -25.030 3.414 196.024 -22.961 3.414
3 65 196.024 -22.961 3.414 195.675 -22.490 2.000 192.519 -24.517 2.000
3 65 192.802 -25.030 0.586 192.519 -24.517 2.000 195.675 -22.490 2.000
3 65 195.675 -22.490 2.000 196.024 -22.961 0.586 192.802 -25.030 0.586
3 65 193.485 -26.269 0.000 192.802 -25.030 0.586 196.024 -22.961 0.586
3 65 196.024 -22.961 0.586 196.866 -24.097 0.000 193.485 -26.269 0.000
3 65 194.167 -27.507 0.586 193.485 -26.269 0.000 196.866 -24.097 0.000
3 65 196.866 -24.097 0.000 197.708 -25.233 0.586 194.167 -27.507 0.586
3 65 194.450 -28.020 2.000 194.167 -27.507 0.586 197.708 -25.233 0.586
3 65 197.708 -25.233 0.586 198.057 -25.704 2.000 194.450 -28.020 2.000
3 65 194.167 -27.507 3.414 194.450 -28.020 2.000 198.057 -25.704 2.000
3 65 198.057 -25.704 2.000 197.708 -25.233 3.414 194.167 -27.507 3.414
3 65 193.485 -26.269 4.000 194.167 -27.507 3.414 197.708 -25.233 3.414
3 65 197.708 -25.233 3.414 196.866 -24.097 4.000 193.485 -26.269 4.000
3 65 196.024 -22.961 3.414 196.866 -24.097 4.000 199.928 -21.493 4.000
3 65 199.928 -21.493 4.000 198.941 -20.480 3.414 196.024 -22.961 3.414
3 65 195.675 -22.490 2.000 196.024 -22.961 3.414 198.941 -20.480 3.414
3 65 198.941 -20.480 3.414 198.532 -20.060 2.000 195.675 -22.490 2.000
3 65 196.024 -22.961 0.586 195.675 -22.490 2.000 198.532 -20.060 2.000
3 65 198.532 -20.060 2.000 198.941 -20.480 0.586 196.024 -22.961 0.586
3 65 196.866 -24.097 0.000 196.024 -22.961 0.586 198.941 -20.480 0.586
3 65 198.941 -20.480 0.586 199.928 -21.493 0.000 196.866 -24.097 0.000
3 65 197.708 -25.233 0.586 196.866 -24.097 0.000 199.928 -21.493 0.000
3 65 199.928 -21.493 0.000 200.914 -22.506 0.586 197.708 -25.233 0.586
3 65 198.057 -25.704 2.000 197.708 -25.233 0.586 200.914 -22.506 0.586
3 65 200.914 -22.506 0.586 201.323 -22.926 2.000 198.057 -25.704 2.000
3 65 197.708 -25.233 3.414 198.057 -25.704 2.000 201.323 -22.926 2.000
3 65 201.323 -22.926 2.000 200.914 -22.506 3.414 197.708 -25.233 3.414
3 65 196.866 -24.097 4.000 197.708 -25.233 3.414 200.914 -22.506 3.414
3 65 200.914 -22.506 3.414 199.928 -21.493 4.000 196.866 -24.097 4.000
3 65 198.941 -20.480 3.414 199.928 -21.493 4.000 202.611 -18.501 4.000
3 65 202.611 -18.501 4.000 201.498 -17.629 3.414 198.941 -20.480 3.414
3 65 198.532 -20.060 2.000 198.941 -20.480 3.414 201.498 -17.629 3.414
3 65 201.498 -17.629 3.414 201.036 -17.268 2.000 198.532 -20.060 2.000
3 65 198.941 -20.480 0.586 198.532 -20.060 2.000 201.036 -17.268 2.000
3 65 201.036 -17.268 2.000 201.498 -17.629 0.586 198.941 -20.480 0.586
3 65 199.928 -21.493 0.000 198.941 -20.480 0.586 201.498 -17.629 0.586
3 65 201.498 -17.629 0.586 202.611 -18.501 0.000 199.928 -21.493 0.000
3 65 200.914 -22.506 0.586 199.928 -21.493 0.000 202.611 -18.501 0.000
3 65 202.611 -18.501 0.000 203.724 -19.373 0.586 200.914 -22.506 0.586
3 65 201.323 -22.926 2.000 200.914 -22.506 0.586 203.724 -19.373 0.586
3 65 203.724 -19.373 0.586 204.185 -19.734 2.000 201.323 -22.926 2.000
3 65 200.914 -22.506 3.414 201.323 -22.926 2.000 204.185 -19.734 2.000
3 65 204.185 -19.734 2.000 203.724 -19.373 3.414 200.914 -22.506 3.414
3 65 199.928 -21.493 4.000 200.914 -22.506 3.414 203.724 -19.373 3.414
3 65 203.724 -19.373 3.414 202.611 -18.501 4.000 199.928 -21.493 4.000
3 65 201.498 -17.629 3.414 202.611 -18.501 4.000 204.873 -15.180 4.000
3 65 204.873 -15.180 4.000 203.653 -14.464 3.414 201.498 -17.629 3.414
3 65 201.036 -17.268 2.000 201.498 -17.629 3.414 203.653 -14.464 3.414
3 65 203.653 -14.464 3.414 203.148 -14.167 2.000 201.036 -17.268 2.000
3 65 201.498 -17.629 0.586 201.036 -17.268 2.000 203.148 -14.167 2.000
3 65 203.148 -14.167 2.000 203.653 -14.464 0.586 201.498 -17.629 0.586
3 65 202.611 -18.501 0.000 201.498 -17.629 0.586 203.653 -14.464 0.586
3 65 203.653 -14.464 0.586 204.873 -15.180 0.000 202.611 -18.501 0.000
3 65 203.724 -19.373 0.586 202.611 -18.501 0.000 204.873 -15.180 0.000
3 65 204.873 -15.180 0.000 206.093 -15.895 0.586 203.724 -19.373 0.586
3 65 204.185 -19.734 2.000 203.724 -19.373 0.586 206.093 -15.895 0.586
3 65 206.093 -15.895 0.586 206.598 -16.192 2.000 204.185 -19.734 2.000
3 65 203.724 -19.373 3.414 204.185 -19.734 2.000 206.598 -16.192 2.000
3 65 206.598 -16.192 2.000 206.093 -15.895 3.414 203.724 -19.373 3.414
3 65 202.611 -18.501 4.000 203.724 -19.373 3.414 206.093 -15.895 3.414
3 65 206.093 -15.895 3.414 204.873 -15.180 4.000 202.611 -18.501 4.000
3 65 203.653 -14.464 3.414 204.873 -15.180 4.000 206.671 -11.585 4.000
3 65 206.671 -11.585 4.000 205.366 -11.039 3.414 203.653 -14.464 3.414
3 65 203.148 -14.167 2.000 203.653 -14.464 3.414 205.366 -11.039 3.414
3 65 205.366 -11.039 3.414 204.826 -10.812 2.000 203.148 -14.167 2.000
3 65 203.653 -14.464 0.586 203.148 -14.167 2.000 204.826 -10.812 2.000
3 65 204.826 -10.812 2.000 205.366 -11.039 0.586 203.653 -14.464 0.586
3 65 204.873 -15.180 0.000 203.653 -14.464 0.586 205.366 -11.039 0.586
3 65 205.366 -11.039 0.586 206.671 -11.585 0.000 204.873 -15.180 0.000
3 65 206.093 -15.895 0.586 204.873 -15.180 0.000 206.671 -11.585 0.000
3 65 206.671 -11.585 0.000 207.975 -12.131 0.586 206.093 -15.895 0.586
3 65 206.598 -16.192 2.000 206.093 -15.895 0.586 207.975 -12.131 0.586
3 65 207.975 -12.131 0.586 208.515 -12.358 2.000 206.598 -16.192 2.000
3 65 206.093 -15.895 3.414 206.598 -16.192 2.000 208.515 -12.358 2.000
3 65 208.515 -12.358 2.000 207.975 -12.131 3.414 206.093 -15.895 3.414
3 65 204.873 -15.180 4.000 206.093 -15.895 3.414 207.975 -12.131 3.414
3 65 207.975 -12.131 3.414 206.671 -11.585 4.000 204.873 -15.180 4.000
3 65 205.366 -11.039 3.414 206.671 -11.585 4.000 207.972 -7.782 4.000
3 65 207.972 -7.782 4.000 206.606 -7.416 3.414 205.366 -11.039 3.414
3 65 204.826 -10.812 2.000 205.366 -11.039 3.414 206.606 -7.416 3.414
3 65 206.606 -7.416 3.414 206.040 -7.264 2.000 204.826 -10.812 2.000
3 65 205.366 -11.039 0.586 204.826 -10.812 2.000 206.040 -7.264 2.000
3 65 206.040 -7.264 2.000 206.606 -7.416 0.586 205.366 -11.039 0.586
3 65 206.671 -11.585 0.000 205.366 -11.039 0.586 206.606 -7.416 0.586
3 65 206.606 -7.416 0.586 207.972 -7.782 0.000 206.671 -11.585 0.000
3 65 207.975 -12.131 0.586 206.671 -11.585 0.000 207.972 -7.782 0.000
3 65 207.972 -7.782 0.000 209.337 -8.149 0.586 207.975 -12.131 0.586
3 65 208.515 -12.358 2.000 207.975 -12.131 0.586 209.337 -8.149 0.586
3 65 209.337 -8.149 0.586 209.903 -8.301 2.000 208.515 -12.358 2.000
3 65 207.975 -12.131 3.414 208.515 -12.358 2.000 209.903 -8.301 2.000
3 65 209.903 -8.301 2.000 209.337 -8.149 3.414 207.975 -12.131 3.414
3 65 206.671 -11.585 4.000 207.975 -12.131 3.414 209.337 -8.149 3.414
3 65 209.337 -8.149 3.414 207.972 -7.782 4.000 206.671 -11.585 4.000
3 65 206.606 -7.416 3.414 207.972 -7.782 4.000 208.749 -3.840 4.000
3 65 208.749 -3.840 4.000 207.347 -3.659 3.414 206.606 -7.416 3.414
3 65 206.040 -7.264 2.000 206.606 -7.416 3.414 207.347 -3.659 3.414
3 65 207.347 -3.659 3.414 206.766 -3.584 2.000 206.040 -7.264 2.000
3 65 206.606 -7.416 0.586 206.040 -7.264 2.000 206.766 -3.584 2.000
3 65 206.766 -3.584 2.000 207.347 -3.659 0.586 206.606 -7.416 0.586
3 65 207.972 -7.782 0.000 206.606 -7.416 0.586 207.347 -3.659 0.586
3 65 207.347 -3.659 0.586 208.749 -3.840 0.000 207.972 -7.782 0.000
3 65 209.337 -8.149 0.586 207.972 -7.782 0.000 208.749 -3.840 0.000
3 65 208.749 -3.840 0.000 210.152 -4.020 0.586 209.337 -8.149 0.586
3 65 209.903 -8.301 2.000 209.337 -8.149 0.586 210.152 -4.020 0.586
3 65 210.152 -4.020 0.586 210.733 -4.095 2.000 209.903 -8.301 2.000
3 65 209.337 -8.149 3.414 209.903 -8.301 2.000 210.733 -4.095 2.000
3 65 210.733 -4.095 2.000 210.152 -4.020 3.414 209.337 -8.149 3.414
3 65 207.972 -7.782 4.000 209.337 -8.149 3.414 210.152 -4.020 3.414
3 65 210.152 -4.020 3.414 208.749 -3.840 4.000 207.972 -7.782 4.000
3 65 207.347 -3.659 3.414 208.749 -3.840 4.000 208.997 0.172 4.000
3 65 208.997 0.172 4.000 207.582 0.164 3.414 207.347 -3.659 3.414
3 65 206.766 -3.584 2.000 207.347 -3.659 3.414 207.582 0.164 3.414
3 65 207.582 0.164 3.414 206.997 0.161 2.000 206.766 -3.584 2.000
3 65 207.347 -3.659 0.586 206.766 -3.584 2.000 206.997 0.161 2.000
3 65 206.997 0.161 2.000 207.582 0.164 0.586 207.347 -3.659 0.586
3 65 208.749 -3.840 0.000 207.347 -3.659 0.586 207.582 0.164 0.586
3 65 207.582 0.164 0.586 208.997 0.172 0.000 208.749 -3.840 0.000
3 65 210.152 -4.020 0.586 208.749 -3.840 0.000 208.997 0.172 0.000
3 65 208.997 0.172 0.000 210.411 0.179 0.586 210.152 -4.020 0.586
3 65 210.733 -4.095 2.000 210.152 -4.020 0.586 210.411 0.179 0.586
3 65 210.411 0.179 0.586 210.997 0.183 2.000 210.733 -4.095 2.000
3 65 210.152 -4.020 3.414 210.733 -4.095 2.000 210.997 0.183 2.000
3 65 210.997 0.183 2.000 210.411 0.179 3.414 210.152 -4.020 3.414
3 65 208.749 -3.840 4.000 210.152 -4.020 3.414 210.411 0.179 3.414
3 65 210.411 0.179 3.414 208.997 0.172 4.000 208.749 -3.840 4.000
3 65 207.582 0.164 3.414 208.997 0.172 4.000 208.705 4.180 4.000
3 65 208.705 4.180 4.000 207.305 3.983 3.414 207.582 0.164 3.414
3 65 206.997 0.161 2.000 207.582 0.164 3.414 207.305 3.983 3.414
3 65 207.305 3.983 3.414 206.725 3.902 2.000 206.997 0.161 2.000
3 65 207.582 0.164 0.586 206.997 0.161 2.000 206.725 3.902 2.000
3 65 206.725 3.902 2.000 207.305 3.983 0.586 207.582 0.164 0.586
3 65 208.997 0.172 0.000 207.582 0.164 0.586 207.305 3.983 0.586
3 65 207.305 3.983 0.586 208.705 4.180 0.000 208.997 0.172 0.000
3 65 210.411 0.179 0.586 208.997 0.172 0.000 208.705 4.180 0.000
3 65 208.705 4.180 0.000 210.106 4.377 0.586 210.411 0.179 0.586
3 65 210.997 0.183 2.000 210.411 0.179 0.586 210.106 4.377 0.586
3 65 210.106 4.377 0.586 210.686 4.458 2.000 210.997 0.183 2.000
3 65 210.411 0.179 3.414 210.997 0.183 2.000 210.686 4.458 2.000
3 65 210.686 4.458 2.000 210.106 4.377 3.414 210.411 0.179 3.414
3 65 208.997 0.172 4.000 210.411 0.179 3.414 210.106 4.377 3.414
3 65 210.106 4.377 3.414 208.705 4.180 4.000 208.997 0.172 4.000
3 65 207.305 3.983 3.414 208.705 4.180 4.000 207.881 8.113 4.000
3 65 207.881 8.113 4.000 206.519 7.731 3.414 207.305 3.983 3.414
3 65 206.725 3.902 2.000 207.305 3.983 3.414 206.519 7.731 3.414
3 65 206.519 7.731 3.414 205.955 7.573 2.000 206.725 3.902 2.000
3 65 207.305 3.983 0.586 206.725 3.902 2.000 205.955 7.573 2.000
3 65 205.955 7.573 2.000 206.519 7.731 0.586 207.305 3.983 0.586
3 65 208.705 4.180 0.000 207.305 3.983 0.586 206.519 7.731 0.586
3 65 206.519 7.731 0.586 207.881 8.113 0.000 208.705 4.180 0.000
3 65 210.106 4.377 0.586 208.705 4.180 0.000 207.881 8.113 0.000
3 65 207.881 8.113 0.000 209.242 8.496 0.586 210.106 4.377 0.586
3 65 210.686 4.458 2.000 210.106 4.377 0.586 209.242 8.496 0.586
3 65 209.242 8.496 0.586 209.806 8.654 2.000 210.686 4.458 2.000
3 65 210.106 4.377 3.414 210.686 4.458 2.000 209.806 8.654 2.000
3 65 209.806 8.654 2.000 209.242 8.496 3.414 210.106 4.377 3.414
3 65 208.705 4.180 4.000 210.106 4.377 3.414 209.242 8.496 3.414
3 65 209.242 8.496 3.414 207.881 8.113 4.000 208.705 4.180 4.000
3 65 206.519 7.731 3.414 207.881 8.113 4.000 206.537 11.901 4.000
3 65 206.537 11.901 4.000 205.239 11.340 3.414 206.519 7.731 3.414
3 65 205.955 7.573 2.000 206.519 7.731 3.414 205.239 11.340 3.414
3 65 205.239 11.340 3.414 204.701 11.108 2.000 205.955 7.573 2.000
3 65 206.519 7.731 0.586 205.955 7.573 2.000 204.701 11.108 2.000
3 65 204.701 11.108 2.000 205.239 11.340 0.586 206.519 7.731 0.586
3 65 207.881 8.113 0.000 206.519 7.731 0.586 205.239 11.340 0.586
3 65 205.239 11.340 0.586 206.537 11.901 0.000 207.881 8.113 0.000
3 65 209.242 8.496 0.586 207.881 8.113 0.000 206.537 11.901 0.000
3 65 206.537 11.901 0.000 207.835 12.463 0.586 209.242 8.496 0.586
3 65 209.806 8.654 2.000 209.242 8.496 0.586 207.835 12.463 0.586
3 65 207.835 12.463 0.586 208.373 12.695 2.000 209.806 8.654 2.000
3 65 209.242 8.496 3.414 209.806 8.654 2.000 208.373 12.695 2.000
3 65 208.373 12.695 2.000 207.835 12.463 3.414 209.242 8.496 3.414
3 65 207.881 8.113 4.000 209.242 8.496 3.414 207.835 12.463 3.414
3 65 207.835 12.463 3.414 206.537 11.901 4.000 207.881 8.113 4.000
3 65 205.239 11.340 3.414 206.537 11.901 4.000 204.698 15.475 4.000
3 65 204.698 15.475 4.000 203.486 14.745 3.414 205.239 11.340 3.414
3 65 204.701 11.108 2.000 205.239 11.340 3.414 203.486 14.745 3.414
3 65 203.486 14.745 3.414 202.985 14.443 2.000 204.701 11.108 2.000
3 65 205.239 11.340 0.586 204.701 11.108 2.000 202.985 14.443 2.000
3 65 202.985 14.443 2.000 203.486 14.745 0.586 205.239 11.340 0.586
3 65 206.537 11.901 0.000 205.239 11.340 0.586 203.486 14.745 0.586
3 65 203.486 14.745 0.586 204.698 15.475 0.000 206.537 11.901 0.000
3 65 207.835 12.463 0.586 206.537 11.901 0.000 204.698 15.475 0.000
3 65 204.698 15.475 0.000 205.909 16.204 0.586 207.835 12.463 0.586
3 65 208.373 12.695 2.000 207.835 12.463 0.586 205.909 16.204 0.586
3 65 205.909 16.204 0.586 206.411 16.507 2.000 208.373 12.695 2.000
3 65 207.835 12.463 3.414 208.373 12.695 2.000 206.411 16.507 2.000
3 65 206.411 16.507 2.000 205.909 16.204 3.414 207.835 12.463 3.414
3 65 206.537 11.901 4.000 207.835 12.463 3.414 205.909 16.204 3.414
3 65 205.909 16.204 3.414 204.698 15.475 4.000 206.537 11.901 4.000
3 65 203.486 14.745 3.414 204.698 15.475 4.000 202.399 18.771 4.000
3 65 202.399 18.771 4.000 201.296 17.887 3.414 203.486 14.745 3.414
3 65 202.985 14.443 2.000 203.486 14.745 3.414 201.296 17.887 3.414
3 65 201.296 17.887 3.414 200.839 17.520 2.000 202.985 14.443 2.000
3 65 203.486 14.745 0.586 202.985 14.443 2.000 200.839 17.520 2.000
3 65 200.839 17.520 2.000 201.296 17.887 0.586 203.486 14.745 0.586
3 65 204.698 15.475 0.000 203.486 14.745 0.586 201.296 17.887 0.586
3 65 201.296 17.887 0.586 202.399 18.771 0.000 204.698 15.475 0.000
3 65 205.909 16.204 0.586 204.698 15.475 0.000 202.399 18.771 0.000
3 65 202.399 18.771 0.000 203.503 19.656 0.586 205.909 16.204 0.586
3 65 206.411 16.507 2.000 205.909 16.204 0.586 203.503 19.656 0.586
3 65 203.503 19.656 0.586 203.960 20.023 2.000 206.411 16.507 2.000
3 65 205.909 16.204 3.414 206.411 16.507 2.000 203.960 20.023 2.000
3 65 203.960 20.023 2.000 203.503 19.656 3.414 205.909 16.204 3.414
3 65 204.698 15.475 4.000 205.909 16.204 3.414 203.503 19.656 3.414
3 65 203.503 19.656 3.414 202.399 18.771 4.000 204.698 15.475 4.000
3 65 201.296 17.887 3.414 202.399 18.771 4.000 199.681 21.732 4.000
3 65 199.681 21.732 4.000 198.706 20.707 3.414 201.296 17.887 3.414
3 65 200.839 17.520 2.000 201.296 17.887 3.414 198.706 20.707 3.414
3 65 198.706 20.707 3.414 198.302 20.283 2.000 200.839 17.520 2.000
3 65 201.296 17.887 0.586 200.839 17.520 2.000 198.302 20.283 2.000
3 65 198.302 20.283 2.000 198.706 20.707 0.586 201.296 17.887 0.586
3 65 202.399 18.771 0.000 201.296 17.887 0.586 198.706 20.707 0.586
3 65 198.706 20.707 0.586 199.681 21.732 0.000 202.399 18.771 0.000
3 65 203.503 19.656 0.586 202.399 18.771 0.000 199.681 21.732 0.000
3 65 199.681 21.732 0.000 200.656 22.756 0.586 203.503 19.656 0.586
3 65 203.960 20.023 2.000 203.503 19.656 0.586 200.656 22.756 0.586
3 65 200.656 22.756 0.586 201.060 23.180 2.000 203.960 20.023 2.000
3 65 203.503 19.656 3.414 203.960 20.023 2.000 201.060 23.180 2.000
3 65 201.060 23.180 2.000 200.656 22.756 3.414 203.503 19.656 3.414
3 65 202.399 18.771 4.000 203.503 19.656 3.414 200.656 22.756 3.414
3 65 200.656 22.756 3.414 199.681 21.732 4.000 202.399 18.771 4.000
3 65 198.706 20.707 3.414 199.681 21.732 4.000 196.591 24.302 4.000
3 65 196.591 24.302 4.000 195.762 23.156 3.414 198.706 20.707 3.414
3 65 198.302 20.283 2.000 198.706 20.707 3.414 195.762 23.156 3.414
3 65 195.762 23.156 3.414 195.418 22.681 2.000 198.302 20.283 2.000
3 65 198.706 20.707 0.586 198.302 20.283 2.000 195.418 22.681 2.000
3 65 195.418 22.681 2.000 195.762 23.156 0.586 198.706 20.707 0.586
3 65 199.681 21.732 0.000 198.706 20.707 0.586 195.762 23.156 0.586
3 65 195.762 23.156 0.586 196.591 24.302 0.000 199.681 21.732 0.000
3 65 200.656 22.756 0.586 199.681 21.732 0.000 196.591 24.302 0.000
3 65 196.591 24.302 0.000 197.420 25.447 0.586 200.656 22.756 0.586
3 65 201.060 23.180 2.000 200.656 22.756 0.586 197.420 25.447 0.586
3 65 197.420 25.447 0.586 197.763 25.922 2.000 201.060 23.180 2.000
3 65 200.656 22.756 3.414 201.060 23.180 2.000 197.763 25.922 2.000
3 65 197.763 25.922 2.000 197.420 25.447 3.414 200.656 22.756 3.414
3 65 199.681 21.732 4.000 200.656 22.756 3.414 197.420 25.447 3.414
3 65 197.420 25.447 3.414 196.591 24.302 4.000 199.681 21.732 4.000
3 65 195.762 23.156 3.414 196.591 24.302 4.000 193.183 26.433 4.000
3 65 193.183 26.433 4.000 192.515 25.187 3.414 195.762 23.156 3.414
3 65 195.418 22.681 2.000 195.762 23.156 3.414 192.515 25.187 3.414
3 65 192.515 25.187 3.414 192.238 24.671 2.000 195.418 22.681 2.000
3 65 195.762 23.156 0.586 195.418 22.681 2.000 192.238 24.671 2.000
3 65 192.238 24.671 2.000 192.515 25.187 0.586 195.762 23.156 0.586
3 65 196.591 24.302 0.000 195.762 23.156 0.586 192.515 25.187 0.586
3 65 192.515 25.187 0.586 193.183 26.433 0.000 196.591 24.302 0.000
3 65 197.420 25.447 0.586 196.591 24.302 0.000 193.183 26.433 0.000
3 65 193.183 26.433 0.000 193.852 27.679 0.586 197.420 25.447 0.586
3 65 197.763 25.922 2.000 197.420 25.447 0.586 193.852 27.679 0.586
3 65 193.852 27.679 0.586 194.129 28.196 2.000 197.763 25.922 2.000
3 65 197.420 25.447 3.414 197.763 25.922 2.000 194.129 28.196 2.000
3 65 194.129 28.196 2.000 193.852 27.679 3.414 197.420 25.447 3.414
3 65 196.591 24.302 4.000 197.420 25.447 3.414 193.852 27.679 3.414
3 65 193.852 27.679 3.414 193.183 26.433 4.000 196.591 24.302 4.000
3 65 192.515 25.187 3.414 193.183 26.433 4.000 189.523 28.093 4.000
3 65 189.523 28.093 4.000 189.027 26.769 3.414 192.515 25.187 3.414
3 65 192.238 24.671 2.000 192.515 25.187 3.414 189.027 26.769 3.414
3 65 189.027 26.769 3.414 188.821 26.220 2.000 192.238 24.671 2.000
3 65 192.515 25.187 0.586 192.238 24.671 2.000 188.821 26.220 2.000
3 65 188.821 26.220 2.000 189.027 26.769 0.586 192.515 25.187 0.586
3 65 193.183 26.433 0.000 192.515 25.187 0.586 189.027 26.769 0.586
3 65 189.027 26.769 0.586 189.523 28.093 0.000 193.183 26.433 0.000
3 65 193.852 27.679 0.586 193.183 26.433 0.000 189.523 28.093 0.000
3 65 189.523 28.093 0.000 190.019 29.417 0.586 193.852 27.679 0.586
3 65 194.129 28.196 2.000 193.852 27.679 0.586 190.019 29.417 0.586
3 65 190.019 29.417 0.586 190.225 29.965 2.000 194.129 28.196 2.000
3 65 193.852 27.679 3.414 194.129 28.196 2.000 190.225 29.965 2.000
3 65 190.225 29.965 2.000 190.019 29.417 3.414 193.852 27.679 3.414
3 65 193.183 26.433 4.000 193.852 27.679 3.414 190.019 29.417 3.414
3 65 190.019 29.417 3.414 189.523 28.093 4.000 193.183 26.433 4.000
3 65 189.027 26.769 3.414 189.523 28.093 4.000 185.674 29.248 4.000
3 65 185.674 29.248 4.000 185.359 27.869 3.414 189.027 26.769 3.414
3 65 188.821 26.220 2.000 189.027 26.769 3.414 185.359 27.869 3.414
3 65 185.359 27.869 3.414 185.228 27.298 2.000 188.821 26.220 2.000
3 65 189.027 26.769 0.586 188.821 26.220 2.000 185.228 27.298 2.000
3 65 185.228 27.298 2.000 185.359 27.869 0.586 189.027 26.769 0.586
3 65 189.523 28.093 0.000 189.027 26.769 0.586 185.359 27.869 0.586
3 65 185.359 27.869 0.586 185.674 29.248 0.000 189.523 28.093 0.000
3 65 190.019 29.417 0.586 189.523 28.093 0.000 185.674 29.248 0.000
3 65 185.674 29.248 0.000 185.988 30.627 0.586 190.019 29.417 0.586
3 65 190.225 29.965 2.000 190.019 29.417 0.586 185.988 30.627 0.586
3 65 185.988 30.627 0.586 186.119 31.198 2.000 190.225 29.965 2.000
3 65 190.019 29.417 3.414 190.225 29.965 2.000 186.119 31.198 2.000
3 65 186.119 31.198 2.000 185.988 30.627 3.414 190.019 29.417 3.414
3 65 189.523 28.093 4.000 190.019 29.417 3.414 185.988 30.627 3.414
3 65 185.988 30.627 3.414 185.674 29.248 4.000 189.523 28.093 4.000
3 65 185.359 27.869 3.414 185.674 29.248 4.000 181.704 29.879 4.000
3 65 181.704 29.879 4.000 181.577 28.471 3.414 185.359 27.869 3.414
3 65 185.228 27.298 2.000 185.359 27.869 3.414 181.577 28.471 3.414
3 65 181.577 28.471 3.414 181.524 27.887 2.000 185.228 27.298 2.000
3 65 185.359 27.869 0.586 185.228 27.298 2.000 181.524 27.887 2.000
3 65 181.524 27.887 2.000 181.577 28.471 0.586 185.359 27.869 0.586
3 65 185.674 29.248 0.000 185.359 27.869 0.586 181.577 28.471 0.586
3 65 181.577 28.471 0.586 181.704 29.879 0.000 185.674 29.248 0.000
3 65 185.988 30.627 0.586 185.674 29.248 0.000 181.704 29.879 0.000
3 65 181.704 29.879 0.000 181.831 31.287 0.586 185.988 30.627 0.586
3 65 186.119 31.198 2.000 185.988 30.627 0.586 181.831 31.287 0.586
3 65 181.831 31.287 0.586 181.884 31.871 2.000 186.119 31.198 2.000
3 65 185.988 30.627 3.414 186.119 31.198 2.000 181.884 31.871 2.000
3 65 181.884 31.871 2.000 181.831 31.287 3.414 185.988 30.627 3.414
3 65 185.674 29.248 4.000 185.988 30.627 3.414 181.831 31.287 3.414
3 65 181.831 31.287 3.414 181.704 29.879 4.000 185.674 29.248 4.000
3 65 181.577 28.471 3.414 181.704 29.879 4.000 177.682 29.970 4.000
3 65 177.682 29.970 4.000 177.742 28.557 3.414 181.577 28.471 3.414
3 65 181.524 27.887 2.000 181.577 28.471 3.414 177.742 28.557 3.414
3 65 177.742 28.557 3.414 177.769 27.972 2.000 181.524 27.887 2.000
3 65 181.577 28.471 0.586 181.524 27.887 2.000 177.769 27.972 2.000
3 65 177.769 27.972 2.000 177.748 28.557 0.586 181.577 28.471 0.586
3 65 181.704 29.879 0.000 181.577 28.471 0.586 177.748 28.557 0.586
3 65 177.748 28.557 0.586 177.690 29.970 0.000 181.704 29.879 0.000
3 65 181.831 31.287 0.586 181.704 29.879 0.000 177.690 29.970 0.000
3 65 177.690 29.970 0.000 177.629 31.383 0.586 181.831 31.287 0.586
3 65 181.884 31.871 2.000 181.831 31.287 0.586 177.629 31.383 0.586
3 65 177.629 31.383 0.586 177.602 31.968 2.000 181.884 31.871 2.000
3 65 181.831 31.287 3.414 181.884 31.871 2.000 177.602 31.968 2.000
3 65 177.602 31.968 2.000 177.624 31.383 3.414 181.831 31.287 3.414
3 65 181.704 29.879 4.000 181.831 31.287 3.414 177.624 31.383 3.414
3 65 177.624 31.383 3.414 177.682 29.970 4.000 181.704 29.879 4.000
3 65 177.742 28.557 3.414 177.682 29.970 4.000 149.682 26.983 3.894
3 65 149.682 26.983 3.894 149.837 25.577 3.308 177.742 28.557 3.414
3 65 177.769 27.972 2.000 177.742 28.557 3.414 149.837 25.577 3.308
3 65 149.837 25.577 3.308 149.906 24.995 1.894 177.769 27.972 2.000
3 65 177.748 28.557 0.586 177.769 27.972 2.000 149.906 24.995 1.894
3 65 149.906 24.995 1.894 149.851 25.578 0.480 177.748 28.557 0.586
3 65 177.690 29.970 0.000 177.748 28.557 0.586 149.851 25.578 0.480
3 65 149.851 25.578 0.480 149.702 26.985 -0.106 177.690 29.970 0.000
3 65 177.629 31.383 0.586 177.690 29.970 0.000 149.702 26.985 -0.106
3 65 149.702 26.985 -0.106 149.547 28.391 0.480 177.629 31.383 0.586
3 65 177.602 31.968 2.000 177.629 31.383 0.586 149.547 28.391 0.480
3 65 149.547 28.391 0.480 149.478 28.972 1.894 177.602 31.968 2.000
3 65 177.624 31.383 3.414 177.602 31.968 2.000 149.478 28.972 1.894
3 65 149.478 28.972 1.894 149.533 28.389 3.308 177.624 31.383 3.414
3 65 177.682 29.970 4.000 177.624 31.383 3.414 149.533 28.389 3.308
3 65 149.533 28.389 3.308 149.682 26.983 3.894 177.682 29.970 4.000
3 65 149.837 25.577 3.308 149.682 26.983 3.894 109.697 22.625 3.649
3 65 109.697 22.625 3.649 109.854 21.220 3.063 149.837 25.577 3.308
3 65 149.906 24.995 1.894 149.837 25.577 3.308 109.854 21.220 3.063
3 65 109.854 21.220 3.063 109.926 20.638 1.649 149.906 24.995 1.894
3 65 149.851 25.578 0.480 149.906 24.995 1.894 109.926 20.638 1.649
3 65 109.926 20.638 1.649 109.871 21.222 0.235 149.851 25.578 0.480
3 65 149.702 26.985 -0.106 149.851 25.578 0.480 109.871 21.222 0.235
3 65 109.871 21.222 0.235 109.722 22.628 -0.351 149.702 26.985 -0.106
3 65 149.547 28.391 0.480 149.702 26.985 -0.106 109.722 22.628 -0.351
3 65 109.722 22.628 -0.351 109.565 24.034 0.235 149.547 28.391 0.480
3 65 149.478 28.972 1.894 149.547 28.391 0.480 109.565 24.034 0.235
3 65 109.565 24.034 0.235 109.493 24.615 1.649 149.478 28.972 1.894
3 65 149.533 28.389 3.308 149.478 28.972 1.894 109.493 24.615 1.649
3 65 109.493 24.615 1.649 109.547 24.032 3.063 149.533 28.389 3.308
3 65 149.682 26.983 3.894 149.533 28.389 3.308 109.547 24.032 3.063
3 65 109.547 24.032 3.063 109.697 22.625 3.649 149.682 26.983 3.894
3 65 109.854 21.220 3.063 109.697 22.625 3.649 70.211 18.322 3.392
3 65 70.211 18.322 3.392 70.368 16.917 2.806 109.854 21.220 3.063
3 65 109.926 20.638 1.649 109.854 21.220 3.063 70.368 16.917 2.806
3 65 70.368 16.917 2.806 70.440 16.336 1.392 109.926 20.638 1.649
3 65 109.871 21.222 0.235 109.926 20.638 1.649 70.440 16.336 1.392
3 65 70.440 16.336 1.392 70.386 16.919 -0.022 109.871 21.222 0.235
3 65 109.722 22.628 -0.351 109.871 21.222 0.235 70.386 16.919 -0.022
3 65 70.386 16.919 -0.022 70.236 18.325 -0.608 109.722 22.628 -0.351
3 65 109.565 24.034 0.235 109.722 22.628 -0.351 70.236 18.325 -0.608
3 65 70.236 18.325 -0.608 70.079 19.731 -0.022 109.565 24.034 0.235
3 65 109.493 24.615 1.649 109.565 24.034 0.235 70.079 19.731 -0.022
3 65 70.079 19.731 -0.022 70.007 20.312 1.392 109.493 24.615 1.649
3 65 109.547 24.032 3.063 109.493 24.615 1.649 70.007 20.312 1.392
3 65 70.007 20.312 1.392 70.061 19.729 2.806 109.547 24.032 3.063
3 65 109.697 22.625 3.649 109.547 24.032 3.063 70.061 19.729 2.806
3 65 70.061 19.729 2.806 70.211 18.322 3.392 109.697 22.625 3.649
3 65 70.368 16.917 2.806 70.211 18.322 3.392 30.230 13.965 3.142
3 65 30.230 13.965 3.142 30.387 12.560 2.556 70.368 16.917 2.806
3 65 70.440 16.336 1.392 70.368 16.917 2.806 30.387 12.560 2.556
3 65 30.387 12.560 2.556 30.458 11.978 1.142 70.440 16.336 1.392
3 65 70.386 16.919 -0.022 70.440 16.336 1.392 30.458 11.978 1.142
3 65 30.458 11.978 1.142 30.402 12.562 -0.272 70.386 16.919 -0.022
3 65 70.236 18.325 -0.608 70.386 16.919 -0.022 30.402 12.562 -0.272
3 65 30.402 12.562 -0.272 30.251 13.968 -0.858 70.236 18.325 -0.608
3 65 70.079 19.731 -0.022 70.236 18.325 -0.608 30.251 13.968 -0.858
3 65 30.251 13.968 -0.858 30.095 15.373 -0.272 70.079 19.731 -0.022
3 65 70.007 20.312 1.392 70.079 19.731 -0.022 30.095 15.373 -0.272
3 65 30.095 15.373 -0.272 30.024 15.955 1.142 70.007 20.312 1.392
3 65 70.061 19.729 2.806 70.007 20.312 1.392 30.024 15.955 1.142
3 65 30.024 15.955 1.142 30.080 15.372 2.556 70.061 19.729 2.806
3 65 70.211 18.322 3.392 70.061 19.729 2.806 30.080 15.372 2.556
3 65 30.080 15.372 2.556 30.230 13.965 3.142 70.211 18.322 3.392
3 65 30.387 12.560 2.556 30.230 13.965 3.142 -1.750 10.480 3.000
3 65 -1.750 10.480 3.000 -1.487 9.091 2.415 30.387 12.560 2.556
3 65 30.458 11.978 1.142 30.387 12.560 2.556 -1.487 9.091 2.415
3 65 -1.487 9.091 2.415 -1.375 8.516 1.000 30.458 11.978 1.142
3 65 30.402 12.562 -0.272 30.458 11.978 1.142 -1.375 8.516 1.000
3 65 -1.375 8.516 1.000 -1.480 9.092 -0.414 30.402 12.562 -0.272
3 65 30.251 13.968 -0.858 30.402 12.562 -0.272 -1.480 9.092 -0.414
3 65 -1.480 9.092 -0.414 -1.741 10.482 -1.000 30.251 13.968 -0.858
3 65 30.095 15.373 -0.272 30.251 13.968 -0.858 -1.741 10.482 -1.000
3 65 -1.741 10.482 -1.000 -2.004 11.871 -0.414 30.095 15.373 -0.272
3 65 30.024 15.955 1.142 30.095 15.373 -0.272 -2.004 11.871 -0.414
3 65 -2.004 11.871 -0.414 -2.116 12.446 1.000 30.024 15.955 1.142
3 65 30.080 15.372 2.556 30.024 15.955 1.142 -2.116 12.446 1.000
3 65 -2.116 12.446 1.000 -2.011 11.870 2.414 30.080 15.372 2.556
3 65 30.230 13.965 3.142 30.080 15.372 2.556 -2.011 11.870 2.414
3 65 -2.011 11.870 2.414 -1.750 10.480 3.000 30.230 13.965 3.142
3 65 -1.487 9.091 2.415 -1.750 10.480 3.000 -5.607 9.437 3.000
3 65 -5.607 9.437 3.000 -4.986 8.166 2.414 -1.487 9.091 2.415
3 65 -1.375 8.516 1.000 -1.487 9.091 2.415 -4.986 8.166 2.414
3 65 -4.986 8.166 2.414 -4.728 7.640 1.000 -1.375 8.516 1.000
3 65 -1.480 9.092 -0.414 -1.375 8.516 1.000 -4.728 7.640 1.000
3 65 -4.728 7.640 1.000 -4.986 8.166 -0.414 -1.480 9.092 -0.414
3 65 -1.741 10.482 -1.000 -1.480 9.092 -0.414 -4.986 8.166 -0.414
3 65 -4.986 8.166 -0.414 -5.606 9.437 -1.000 -1.741 10.482 -1.000
3 65 -2.004 11.871 -0.414 -1.741 10.482 -1.000 -5.606 9.437 -1.000
3 65 -5.606 9.437 -1.000 -6.227 10.708 -0.414 -2.004 11.871 -0.414
3 65 -2.116 12.446 1.000 -2.004 11.871 -0.414 -6.227 10.708 -0.414
3 65 -6.227 10.708 -0.414 -6.485 11.234 1.000 -2.116 12.446 1.000
3 65 -2.011 11.870 2.414 -2.116 12.446 1.000 -6.485 11.234 1.000
3 65 -6.485 11.234 1.000 -6.227 10.708 2.414 -2.011 11.870 2.414
3 65 -1.750 10.480 3.000 -2.011 11.870 2.414 -6.227 10.708 2.414
3 65 -6.227 10.708 2.414 -5.607 9.437 3.000 -1.750 10.480 3.000
3 65 -4.986 8.166 2.414 -5.607 9.437 3.000 -8.802 7.033 3.000
3 65 -8.802 7.033 3.000 -7.752 6.086 2.414 -4.986 8.166 2.414
3 65 -4.728 7.640 1.000 -4.986 8.166 2.414 -7.752 6.086 2.414
3 65 -7.752 6.086 2.414 -7.317 5.693 1.000 -4.728 7.640 1.000
3 65 -4.986 8.166 -0.414 -4.728 7.640 1.000 -7.317 5.693 1.000
3 65 -7.317 5.693 1.000 -7.752 6.086 -0.414 -4.986 8.166 -0.414
3 65 -5.606 9.437 -1.000 -4.986 8.166 -0.414 -7.752 6.086 -0.414
3 65 -7.752 6.086 -0.414 -8.802 7.033 -1.000 -5.606 9.437 -1.000
3 65 -6.227 10.708 -0.414 -5.606 9.437 -1.000 -8.802 7.033 -1.000
3 65 -8.802 7.033 -1.000 -9.852 7.980 -0.414 -6.227 10.708 -0.414
3 65 -6.485 11.234 1.000 -6.227 10.708 -0.414 -9.852 7.980 -0.414
3 65 -9.852 7.980 -0.414 -10.287 8.372 1.000 -6.485 11.234 1.000
3 65 -6.227 10.708 2.414 -6.485 11.234 1.000 -10.287 8.372 1.000
3 65 -10.287 8.372 1.000 -9.852 7.980 2.414 -6.227 10.708 2.414
3 65 -5.607 9.437 3.000 -6.227 10.708 2.414 -9.852 7.980 2.414
3 65 -9.852 7.980 2.414 -8.802 7.033 3.000 -5.607 9.437 3.000
3 65 -7.752 6.086 2.414 -8.802 7.033 3.000 -10.865 3.606 3.000
3 65 -10.865 3.606 3.000 -9.540 3.110 2.414 -7.752 6.086 2.414
3 65 -7.317 5.693 1.000 -7.752 6.086 2.414 -9.540 3.110 2.414
3 65 -9.540 3.110 2.414 -8.991 2.905 1.000 -7.317 5.693 1.000
3 65 -7.752 6.086 -0.414 -7.317 5.693 1.000 -8.991 2.905 1.000
3 65 -8.991 2.905 1.000 -9.540 3.110 -0.414 -7.752 6.086 -0.414
3 65 -8.802 7.033 -1.000 -7.752 6.086 -0.414 -9.540 3.110 -0.414
3 65 -9.540 3.110 -0.414 -10.865 3.606 -1.000 -8.802 7.033 -1.000
3 65 -9.852 7.980 -0.414 -8.802 7.033 -1.000 -10.865 3.606 -1.000
3 65 -10.865 3.606 -1.000 -12.189 4.102 -0.414 -9.852 7.980 -0.414
3 65 -10.287 8.372 1.000 -9.852 7.980 -0.414 -12.189 4.102 -0.414
3 65 -12.189 4.102 -0.414 -12.738 4.307 1.000 -10.287 8.372 1.000
3 65 -9.852 7.980 2.414 -10.287 8.372 1.000 -12.738 4.307 1.000
3 65 -12.738 4.307 1.000 -12.189 4.102 2.414 -9.852 7.980 2.414
3 65 -8.802 7.033 3.000 -9.852 7.980 2.414 -12.189 4.102 2.414
3 65 -12.189 4.102 2.414 -10.865 3.606 3.000 -8.802 7.033 3.000
3 65 -9.540 3.110 2.414 -10.865 3.606 3.000 -11.500 0.000 3.000
3 65 -11.500 0.000 3.000 -10.086 0.000 2.414 -9.540 3.110 2.414
3 65 -8.991 2.905 1.000 -9.540 3.110 2.414 -10.086 0.000 2.414
3 65 -10.086 0.000 2.414 -9.500 0.000 1.000 -8.991 2.905 1.000
3 65 -9.540 3.110 -0.414 -8.991 2.905 1.000 -9.500 0.000 1.000
3 65 -9.500 0.000 1.000 -10.086 0.000 -0.414 -9.540 3.110 -0.414
3 65 -10.865 3.606 -1.000 -9.540 3.110 -0.414 -10.086 0.000 -0.414
3 65 -10.086 0.000 -0.414 -11.500 0.000 -1.000 -10.865 3.606 -1.000
3 65 -12.189 4.102 -0.414 -10.865 3.606 -1.000 -11.500 0.000 -1.000
3 65 -11.500 0.000 -1.000 -12.914 0.000 -0.414 -12.189 4.102 -0.414
3 65 -12.738 4.307 1.000 -12.189 4.102 -0.414 -12.914 0.000 -0.414
3 65 -12.914 0.000 -0.414 -13.500 0.000 1.000 -12.738 4.307 1.000
3 65 -12.189 4.102 2.414 -12.738 4.307 1.000 -13.500 0.000 1.000
3 65 -13.500 0.000 1.000 -12.914 0.000 2.414 -12.189 4.102 2.414
3 65 -10.865 3.606 3.000 -12.189 4.102 2.414 -12.914 0.000 2.414
3 65 -12.914 0.000 2.414 -11.500 0.000 3.000 -10.865 3.606 3.000
