0 FILE XPJ0112.DAT.dat
0 XPJ0112
0 Name:  UntitledModel
0 Author:  
0 BL_Item_No XPJ0112.DAT
0 BFC CERTIFY CCW
3 65 -7.795 2.600 0.414 -9.079 3.193 1.000 -26.012 -33.472 1.000
3 65 -26.012 -33.472 1.000 -24.728 -34.065 0.414 -7.795 2.600 0.414
3 65 -7.263 2.354 -1.000 -7.795 2.600 0.414 -24.728 -34.065 0.414
3 65 -24.728 -34.065 0.414 -24.196 -34.310 -1.000 -7.263 2.354 -1.000
3 65 -7.795 2.600 -2.414 -7.263 2.354 -1.000 -24.196 -34.310 -1.000
3 65 -24.196 -34.310 -1.000 -24.728 -34.065 -2.414 -7.795 2.600 -2.414
3 65 -9.079 3.193 -3.000 -7.795 2.600 -2.414 -24.728 -34.065 -2.414
3 65 -24.728 -34.065 -2.414 -26.012 -33.472 -3.000 -9.079 3.193 -3.000
3 65 -10.362 3.786 -2.414 -9.079 3.193 -3.000 -26.012 -33.472 -3.000
3 65 -26.012 -33.472 -3.000 -27.296 -32.879 -2.414 -10.362 3.786 -2.414
3 65 -10.894 4.031 -1.000 -10.362 3.786 -2.414 -27.296 -32.879 -2.414
3 65 -27.296 -32.879 -2.414 -27.828 -32.633 -1.000 -10.894 4.031 -1.000
3 65 -10.362 3.786 0.414 -10.894 4.031 -1.000 -27.828 -32.633 -1.000
3 65 -27.828 -32.633 -1.000 -27.296 -32.879 0.414 -10.362 3.786 0.414
3 65 -9.079 3.193 1.000 -10.362 3.786 0.414 -27.296 -32.879 0.414
3 65 -27.296 -32.879 0.414 -26.012 -33.472 1.000 -9.079 3.193 1.000
3 65 -24.728 -34.065 0.414 -26.012 -33.472 1.000 -42.736 -69.683 1.000
3 65 -42.736 -69.683 1.000 -41.452 -70.276 0.414 -24.728 -34.065 0.414
3 65 -24.196 -34.310 -1.000 -24.728 -34.065 0.414 -41.452 -70.276 0.414
3 65 -41.452 -70.276 0.414 -40.920 -70.521 -1.000 -24.196 -34.310 -1.000
3 65 -24.728 -34.065 -2.414 -24.196 -34.310 -1.000 -40.920 -70.521 -1.000
3 65 -40.920 -70.521 -1.000 -41.452 -70.276 -2.414 -24.728 -34.065 -2.414
3 65 -26.012 -33.472 -3.000 -24.728 -34.065 -2.414 -41.452 -70.276 -2.414
3 65 -41.452 -70.276 -2.414 -42.736 -69.683 -3.000 -26.012 -33.472 -3.000
3 65 -27.296 -32.879 -2.414 -26.012 -33.472 -3.000 -42.736 -69.683 -3.000
3 65 -42.736 -69.683 -3.000 -44.019 -69.090 -2.414 -27.296 -32.879 -2.414
3 65 -27.828 -32.633 -1.000 -27.296 -32.879 -2.414 -44.019 -69.090 -2.414
3 65 -44.019 -69.090 -2.414 -44.551 -68.844 -1.000 -27.828 -32.633 -1.000
3 65 -27.296 -32.879 0.414 -27.828 -32.633 -1.000 -44.551 -68.844 -1.000
3 65 -44.551 -68.844 -1.000 -44.019 -69.090 0.414 -27.296 -32.879 0.414
3 65 -26.012 -33.472 1.000 -27.296 -32.879 0.414 -44.019 -69.090 0.414
3 65 -44.019 -69.090 0.414 -42.736 -69.683 1.000 -26.012 -33.472 1.000
3 65 -41.452 -70.276 0.414 -42.736 -69.683 1.000 -59.459 -105.894 1.000
3 65 -59.459 -105.894 1.000 -58.175 -106.487 0.414 -41.452 -70.276 0.414
3 65 -40.920 -70.521 -1.000 -41.452 -70.276 0.414 -58.175 -106.487 0.414
3 65 -58.175 -106.487 0.414 -57.643 -106.732 -1.000 -40.920 -70.521 -1.000
3 65 -41.452 -70.276 -2.414 -40.920 -70.521 -1.000 -57.643 -106.732 -1.000
3 65 -57.643 -106.732 -1.000 -58.175 -106.487 -2.414 -41.452 -70.276 -2.414
3 65 -42.736 -69.683 -3.000 -41.452 -70.276 -2.414 -58.175 -106.487 -2.414
3 65 -58.175 -106.487 -2.414 -59.459 -105.894 -3.000 -42.736 -69.683 -3.000
3 65 -44.019 -69.090 -2.414 -42.736 -69.683 -3.000 -59.459 -105.894 -3.000
3 65 -59.459 -105.894 -3.000 -60.743 -105.301 -2.414 -44.019 -69.090 -2.414
3 65 -44.551 -68.844 -1.000 -44.019 -69.090 -2.414 -60.743 -105.301 -2.414
3 65 -60.743 -105.301 -2.414 -61.275 -105.055 -1.000 -44.551 -68.844 -1.000
3 65 -44.019 -69.090 0.414 -44.551 -68.844 -1.000 -61.275 -105.055 -1.000
3 65 -61.275 -105.055 -1.000 -60.743 -105.301 0.414 -44.019 -69.090 0.414
3 65 -42.736 -69.683 1.000 -44.019 -69.090 0.414 -60.743 -105.301 0.414
3 65 -60.743 -105.301 0.414 -59.459 -105.894 1.000 -42.736 -69.683 1.000
3 65 -58.175 -106.487 0.414 -59.459 -105.894 1.000 -76.183 -142.104 1.000
3 65 -76.183 -142.104 1.000 -74.899 -142.697 0.414 -58.175 -106.487 0.414
3 65 -57.643 -106.732 -1.000 -58.175 -106.487 0.414 -74.899 -142.697 0.414
3 65 -74.899 -142.697 0.414 -74.367 -142.943 -1.000 -57.643 -106.732 -1.000
3 65 -58.175 -106.487 -2.414 -57.643 -106.732 -1.000 -74.367 -142.943 -1.000
3 65 -74.367 -142.943 -1.000 -74.899 -142.697 -2.414 -58.175 -106.487 -2.414
3 65 -59.459 -105.894 -3.000 -58.175 -106.487 -2.414 -74.899 -142.697 -2.414
3 65 -74.899 -142.697 -2.414 -76.183 -142.104 -3.000 -59.459 -105.894 -3.000
3 65 -60.743 -105.301 -2.414 -59.459 -105.894 -3.000 -76.183 -142.104 -3.000
3 65 -76.183 -142.104 -3.000 -77.467 -141.512 -2.414 -60.743 -105.301 -2.414
3 65 -61.275 -105.055 -1.000 -60.743 -105.301 -2.414 -77.467 -141.512 -2.414
3 65 -77.467 -141.512 -2.414 -77.999 -141.266 -1.000 -61.275 -105.055 -1.000
3 65 -60.743 -105.301 0.414 -61.275 -105.055 -1.000 -77.999 -141.266 -1.000
3 65 -77.999 -141.266 -1.000 -77.467 -141.512 0.414 -60.743 -105.301 0.414
3 65 -59.459 -105.894 1.000 -60.743 -105.301 0.414 -77.467 -141.512 0.414
3 65 -77.467 -141.512 0.414 -76.183 -142.104 1.000 -59.459 -105.894 1.000
3 65 -74.899 -142.697 0.414 -76.183 -142.104 1.000 -87.889 -167.452 1.000
3 65 -87.889 -167.452 1.000 -86.592 -168.015 0.414 -74.899 -142.697 0.414
3 65 -74.367 -142.943 -1.000 -74.899 -142.697 0.414 -86.592 -168.015 0.414
3 65 -86.592 -168.015 0.414 -86.055 -168.248 -1.000 -74.367 -142.943 -1.000
3 65 -74.899 -142.697 -2.414 -74.367 -142.943 -1.000 -86.055 -168.248 -1.000
3 65 -86.055 -168.248 -1.000 -86.592 -168.015 -2.414 -74.899 -142.697 -2.414
3 65 -76.183 -142.104 -3.000 -74.899 -142.697 -2.414 -86.592 -168.015 -2.414
3 65 -86.592 -168.015 -2.414 -87.889 -167.452 -3.000 -76.183 -142.104 -3.000
3 65 -77.467 -141.512 -2.414 -76.183 -142.104 -3.000 -87.889 -167.452 -3.000
3 65 -87.889 -167.452 -3.000 -89.187 -166.889 -2.414 -77.467 -141.512 -2.414
3 65 -77.999 -141.266 -1.000 -77.467 -141.512 -2.414 -89.187 -166.889 -2.414
3 65 -89.187 -166.889 -2.414 -89.724 -166.656 -1.000 -77.999 -141.266 -1.000
3 65 -77.467 -141.512 0.414 -77.999 -141.266 -1.000 -89.724 -166.656 -1.000
3 65 -89.724 -166.656 -1.000 -89.187 -166.889 0.414 -77.467 -141.512 0.414
3 65 -76.183 -142.104 1.000 -77.467 -141.512 0.414 -89.187 -166.889 0.414
3 65 -89.187 -166.889 0.414 -87.889 -167.452 1.000 -76.183 -142.104 1.000
3 65 -86.592 -168.015 0.414 -87.889 -167.452 1.000 -89.391 -171.145 1.000
3 65 -89.391 -171.145 1.000 -88.049 -171.593 0.414 -86.592 -168.015 0.414
3 65 -86.055 -168.248 -1.000 -86.592 -168.015 0.414 -88.049 -171.593 0.414
3 65 -88.049 -171.593 0.414 -87.494 -171.779 -1.000 -86.055 -168.248 -1.000
3 65 -86.592 -168.015 -2.414 -86.055 -168.248 -1.000 -87.494 -171.779 -1.000
3 65 -87.494 -171.779 -1.000 -88.049 -171.593 -2.414 -86.592 -168.015 -2.414
3 65 -87.889 -167.452 -3.000 -86.592 -168.015 -2.414 -88.049 -171.593 -2.414
3 65 -88.049 -171.593 -2.414 -89.391 -171.145 -3.000 -87.889 -167.452 -3.000
3 65 -89.187 -166.889 -2.414 -87.889 -167.452 -3.000 -89.391 -171.145 -3.000
3 65 -89.391 -171.145 -3.000 -90.732 -170.697 -2.414 -89.187 -166.889 -2.414
3 65 -89.724 -166.656 -1.000 -89.187 -166.889 -2.414 -90.732 -170.697 -2.414
3 65 -90.732 -170.697 -2.414 -91.287 -170.511 -1.000 -89.724 -166.656 -1.000
3 65 -89.187 -166.889 0.414 -89.724 -166.656 -1.000 -91.287 -170.511 -1.000
3 65 -91.287 -170.511 -1.000 -90.732 -170.697 0.414 -89.187 -166.889 0.414
3 65 -87.889 -167.452 1.000 -89.187 -166.889 0.414 -90.732 -170.697 0.414
3 65 -90.732 -170.697 0.414 -89.391 -171.145 1.000 -87.889 -167.452 1.000
3 65 -88.049 -171.593 0.414 -89.391 -171.145 1.000 -90.411 -174.998 1.000
3 65 -90.411 -174.998 1.000 -89.024 -175.271 0.414 -88.049 -171.593 0.414
3 65 -87.494 -171.779 -1.000 -88.049 -171.593 0.414 -89.024 -175.271 0.414
3 65 -89.024 -175.271 0.414 -88.449 -175.385 -1.000 -87.494 -171.779 -1.000
3 65 -88.049 -171.593 -2.414 -87.494 -171.779 -1.000 -88.449 -175.385 -1.000
3 65 -88.449 -175.385 -1.000 -89.024 -175.271 -2.414 -88.049 -171.593 -2.414
3 65 -89.391 -171.145 -3.000 -88.049 -171.593 -2.414 -89.024 -175.271 -2.414
3 65 -89.024 -175.271 -2.414 -90.411 -174.998 -3.000 -89.391 -171.145 -3.000
3 65 -90.732 -170.697 -2.414 -89.391 -171.145 -3.000 -90.411 -174.998 -3.000
3 65 -90.411 -174.998 -3.000 -91.799 -174.724 -2.414 -90.732 -170.697 -2.414
3 65 -91.287 -170.511 -1.000 -90.732 -170.697 -2.414 -91.799 -174.724 -2.414
3 65 -91.799 -174.724 -2.414 -92.374 -174.611 -1.000 -91.287 -170.511 -1.000
3 65 -90.732 -170.697 0.414 -91.287 -170.511 -1.000 -92.374 -174.611 -1.000
3 65 -92.374 -174.611 -1.000 -91.799 -174.724 0.414 -90.732 -170.697 0.414
3 65 -89.391 -171.145 1.000 -90.732 -170.697 0.414 -91.799 -174.724 0.414
3 65 -91.799 -174.724 0.414 -90.411 -174.998 1.000 -89.391 -171.145 1.000
3 65 -89.024 -175.271 0.414 -90.411 -174.998 1.000 -90.929 -178.950 1.000
3 65 -90.929 -178.950 1.000 -89.518 -179.043 0.414 -89.024 -175.271 0.414
3 65 -88.449 -175.385 -1.000 -89.024 -175.271 0.414 -89.518 -179.043 0.414
3 65 -89.518 -179.043 0.414 -88.934 -179.082 -1.000 -88.449 -175.385 -1.000
3 65 -89.024 -175.271 -2.414 -88.449 -175.385 -1.000 -88.934 -179.082 -1.000
3 65 -88.934 -179.082 -1.000 -89.518 -179.043 -2.414 -89.024 -175.271 -2.414
3 65 -90.411 -174.998 -3.000 -89.024 -175.271 -2.414 -89.518 -179.043 -2.414
3 65 -89.518 -179.043 -2.414 -90.929 -178.950 -3.000 -90.411 -174.998 -3.000
3 65 -91.799 -174.724 -2.414 -90.411 -174.998 -3.000 -90.929 -178.950 -3.000
3 65 -90.929 -178.950 -3.000 -92.340 -178.856 -2.414 -91.799 -174.724 -2.414
3 65 -92.374 -174.611 -1.000 -91.799 -174.724 -2.414 -92.340 -178.856 -2.414
3 65 -92.340 -178.856 -2.414 -92.925 -178.817 -1.000 -92.374 -174.611 -1.000
3 65 -91.799 -174.724 0.414 -92.374 -174.611 -1.000 -92.925 -178.817 -1.000
3 65 -92.925 -178.817 -1.000 -92.340 -178.856 0.414 -91.799 -174.724 0.414
3 65 -90.411 -174.998 1.000 -91.799 -174.724 0.414 -92.340 -178.856 0.414
3 65 -92.340 -178.856 0.414 -90.929 -178.950 1.000 -90.411 -174.998 1.000
3 65 -89.518 -179.043 0.414 -90.929 -178.950 1.000 -90.938 -182.936 1.000
3 65 -90.938 -182.936 1.000 -89.527 -182.848 0.414 -89.518 -179.043 0.414
3 65 -88.934 -179.082 -1.000 -89.518 -179.043 0.414 -89.527 -182.848 0.414
3 65 -89.527 -182.848 0.414 -88.942 -182.811 -1.000 -88.934 -179.082 -1.000
3 65 -89.518 -179.043 -2.414 -88.934 -179.082 -1.000 -88.942 -182.811 -1.000
3 65 -88.942 -182.811 -1.000 -89.527 -182.848 -2.414 -89.518 -179.043 -2.414
3 65 -90.929 -178.950 -3.000 -89.518 -179.043 -2.414 -89.527 -182.848 -2.414
3 65 -89.527 -182.848 -2.414 -90.938 -182.936 -3.000 -90.929 -178.950 -3.000
3 65 -92.340 -178.856 -2.414 -90.929 -178.950 -3.000 -90.938 -182.936 -3.000
3 65 -90.938 -182.936 -3.000 -92.350 -183.024 -2.414 -92.340 -178.856 -2.414
3 65 -92.925 -178.817 -1.000 -92.340 -178.856 -2.414 -92.350 -183.024 -2.414
3 65 -92.350 -183.024 -2.414 -92.935 -183.060 -1.000 -92.925 -178.817 -1.000
3 65 -92.340 -178.856 0.414 -92.925 -178.817 -1.000 -92.935 -183.060 -1.000
3 65 -92.935 -183.060 -1.000 -92.350 -183.024 0.414 -92.340 -178.856 0.414
3 65 -90.929 -178.950 1.000 -92.340 -178.856 0.414 -92.350 -183.024 0.414
3 65 -92.350 -183.024 0.414 -90.938 -182.936 1.000 -90.929 -178.950 1.000
3 65 -89.527 -182.848 0.414 -90.938 -182.936 1.000 -90.434 -186.890 1.000
3 65 -90.434 -186.890 1.000 -89.046 -186.621 0.414 -89.527 -182.848 0.414
3 65 -88.942 -182.811 -1.000 -89.527 -182.848 0.414 -89.046 -186.621 0.414
3 65 -89.046 -186.621 0.414 -88.471 -186.509 -1.000 -88.942 -182.811 -1.000
3 65 -89.527 -182.848 -2.414 -88.942 -182.811 -1.000 -88.471 -186.509 -1.000
3 65 -88.471 -186.509 -1.000 -89.046 -186.621 -2.414 -89.527 -182.848 -2.414
3 65 -90.938 -182.936 -3.000 -89.527 -182.848 -2.414 -89.046 -186.621 -2.414
3 65 -89.046 -186.621 -2.414 -90.434 -186.890 -3.000 -90.938 -182.936 -3.000
3 65 -92.350 -183.024 -2.414 -90.938 -182.936 -3.000 -90.434 -186.890 -3.000
3 65 -90.434 -186.890 -3.000 -91.823 -187.158 -2.414 -92.350 -183.024 -2.414
3 65 -92.935 -183.060 -1.000 -92.350 -183.024 -2.414 -91.823 -187.158 -2.414
3 65 -91.823 -187.158 -2.414 -92.398 -187.270 -1.000 -92.935 -183.060 -1.000
3 65 -92.350 -183.024 0.414 -92.935 -183.060 -1.000 -92.398 -187.270 -1.000
3 65 -92.398 -187.270 -1.000 -91.823 -187.158 0.414 -92.350 -183.024 0.414
3 65 -90.938 -182.936 1.000 -92.350 -183.024 0.414 -91.823 -187.158 0.414
3 65 -91.823 -187.158 0.414 -90.434 -186.890 1.000 -90.938 -182.936 1.000
3 65 -89.046 -186.621 0.414 -90.434 -186.890 1.000 -89.426 -190.746 1.000
3 65 -89.426 -190.746 1.000 -88.084 -190.301 0.414 -89.046 -186.621 0.414
3 65 -88.471 -186.509 -1.000 -89.046 -186.621 0.414 -88.084 -190.301 0.414
3 65 -88.084 -190.301 0.414 -87.528 -190.117 -1.000 -88.471 -186.509 -1.000
3 65 -89.046 -186.621 -2.414 -88.471 -186.509 -1.000 -87.528 -190.117 -1.000
3 65 -87.528 -190.117 -1.000 -88.084 -190.301 -2.414 -89.046 -186.621 -2.414
3 65 -90.434 -186.890 -3.000 -89.046 -186.621 -2.414 -88.084 -190.301 -2.414
3 65 -88.084 -190.301 -2.414 -89.426 -190.746 -3.000 -90.434 -186.890 -3.000
3 65 -91.823 -187.158 -2.414 -90.434 -186.890 -3.000 -89.426 -190.746 -3.000
3 65 -89.426 -190.746 -3.000 -90.769 -191.191 -2.414 -91.823 -187.158 -2.414
3 65 -92.398 -187.270 -1.000 -91.823 -187.158 -2.414 -90.769 -191.191 -2.414
3 65 -90.769 -191.191 -2.414 -91.325 -191.375 -1.000 -92.398 -187.270 -1.000
3 65 -91.823 -187.158 0.414 -92.398 -187.270 -1.000 -91.325 -191.375 -1.000
3 65 -91.325 -191.375 -1.000 -90.769 -191.191 0.414 -91.823 -187.158 0.414
3 65 -90.434 -186.890 1.000 -91.823 -187.158 0.414 -90.769 -191.191 0.414
3 65 -90.769 -191.191 0.414 -89.426 -190.746 1.000 -90.434 -186.890 1.000
3 65 -88.084 -190.301 0.414 -89.426 -190.746 1.000 -87.932 -194.441 1.000
3 65 -87.932 -194.441 1.000 -86.657 -193.827 0.414 -88.084 -190.301 0.414
3 65 -87.528 -190.117 -1.000 -88.084 -190.301 0.414 -86.657 -193.827 0.414
3 65 -86.657 -193.827 0.414 -86.130 -193.573 -1.000 -87.528 -190.117 -1.000
3 65 -88.084 -190.301 -2.414 -87.528 -190.117 -1.000 -86.130 -193.573 -1.000
3 65 -86.130 -193.573 -1.000 -86.657 -193.827 -2.414 -88.084 -190.301 -2.414
3 65 -89.426 -190.746 -3.000 -88.084 -190.301 -2.414 -86.657 -193.827 -2.414
3 65 -86.657 -193.827 -2.414 -87.932 -194.441 -3.000 -89.426 -190.746 -3.000
3 65 -90.769 -191.191 -2.414 -89.426 -190.746 -3.000 -87.932 -194.441 -3.000
3 65 -87.932 -194.441 -3.000 -89.206 -195.054 -2.414 -90.769 -191.191 -2.414
3 65 -91.325 -191.375 -1.000 -90.769 -191.191 -2.414 -89.206 -195.054 -2.414
3 65 -89.206 -195.054 -2.414 -89.734 -195.308 -1.000 -91.325 -191.375 -1.000
3 65 -90.769 -191.191 0.414 -91.325 -191.375 -1.000 -89.734 -195.308 -1.000
3 65 -89.734 -195.308 -1.000 -89.206 -195.054 0.414 -90.769 -191.191 0.414
3 65 -89.426 -190.746 1.000 -90.769 -191.191 0.414 -89.206 -195.054 0.414
3 65 -89.206 -195.054 0.414 -87.932 -194.441 1.000 -89.426 -190.746 1.000
3 65 -86.657 -193.827 0.414 -87.932 -194.441 1.000 -85.975 -197.913 1.000
3 65 -85.975 -197.913 1.000 -84.790 -197.142 0.414 -86.657 -193.827 0.414
3 65 -86.130 -193.573 -1.000 -86.657 -193.827 0.414 -84.790 -197.142 0.414
3 65 -84.790 -197.142 0.414 -84.299 -196.822 -1.000 -86.130 -193.573 -1.000
3 65 -86.657 -193.827 -2.414 -86.130 -193.573 -1.000 -84.299 -196.822 -1.000
3 65 -84.299 -196.822 -1.000 -84.790 -197.142 -2.414 -86.657 -193.827 -2.414
3 65 -87.932 -194.441 -3.000 -86.657 -193.827 -2.414 -84.790 -197.142 -2.414
3 65 -84.790 -197.142 -2.414 -85.975 -197.913 -3.000 -87.932 -194.441 -3.000
3 65 -89.206 -195.054 -2.414 -87.932 -194.441 -3.000 -85.975 -197.913 -3.000
3 65 -85.975 -197.913 -3.000 -87.161 -198.685 -2.414 -89.206 -195.054 -2.414
3 65 -89.734 -195.308 -1.000 -89.206 -195.054 -2.414 -87.161 -198.685 -2.414
3 65 -87.161 -198.685 -2.414 -87.652 -199.004 -1.000 -89.734 -195.308 -1.000
3 65 -89.206 -195.054 0.414 -89.734 -195.308 -1.000 -87.652 -199.004 -1.000
3 65 -87.652 -199.004 -1.000 -87.161 -198.685 0.414 -89.206 -195.054 0.414
3 65 -87.932 -194.441 1.000 -89.206 -195.054 0.414 -87.161 -198.685 0.414
3 65 -87.161 -198.685 0.414 -85.975 -197.913 1.000 -87.932 -194.441 1.000
3 65 -84.790 -197.142 0.414 -85.975 -197.913 1.000 -83.592 -201.108 1.000
3 65 -83.592 -201.108 1.000 -82.516 -200.191 0.414 -84.790 -197.142 0.414
3 65 -84.299 -196.822 -1.000 -84.790 -197.142 0.414 -82.516 -200.191 0.414
3 65 -82.516 -200.191 0.414 -82.070 -199.811 -1.000 -84.299 -196.822 -1.000
3 65 -84.790 -197.142 -2.414 -84.299 -196.822 -1.000 -82.070 -199.811 -1.000
3 65 -82.070 -199.811 -1.000 -82.516 -200.191 -2.414 -84.790 -197.142 -2.414
3 65 -85.975 -197.913 -3.000 -84.790 -197.142 -2.414 -82.516 -200.191 -2.414
3 65 -82.516 -200.191 -2.414 -83.592 -201.108 -3.000 -85.975 -197.913 -3.000
3 65 -87.161 -198.685 -2.414 -85.975 -197.913 -3.000 -83.592 -201.108 -3.000
3 65 -83.592 -201.108 -3.000 -84.669 -202.025 -2.414 -87.161 -198.685 -2.414
3 65 -87.652 -199.004 -1.000 -87.161 -198.685 -2.414 -84.669 -202.025 -2.414
3 65 -84.669 -202.025 -2.414 -85.114 -202.405 -1.000 -87.652 -199.004 -1.000
3 65 -87.161 -198.685 0.414 -87.652 -199.004 -1.000 -85.114 -202.405 -1.000
3 65 -85.114 -202.405 -1.000 -84.669 -202.025 0.414 -87.161 -198.685 0.414
3 65 -85.975 -197.913 1.000 -87.161 -198.685 0.414 -84.669 -202.025 0.414
3 65 -84.669 -202.025 0.414 -83.592 -201.108 1.000 -85.975 -197.913 1.000
3 65 -82.516 -200.191 0.414 -83.592 -201.108 1.000 -80.816 -203.969 1.000
3 65 -80.816 -203.969 1.000 -79.867 -202.921 0.414 -82.516 -200.191 0.414
3 65 -82.070 -199.811 -1.000 -82.516 -200.191 0.414 -79.867 -202.921 0.414
3 65 -79.867 -202.921 0.414 -79.474 -202.487 -1.000 -82.070 -199.811 -1.000
3 65 -82.516 -200.191 -2.414 -82.070 -199.811 -1.000 -79.474 -202.487 -1.000
3 65 -79.474 -202.487 -1.000 -79.867 -202.921 -2.414 -82.516 -200.191 -2.414
3 65 -83.592 -201.108 -3.000 -82.516 -200.191 -2.414 -79.867 -202.921 -2.414
3 65 -79.867 -202.921 -2.414 -80.816 -203.969 -3.000 -83.592 -201.108 -3.000
3 65 -84.669 -202.025 -2.414 -83.592 -201.108 -3.000 -80.816 -203.969 -3.000
3 65 -80.816 -203.969 -3.000 -81.766 -205.017 -2.414 -84.669 -202.025 -2.414
3 65 -85.114 -202.405 -1.000 -84.669 -202.025 -2.414 -81.766 -205.017 -2.414
3 65 -81.766 -205.017 -2.414 -82.159 -205.451 -1.000 -85.114 -202.405 -1.000
3 65 -84.669 -202.025 0.414 -85.114 -202.405 -1.000 -82.159 -205.451 -1.000
3 65 -82.159 -205.451 -1.000 -81.766 -205.017 0.414 -84.669 -202.025 0.414
3 65 -83.592 -201.108 1.000 -84.669 -202.025 0.414 -81.766 -205.017 0.414
3 65 -81.766 -205.017 0.414 -80.816 -203.969 1.000 -83.592 -201.108 1.000
3 65 -79.867 -202.921 0.414 -80.816 -203.969 1.000 -77.697 -206.449 1.000
3 65 -77.697 -206.449 1.000 -76.889 -205.288 0.414 -79.867 -202.921 0.414
3 65 -79.474 -202.487 -1.000 -79.867 -202.921 0.414 -76.889 -205.288 0.414
3 65 -76.889 -205.288 0.414 -76.555 -204.807 -1.000 -79.474 -202.487 -1.000
3 65 -79.867 -202.921 -2.414 -79.474 -202.487 -1.000 -76.555 -204.807 -1.000
3 65 -76.555 -204.807 -1.000 -76.889 -205.288 -2.414 -79.867 -202.921 -2.414
3 65 -80.816 -203.969 -3.000 -79.867 -202.921 -2.414 -76.889 -205.288 -2.414
3 65 -76.889 -205.288 -2.414 -77.697 -206.449 -3.000 -80.816 -203.969 -3.000
3 65 -81.766 -205.017 -2.414 -80.816 -203.969 -3.000 -77.697 -206.449 -3.000
3 65 -77.697 -206.449 -3.000 -78.504 -207.611 -2.414 -81.766 -205.017 -2.414
3 65 -82.159 -205.451 -1.000 -81.766 -205.017 -2.414 -78.504 -207.611 -2.414
3 65 -78.504 -207.611 -2.414 -78.838 -208.092 -1.000 -82.159 -205.451 -1.000
3 65 -81.766 -205.017 0.414 -82.159 -205.451 -1.000 -78.838 -208.092 -1.000
3 65 -78.838 -208.092 -1.000 -78.504 -207.611 0.414 -81.766 -205.017 0.414
3 65 -80.816 -203.969 1.000 -81.766 -205.017 0.414 -78.504 -207.611 0.414
3 65 -78.504 -207.611 0.414 -77.697 -206.449 1.000 -80.816 -203.969 1.000
3 65 -76.889 -205.288 0.414 -77.697 -206.449 1.000 -74.284 -208.509 1.000
3 65 -74.284 -208.509 1.000 -73.632 -207.254 0.414 -76.889 -205.288 0.414
3 65 -76.555 -204.807 -1.000 -76.889 -205.288 0.414 -73.632 -207.254 0.414
3 65 -73.632 -207.254 0.414 -73.362 -206.734 -1.000 -76.555 -204.807 -1.000
3 65 -76.889 -205.288 -2.414 -76.555 -204.807 -1.000 -73.362 -206.734 -1.000
3 65 -73.362 -206.734 -1.000 -73.632 -207.254 -2.414 -76.889 -205.288 -2.414
3 65 -77.697 -206.449 -3.000 -76.889 -205.288 -2.414 -73.632 -207.254 -2.414
3 65 -73.632 -207.254 -2.414 -74.284 -208.509 -3.000 -77.697 -206.449 -3.000
3 65 -78.504 -207.611 -2.414 -77.697 -206.449 -3.000 -74.284 -208.509 -3.000
3 65 -74.284 -208.509 -3.000 -74.936 -209.764 -2.414 -78.504 -207.611 -2.414
3 65 -78.838 -208.092 -1.000 -78.504 -207.611 -2.414 -74.936 -209.764 -2.414
3 65 -74.936 -209.764 -2.414 -75.206 -210.284 -1.000 -78.838 -208.092 -1.000
3 65 -78.504 -207.611 0.414 -78.838 -208.092 -1.000 -75.206 -210.284 -1.000
3 65 -75.206 -210.284 -1.000 -74.936 -209.764 0.414 -78.504 -207.611 0.414
3 65 -77.697 -206.449 1.000 -78.504 -207.611 0.414 -74.936 -209.764 0.414
3 65 -74.936 -209.764 0.414 -74.284 -208.509 1.000 -77.697 -206.449 1.000
3 65 -73.632 -207.254 0.414 -74.284 -208.509 1.000 -70.637 -210.117 1.000
3 65 -70.637 -210.117 1.000 -70.152 -208.788 0.414 -73.632 -207.254 0.414
3 65 -73.362 -206.734 -1.000 -73.632 -207.254 0.414 -70.152 -208.788 0.414
3 65 -70.152 -208.788 0.414 -69.950 -208.238 -1.000 -73.362 -206.734 -1.000
3 65 -73.632 -207.254 -2.414 -73.362 -206.734 -1.000 -69.950 -208.238 -1.000
3 65 -69.950 -208.238 -1.000 -70.152 -208.788 -2.414 -73.632 -207.254 -2.414
3 65 -74.284 -208.509 -3.000 -73.632 -207.254 -2.414 -70.152 -208.788 -2.414
3 65 -70.152 -208.788 -2.414 -70.637 -210.117 -3.000 -74.284 -208.509 -3.000
3 65 -74.936 -209.764 -2.414 -74.284 -208.509 -3.000 -70.637 -210.117 -3.000
3 65 -70.637 -210.117 -3.000 -71.123 -211.445 -2.414 -74.936 -209.764 -2.414
3 65 -75.206 -210.284 -1.000 -74.936 -209.764 -2.414 -71.123 -211.445 -2.414
3 65 -71.123 -211.445 -2.414 -71.324 -211.995 -1.000 -75.206 -210.284 -1.000
3 65 -74.936 -209.764 0.414 -75.206 -210.284 -1.000 -71.324 -211.995 -1.000
3 65 -71.324 -211.995 -1.000 -71.123 -211.445 0.414 -74.936 -209.764 0.414
3 65 -74.284 -208.509 1.000 -74.936 -209.764 0.414 -71.123 -211.445 0.414
3 65 -71.123 -211.445 0.414 -70.637 -210.117 1.000 -74.284 -208.509 1.000
3 65 -70.152 -208.788 0.414 -70.637 -210.117 1.000 -66.813 -211.240 1.000
3 65 -66.813 -211.240 1.000 -66.502 -209.861 0.414 -70.152 -208.788 0.414
3 65 -69.950 -208.238 -1.000 -70.152 -208.788 0.414 -66.502 -209.861 0.414
3 65 -66.502 -209.861 0.414 -66.374 -209.289 -1.000 -69.950 -208.238 -1.000
3 65 -70.152 -208.788 -2.414 -69.950 -208.238 -1.000 -66.374 -209.289 -1.000
3 65 -66.374 -209.289 -1.000 -66.502 -209.861 -2.414 -70.152 -208.788 -2.414
3 65 -70.637 -210.117 -3.000 -70.152 -208.788 -2.414 -66.502 -209.861 -2.414
3 65 -66.502 -209.861 -2.414 -66.813 -211.240 -3.000 -70.637 -210.117 -3.000
3 65 -71.123 -211.445 -2.414 -70.637 -210.117 -3.000 -66.813 -211.240 -3.000
3 65 -66.813 -211.240 -3.000 -67.124 -212.620 -2.414 -71.123 -211.445 -2.414
3 65 -71.324 -211.995 -1.000 -71.123 -211.445 -2.414 -67.124 -212.620 -2.414
3 65 -67.124 -212.620 -2.414 -67.252 -213.191 -1.000 -71.324 -211.995 -1.000
3 65 -71.123 -211.445 0.414 -71.324 -211.995 -1.000 -67.252 -213.191 -1.000
3 65 -67.252 -213.191 -1.000 -67.124 -212.620 0.414 -71.123 -211.445 0.414
3 65 -70.637 -210.117 1.000 -71.123 -211.445 0.414 -67.124 -212.620 0.414
3 65 -67.124 -212.620 0.414 -66.813 -211.240 1.000 -70.637 -210.117 1.000
3 65 -66.502 -209.861 0.414 -66.813 -211.240 1.000 -62.876 -211.864 1.000
3 65 -62.876 -211.864 1.000 -62.745 -210.456 0.414 -66.502 -209.861 0.414
3 65 -66.374 -209.289 -1.000 -66.502 -209.861 0.414 -62.745 -210.456 0.414
3 65 -62.745 -210.456 0.414 -62.691 -209.872 -1.000 -66.374 -209.289 -1.000
3 65 -66.502 -209.861 -2.414 -66.374 -209.289 -1.000 -62.691 -209.872 -1.000
3 65 -62.691 -209.872 -1.000 -62.745 -210.456 -2.414 -66.502 -209.861 -2.414
3 65 -66.813 -211.240 -3.000 -66.502 -209.861 -2.414 -62.745 -210.456 -2.414
3 65 -62.745 -210.456 -2.414 -62.876 -211.864 -3.000 -66.813 -211.240 -3.000
3 65 -67.124 -212.620 -2.414 -66.813 -211.240 -3.000 -62.876 -211.864 -3.000
3 65 -62.876 -211.864 -3.000 -63.007 -213.272 -2.414 -67.124 -212.620 -2.414
3 65 -67.252 -213.191 -1.000 -67.124 -212.620 -2.414 -63.007 -213.272 -2.414
3 65 -63.007 -213.272 -2.414 -63.061 -213.855 -1.000 -67.252 -213.191 -1.000
3 65 -67.124 -212.620 0.414 -67.252 -213.191 -1.000 -63.061 -213.855 -1.000
3 65 -63.061 -213.855 -1.000 -63.007 -213.272 0.414 -67.124 -212.620 0.414
3 65 -66.813 -211.240 1.000 -67.124 -212.620 0.414 -63.007 -213.272 0.414
3 65 -63.007 -213.272 0.414 -62.876 -211.864 1.000 -66.813 -211.240 1.000
3 65 -62.745 -210.456 0.414 -62.876 -211.864 1.000 -58.892 -211.977 1.000
3 65 -58.892 -211.977 1.000 -58.943 -210.564 0.414 -62.745 -210.456 0.414
3 65 -62.691 -209.872 -1.000 -62.745 -210.456 0.414 -58.943 -210.564 0.414
3 65 -58.943 -210.564 0.414 -58.964 -209.978 -1.000 -62.691 -209.872 -1.000
3 65 -62.745 -210.456 -2.414 -62.691 -209.872 -1.000 -58.964 -209.978 -1.000
3 65 -58.964 -209.978 -1.000 -58.943 -210.564 -2.414 -62.745 -210.456 -2.414
3 65 -62.876 -211.864 -3.000 -62.745 -210.456 -2.414 -58.943 -210.564 -2.414
3 65 -58.943 -210.564 -2.414 -58.892 -211.977 -3.000 -62.876 -211.864 -3.000
3 65 -63.007 -213.272 -2.414 -62.876 -211.864 -3.000 -58.892 -211.977 -3.000
3 65 -58.892 -211.977 -3.000 -58.842 -213.390 -2.414 -63.007 -213.272 -2.414
3 65 -63.061 -213.855 -1.000 -63.007 -213.272 -2.414 -58.842 -213.390 -2.414
3 65 -58.842 -213.390 -2.414 -58.821 -213.976 -1.000 -63.061 -213.855 -1.000
3 65 -63.007 -213.272 0.414 -63.061 -213.855 -1.000 -58.821 -213.976 -1.000
3 65 -58.821 -213.976 -1.000 -58.842 -213.390 0.414 -63.007 -213.272 0.414
3 65 -62.876 -211.864 1.000 -63.007 -213.272 0.414 -58.842 -213.390 0.414
3 65 -58.842 -213.390 0.414 -58.892 -211.977 1.000 -62.876 -211.864 1.000
3 65 -58.943 -210.564 0.414 -58.892 -211.977 1.000 -54.926 -211.579 1.000
3 65 -54.926 -211.579 1.000 -55.157 -210.184 0.414 -58.943 -210.564 0.414
3 65 -58.964 -209.978 -1.000 -58.943 -210.564 0.414 -55.157 -210.184 0.414
3 65 -55.157 -210.184 0.414 -55.253 -209.606 -1.000 -58.964 -209.978 -1.000
3 65 -58.943 -210.564 -2.414 -58.964 -209.978 -1.000 -55.253 -209.606 -1.000
3 65 -55.253 -209.606 -1.000 -55.157 -210.184 -2.414 -58.943 -210.564 -2.414
3 65 -58.892 -211.977 -3.000 -58.943 -210.564 -2.414 -55.157 -210.184 -2.414
3 65 -55.157 -210.184 -2.414 -54.926 -211.579 -3.000 -58.892 -211.977 -3.000
3 65 -58.842 -213.390 -2.414 -58.892 -211.977 -3.000 -54.926 -211.579 -3.000
3 65 -54.926 -211.579 -3.000 -54.695 -212.975 -2.414 -58.842 -213.390 -2.414
3 65 -58.821 -213.976 -1.000 -58.842 -213.390 -2.414 -54.695 -212.975 -2.414
3 65 -54.695 -212.975 -2.414 -54.599 -213.553 -1.000 -58.821 -213.976 -1.000
3 65 -58.842 -213.390 0.414 -58.821 -213.976 -1.000 -54.599 -213.553 -1.000
3 65 -54.599 -213.553 -1.000 -54.695 -212.975 0.414 -58.842 -213.390 0.414
3 65 -58.892 -211.977 1.000 -58.842 -213.390 0.414 -54.695 -212.975 0.414
3 65 -54.695 -212.975 0.414 -54.926 -211.579 1.000 -58.892 -211.977 1.000
3 65 -55.157 -210.184 0.414 -54.926 -211.579 1.000 -51.044 -210.677 1.000
3 65 -51.044 -210.677 1.000 -51.453 -209.323 0.414 -55.157 -210.184 0.414
3 65 -55.253 -209.606 -1.000 -55.157 -210.184 0.414 -51.453 -209.323 0.414
3 65 -51.453 -209.323 0.414 -51.622 -208.762 -1.000 -55.253 -209.606 -1.000
3 65 -55.157 -210.184 -2.414 -55.253 -209.606 -1.000 -51.622 -208.762 -1.000
3 65 -51.622 -208.762 -1.000 -51.453 -209.323 -2.414 -55.157 -210.184 -2.414
3 65 -54.926 -211.579 -3.000 -55.157 -210.184 -2.414 -51.453 -209.323 -2.414
3 65 -51.453 -209.323 -2.414 -51.044 -210.677 -3.000 -54.926 -211.579 -3.000
3 65 -54.695 -212.975 -2.414 -54.926 -211.579 -3.000 -51.044 -210.677 -3.000
3 65 -51.044 -210.677 -3.000 -50.636 -212.030 -2.414 -54.695 -212.975 -2.414
3 65 -54.599 -213.553 -1.000 -54.695 -212.975 -2.414 -50.636 -212.030 -2.414
3 65 -50.636 -212.030 -2.414 -50.466 -212.591 -1.000 -54.599 -213.553 -1.000
3 65 -54.695 -212.975 0.414 -54.599 -213.553 -1.000 -50.466 -212.591 -1.000
3 65 -50.466 -212.591 -1.000 -50.636 -212.030 0.414 -54.695 -212.975 0.414
3 65 -54.926 -211.579 1.000 -54.695 -212.975 0.414 -50.636 -212.030 0.414
3 65 -50.636 -212.030 0.414 -51.044 -210.677 1.000 -54.926 -211.579 1.000
3 65 -51.453 -209.323 0.414 -51.044 -210.677 1.000 -47.310 -209.281 1.000
3 65 -47.310 -209.281 1.000 -47.890 -207.991 0.414 -51.453 -209.323 0.414
3 65 -51.622 -208.762 -1.000 -51.453 -209.323 0.414 -47.890 -207.991 0.414
3 65 -47.890 -207.991 0.414 -48.130 -207.457 -1.000 -51.622 -208.762 -1.000
3 65 -51.453 -209.323 -2.414 -51.622 -208.762 -1.000 -48.130 -207.457 -1.000
3 65 -48.130 -207.457 -1.000 -47.890 -207.991 -2.414 -51.453 -209.323 -2.414
3 65 -51.044 -210.677 -3.000 -51.453 -209.323 -2.414 -47.890 -207.991 -2.414
3 65 -47.890 -207.991 -2.414 -47.310 -209.281 -3.000 -51.044 -210.677 -3.000
3 65 -50.636 -212.030 -2.414 -51.044 -210.677 -3.000 -47.310 -209.281 -3.000
3 65 -47.310 -209.281 -3.000 -46.731 -210.572 -2.414 -50.636 -212.030 -2.414
3 65 -50.466 -212.591 -1.000 -50.636 -212.030 -2.414 -46.731 -210.572 -2.414
3 65 -46.731 -210.572 -2.414 -46.491 -211.106 -1.000 -50.466 -212.591 -1.000
3 65 -50.636 -212.030 0.414 -50.466 -212.591 -1.000 -46.491 -211.106 -1.000
3 65 -46.491 -211.106 -1.000 -46.731 -210.572 0.414 -50.636 -212.030 0.414
3 65 -51.044 -210.677 1.000 -50.636 -212.030 0.414 -46.731 -210.572 0.414
3 65 -46.731 -210.572 0.414 -47.310 -209.281 1.000 -51.044 -210.677 1.000
3 65 -47.890 -207.991 0.414 -47.310 -209.281 1.000 -43.787 -207.419 1.000
3 65 -43.787 -207.419 1.000 -44.527 -206.213 0.414 -47.890 -207.991 0.414
3 65 -48.130 -207.457 -1.000 -47.890 -207.991 0.414 -44.527 -206.213 0.414
3 65 -44.527 -206.213 0.414 -44.833 -205.714 -1.000 -48.130 -207.457 -1.000
3 65 -47.890 -207.991 -2.414 -48.130 -207.457 -1.000 -44.833 -205.714 -1.000
3 65 -44.833 -205.714 -1.000 -44.527 -206.213 -2.414 -47.890 -207.991 -2.414
3 65 -47.310 -209.281 -3.000 -47.890 -207.991 -2.414 -44.527 -206.213 -2.414
3 65 -44.527 -206.213 -2.414 -43.787 -207.419 -3.000 -47.310 -209.281 -3.000
3 65 -46.731 -210.572 -2.414 -47.310 -209.281 -3.000 -43.787 -207.419 -3.000
3 65 -43.787 -207.419 -3.000 -43.047 -208.624 -2.414 -46.731 -210.572 -2.414
3 65 -46.491 -211.106 -1.000 -46.731 -210.572 -2.414 -43.047 -208.624 -2.414
3 65 -43.047 -208.624 -2.414 -42.741 -209.123 -1.000 -46.491 -211.106 -1.000
3 65 -46.731 -210.572 0.414 -46.491 -211.106 -1.000 -42.741 -209.123 -1.000
3 65 -42.741 -209.123 -1.000 -43.047 -208.624 0.414 -46.731 -210.572 0.414
3 65 -47.310 -209.281 1.000 -46.731 -210.572 0.414 -43.047 -208.624 0.414
3 65 -43.047 -208.624 0.414 -43.787 -207.419 1.000 -47.310 -209.281 1.000
3 65 -44.527 -206.213 0.414 -43.787 -207.419 1.000 -40.530 -205.120 1.000
3 65 -40.530 -205.120 1.000 -41.419 -204.020 0.414 -44.527 -206.213 0.414
3 65 -44.833 -205.714 -1.000 -44.527 -206.213 0.414 -41.419 -204.020 0.414
3 65 -41.419 -204.020 0.414 -41.786 -203.564 -1.000 -44.833 -205.714 -1.000
3 65 -44.527 -206.213 -2.414 -44.833 -205.714 -1.000 -41.786 -203.564 -1.000
3 65 -41.786 -203.564 -1.000 -41.419 -204.020 -2.414 -44.527 -206.213 -2.414
3 65 -43.787 -207.419 -3.000 -44.527 -206.213 -2.414 -41.419 -204.020 -2.414
3 65 -41.419 -204.020 -2.414 -40.530 -205.120 -3.000 -43.787 -207.419 -3.000
3 65 -43.047 -208.624 -2.414 -43.787 -207.419 -3.000 -40.530 -205.120 -3.000
3 65 -40.530 -205.120 -3.000 -39.642 -206.221 -2.414 -43.047 -208.624 -2.414
3 65 -42.741 -209.123 -1.000 -43.047 -208.624 -2.414 -39.642 -206.221 -2.414
3 65 -39.642 -206.221 -2.414 -39.275 -206.677 -1.000 -42.741 -209.123 -1.000
3 65 -43.047 -208.624 0.414 -42.741 -209.123 -1.000 -39.275 -206.677 -1.000
3 65 -39.275 -206.677 -1.000 -39.642 -206.221 0.414 -43.047 -208.624 0.414
3 65 -43.787 -207.419 1.000 -43.047 -208.624 0.414 -39.642 -206.221 0.414
3 65 -39.642 -206.221 0.414 -40.530 -205.120 1.000 -43.787 -207.419 1.000
3 65 -41.419 -204.020 0.414 -40.530 -205.120 1.000 -37.596 -202.423 1.000
3 65 -37.596 -202.423 1.000 -38.618 -201.446 0.414 -41.419 -204.020 0.414
3 65 -41.786 -203.564 -1.000 -41.419 -204.020 0.414 -38.618 -201.446 0.414
3 65 -38.618 -201.446 0.414 -39.041 -201.041 -1.000 -41.786 -203.564 -1.000
3 65 -41.419 -204.020 -2.414 -41.786 -203.564 -1.000 -39.041 -201.041 -1.000
3 65 -39.041 -201.041 -1.000 -38.618 -201.446 -2.414 -41.419 -204.020 -2.414
3 65 -40.530 -205.120 -3.000 -41.419 -204.020 -2.414 -38.618 -201.446 -2.414
3 65 -38.618 -201.446 -2.414 -37.596 -202.423 -3.000 -40.530 -205.120 -3.000
3 65 -39.642 -206.221 -2.414 -40.530 -205.120 -3.000 -37.596 -202.423 -3.000
3 65 -37.596 -202.423 -3.000 -36.574 -203.401 -2.414 -39.642 -206.221 -2.414
3 65 -39.275 -206.677 -1.000 -39.642 -206.221 -2.414 -36.574 -203.401 -2.414
3 65 -36.574 -203.401 -2.414 -36.150 -203.806 -1.000 -39.275 -206.677 -1.000
3 65 -39.642 -206.221 0.414 -39.275 -206.677 -1.000 -36.150 -203.806 -1.000
3 65 -36.150 -203.806 -1.000 -36.574 -203.401 0.414 -39.642 -206.221 0.414
3 65 -40.530 -205.120 1.000 -39.642 -206.221 0.414 -36.574 -203.401 0.414
3 65 -36.574 -203.401 0.414 -37.596 -202.423 1.000 -40.530 -205.120 1.000
3 65 -38.618 -201.446 0.414 -37.596 -202.423 1.000 -35.032 -199.371 1.000
3 65 -35.032 -199.371 1.000 -36.172 -198.533 0.414 -38.618 -201.446 0.414
3 65 -39.041 -201.041 -1.000 -38.618 -201.446 0.414 -36.172 -198.533 0.414
3 65 -36.172 -198.533 0.414 -36.643 -198.186 -1.000 -39.041 -201.041 -1.000
3 65 -38.618 -201.446 -2.414 -39.041 -201.041 -1.000 -36.643 -198.186 -1.000
3 65 -36.643 -198.186 -1.000 -36.172 -198.533 -2.414 -38.618 -201.446 -2.414
3 65 -37.596 -202.423 -3.000 -38.618 -201.446 -2.414 -36.172 -198.533 -2.414
3 65 -36.172 -198.533 -2.414 -35.032 -199.371 -3.000 -37.596 -202.423 -3.000
3 65 -36.574 -203.401 -2.414 -37.596 -202.423 -3.000 -35.032 -199.371 -3.000
3 65 -35.032 -199.371 -3.000 -33.893 -200.209 -2.414 -36.574 -203.401 -2.414
3 65 -36.150 -203.806 -1.000 -36.574 -203.401 -2.414 -33.893 -200.209 -2.414
3 65 -33.893 -200.209 -2.414 -33.421 -200.556 -1.000 -36.150 -203.806 -1.000
3 65 -36.574 -203.401 0.414 -36.150 -203.806 -1.000 -33.421 -200.556 -1.000
3 65 -33.421 -200.556 -1.000 -33.893 -200.209 0.414 -36.574 -203.401 0.414
3 65 -37.596 -202.423 1.000 -36.574 -203.401 0.414 -33.893 -200.209 0.414
3 65 -33.893 -200.209 0.414 -35.032 -199.371 1.000 -37.596 -202.423 1.000
3 65 -36.172 -198.533 0.414 -35.032 -199.371 1.000 -32.882 -196.015 1.000
3 65 -32.882 -196.015 1.000 -34.119 -195.330 0.414 -36.172 -198.533 0.414
3 65 -36.643 -198.186 -1.000 -36.172 -198.533 0.414 -34.119 -195.330 0.414
3 65 -34.119 -195.330 0.414 -34.632 -195.047 -1.000 -36.643 -198.186 -1.000
3 65 -36.172 -198.533 -2.414 -36.643 -198.186 -1.000 -34.632 -195.047 -1.000
3 65 -34.632 -195.047 -1.000 -34.119 -195.330 -2.414 -36.172 -198.533 -2.414
3 65 -35.032 -199.371 -3.000 -36.172 -198.533 -2.414 -34.119 -195.330 -2.414
3 65 -34.119 -195.330 -2.414 -32.882 -196.015 -3.000 -35.032 -199.371 -3.000
3 65 -33.893 -200.209 -2.414 -35.032 -199.371 -3.000 -32.882 -196.015 -3.000
3 65 -32.882 -196.015 -3.000 -31.645 -196.700 -2.414 -33.893 -200.209 -2.414
3 65 -33.421 -200.556 -1.000 -33.893 -200.209 -2.414 -31.645 -196.700 -2.414
3 65 -31.645 -196.700 -2.414 -31.132 -196.984 -1.000 -33.421 -200.556 -1.000
3 65 -33.893 -200.209 0.414 -33.421 -200.556 -1.000 -31.132 -196.984 -1.000
3 65 -31.132 -196.984 -1.000 -31.645 -196.700 0.414 -33.893 -200.209 0.414
3 65 -35.032 -199.371 1.000 -33.893 -200.209 0.414 -31.645 -196.700 0.414
3 65 -31.645 -196.700 0.414 -32.882 -196.015 1.000 -35.032 -199.371 1.000
3 65 -34.119 -195.330 0.414 -32.882 -196.015 1.000 -31.180 -192.411 1.000
3 65 -31.180 -192.411 1.000 -32.495 -191.890 0.414 -34.119 -195.330 0.414
3 65 -34.632 -195.047 -1.000 -34.119 -195.330 0.414 -32.495 -191.890 0.414
3 65 -32.495 -191.890 0.414 -33.040 -191.674 -1.000 -34.632 -195.047 -1.000
3 65 -34.119 -195.330 -2.414 -34.632 -195.047 -1.000 -33.040 -191.674 -1.000
3 65 -33.040 -191.674 -1.000 -32.495 -191.890 -2.414 -34.119 -195.330 -2.414
3 65 -32.882 -196.015 -3.000 -34.119 -195.330 -2.414 -32.495 -191.890 -2.414
3 65 -32.495 -191.890 -2.414 -31.180 -192.411 -3.000 -32.882 -196.015 -3.000
3 65 -31.645 -196.700 -2.414 -32.882 -196.015 -3.000 -31.180 -192.411 -3.000
3 65 -31.180 -192.411 -3.000 -29.865 -192.932 -2.414 -31.645 -196.700 -2.414
3 65 -31.132 -196.984 -1.000 -31.645 -196.700 -2.414 -29.865 -192.932 -2.414
3 65 -29.865 -192.932 -2.414 -29.321 -193.148 -1.000 -31.132 -196.984 -1.000
3 65 -31.645 -196.700 0.414 -31.132 -196.984 -1.000 -29.321 -193.148 -1.000
3 65 -29.321 -193.148 -1.000 -29.865 -192.932 0.414 -31.645 -196.700 0.414
3 65 -32.882 -196.015 1.000 -31.645 -196.700 0.414 -29.865 -192.932 0.414
3 65 -29.865 -192.932 0.414 -31.180 -192.411 1.000 -32.882 -196.015 1.000
3 65 -32.495 -191.890 0.414 -31.180 -192.411 1.000 -29.952 -188.619 1.000
3 65 -29.952 -188.619 1.000 -31.322 -188.269 0.414 -32.495 -191.890 0.414
3 65 -33.040 -191.674 -1.000 -32.495 -191.890 0.414 -31.322 -188.269 0.414
3 65 -31.322 -188.269 0.414 -31.890 -188.123 -1.000 -33.040 -191.674 -1.000
3 65 -32.495 -191.890 -2.414 -33.040 -191.674 -1.000 -31.890 -188.123 -1.000
3 65 -31.890 -188.123 -1.000 -31.322 -188.269 -2.414 -32.495 -191.890 -2.414
3 65 -31.180 -192.411 -3.000 -32.495 -191.890 -2.414 -31.322 -188.269 -2.414
3 65 -31.322 -188.269 -2.414 -29.952 -188.619 -3.000 -31.180 -192.411 -3.000
3 65 -29.865 -192.932 -2.414 -31.180 -192.411 -3.000 -29.952 -188.619 -3.000
3 65 -29.952 -188.619 -3.000 -28.582 -188.970 -2.414 -29.865 -192.932 -2.414
3 65 -29.321 -193.148 -1.000 -29.865 -192.932 -2.414 -28.582 -188.970 -2.414
3 65 -28.582 -188.970 -2.414 -28.014 -189.115 -1.000 -29.321 -193.148 -1.000
3 65 -29.865 -192.932 0.414 -29.321 -193.148 -1.000 -28.014 -189.115 -1.000
3 65 -28.014 -189.115 -1.000 -28.582 -188.970 0.414 -29.865 -192.932 0.414
3 65 -31.180 -192.411 1.000 -29.865 -192.932 0.414 -28.582 -188.970 0.414
3 65 -28.582 -188.970 0.414 -29.952 -188.619 1.000 -31.180 -192.411 1.000
3 65 -31.322 -188.269 0.414 -29.952 -188.619 1.000 -29.209 -184.708 1.000
3 65 -29.209 -184.708 1.000 -30.602 -184.464 0.415 -31.322 -188.269 0.414
3 65 -31.890 -188.123 -1.000 -31.322 -188.269 0.414 -30.602 -184.464 0.415
3 65 -30.602 -184.464 0.415 -31.179 -184.360 -0.999 -31.890 -188.123 -1.000
3 65 -31.322 -188.269 -2.414 -31.890 -188.123 -1.000 -31.179 -184.360 -0.999
3 65 -31.179 -184.360 -0.999 -30.601 -184.456 -2.414 -31.322 -188.269 -2.414
3 65 -29.952 -188.619 -3.000 -31.322 -188.269 -2.414 -30.601 -184.456 -2.414
3 65 -30.601 -184.456 -2.414 -29.207 -184.697 -3.000 -29.952 -188.619 -3.000
3 65 -28.582 -188.970 -2.414 -29.952 -188.619 -3.000 -29.207 -184.697 -3.000
3 65 -29.207 -184.697 -3.000 -27.814 -184.941 -2.414 -28.582 -188.970 -2.414
3 65 -28.014 -189.115 -1.000 -28.582 -188.970 -2.414 -27.814 -184.941 -2.414
3 65 -27.814 -184.941 -2.414 -27.238 -185.045 -1.000 -28.014 -189.115 -1.000
3 65 -28.582 -188.970 0.414 -28.014 -189.115 -1.000 -27.238 -185.045 -1.000
3 65 -27.238 -185.045 -1.000 -27.816 -184.949 0.415 -28.582 -188.970 0.414
3 65 -29.952 -188.619 1.000 -28.582 -188.970 0.414 -27.816 -184.949 0.415
3 65 -27.816 -184.949 0.415 -29.209 -184.708 1.000 -29.952 -188.619 1.000
3 65 -30.602 -184.464 0.415 -29.209 -184.708 1.000 -26.721 -168.961 1.093
3 65 -26.721 -168.961 1.093 -28.116 -168.733 0.508 -30.602 -184.464 0.415
3 65 -31.179 -184.360 -0.999 -30.602 -184.464 0.415 -28.116 -168.733 0.508
3 65 -28.116 -168.733 0.508 -28.693 -168.628 -0.906 -31.179 -184.360 -0.999
3 65 -30.601 -184.456 -2.414 -31.179 -184.360 -0.999 -28.693 -168.628 -0.906
3 65 -28.693 -168.628 -0.906 -28.113 -168.708 -2.321 -30.601 -184.456 -2.414
3 65 -29.207 -184.697 -3.000 -30.601 -184.456 -2.414 -28.113 -168.708 -2.321
3 65 -28.113 -168.708 -2.321 -26.716 -168.927 -2.906 -29.207 -184.697 -3.000
3 65 -27.814 -184.941 -2.414 -29.207 -184.697 -3.000 -26.716 -168.927 -2.906
3 65 -26.716 -168.927 -2.906 -25.320 -169.155 -2.321 -27.814 -184.941 -2.414
3 65 -27.238 -185.045 -1.000 -27.814 -184.941 -2.414 -25.320 -169.155 -2.321
3 65 -25.320 -169.155 -2.321 -24.743 -169.260 -0.907 -27.238 -185.045 -1.000
3 65 -27.816 -184.949 0.415 -27.238 -185.045 -1.000 -24.743 -169.260 -0.907
3 65 -24.743 -169.260 -0.907 -25.324 -169.180 0.508 -27.816 -184.949 0.415
3 65 -29.209 -184.708 1.000 -27.816 -184.949 0.415 -25.324 -169.180 0.508
3 65 -25.324 -169.180 0.508 -26.721 -168.961 1.093 -29.209 -184.708 1.000
3 65 -28.116 -168.733 0.508 -26.721 -168.961 1.093 -20.267 -129.103 1.568
3 65 -20.267 -129.103 1.568 -21.664 -128.878 0.982 -28.116 -168.733 0.508
3 65 -28.693 -168.628 -0.906 -28.116 -168.733 0.508 -21.664 -128.878 0.982
3 65 -21.664 -128.878 0.982 -22.240 -128.771 -0.432 -28.693 -168.628 -0.906
3 65 -28.113 -168.708 -2.321 -28.693 -168.628 -0.906 -22.240 -128.771 -0.432
3 65 -22.240 -128.771 -0.432 -21.659 -128.845 -1.846 -28.113 -168.708 -2.321
3 65 -26.716 -168.927 -2.906 -28.113 -168.708 -2.321 -21.659 -128.845 -1.846
3 65 -21.659 -128.845 -1.846 -20.261 -129.056 -2.432 -26.716 -168.927 -2.906
3 65 -25.320 -169.155 -2.321 -26.716 -168.927 -2.906 -20.261 -129.056 -2.432
3 65 -20.261 -129.056 -2.432 -18.864 -129.281 -1.847 -25.320 -169.155 -2.321
3 65 -24.743 -169.260 -0.907 -25.320 -169.155 -2.321 -18.864 -129.281 -1.847
3 65 -18.864 -129.281 -1.847 -18.288 -129.388 -0.433 -24.743 -169.260 -0.907
3 65 -25.324 -169.180 0.508 -24.743 -169.260 -0.907 -18.288 -129.388 -0.433
3 65 -18.288 -129.388 -0.433 -18.869 -129.314 0.982 -25.324 -169.180 0.508
3 65 -26.721 -168.961 1.093 -25.324 -169.180 0.508 -18.869 -129.314 0.982
3 65 -18.869 -129.314 0.982 -20.267 -129.103 1.568 -26.721 -168.961 1.093
3 65 -21.664 -128.878 0.982 -20.267 -129.103 1.568 -16.708 -105.437 1.850
3 65 -16.708 -105.437 1.850 -18.108 -105.233 1.265 -21.664 -128.878 0.982
3 65 -22.240 -128.771 -0.432 -21.664 -128.878 0.982 -18.108 -105.233 1.265
3 65 -18.108 -105.233 1.265 -18.686 -105.136 -0.149 -22.240 -128.771 -0.432
3 65 -21.659 -128.845 -1.846 -22.240 -128.771 -0.432 -18.686 -105.136 -0.149
3 65 -18.686 -105.136 -0.149 -18.104 -105.204 -1.563 -21.659 -128.845 -1.846
3 65 -20.261 -129.056 -2.432 -21.659 -128.845 -1.846 -18.104 -105.204 -1.563
3 65 -18.104 -105.204 -1.563 -16.703 -105.395 -2.149 -20.261 -129.056 -2.432
3 65 -18.864 -129.281 -1.847 -20.261 -129.056 -2.432 -16.703 -105.395 -2.149
3 65 -16.703 -105.395 -2.149 -15.304 -105.599 -1.564 -18.864 -129.281 -1.847
3 65 -18.288 -129.388 -0.433 -18.864 -129.281 -1.847 -15.304 -105.599 -1.564
3 65 -15.304 -105.599 -1.564 -14.726 -105.696 -0.150 -18.288 -129.388 -0.433
3 65 -18.869 -129.314 0.982 -18.288 -129.388 -0.433 -14.726 -105.696 -0.150
3 65 -14.726 -105.696 -0.150 -15.307 -105.629 1.264 -18.869 -129.314 0.982
3 65 -20.267 -129.103 1.568 -18.869 -129.314 0.982 -15.307 -105.629 1.264
3 65 -15.307 -105.629 1.264 -16.708 -105.437 1.850 -20.267 -129.103 1.568
3 65 -18.108 -105.233 1.265 -16.708 -105.437 1.850 -15.136 -93.568 1.957
3 65 -15.136 -93.568 1.957 -16.540 -93.393 1.371 -18.108 -105.233 1.265
3 65 -18.686 -105.136 -0.149 -18.108 -105.233 1.265 -16.540 -93.393 1.371
3 65 -16.540 -93.393 1.371 -17.120 -93.312 -0.043 -18.686 -105.136 -0.149
3 65 -18.104 -105.204 -1.563 -18.686 -105.136 -0.149 -17.120 -93.312 -0.043
3 65 -17.120 -93.312 -0.043 -16.538 -93.373 -1.457 -18.104 -105.204 -1.563
3 65 -16.703 -105.395 -2.149 -18.104 -105.204 -1.563 -16.538 -93.373 -1.457
3 65 -16.538 -93.373 -1.457 -15.133 -93.541 -2.043 -16.703 -105.395 -2.149
3 65 -15.304 -105.599 -1.564 -16.703 -105.395 -2.149 -15.133 -93.541 -2.043
3 65 -15.133 -93.541 -2.043 -13.730 -93.716 -1.457 -15.304 -105.599 -1.564
3 65 -14.726 -105.696 -0.150 -15.304 -105.599 -1.564 -13.730 -93.716 -1.457
3 65 -13.730 -93.716 -1.457 -13.150 -93.797 -0.043 -14.726 -105.696 -0.150
3 65 -15.307 -105.629 1.264 -14.726 -105.696 -0.150 -13.150 -93.797 -0.043
3 65 -13.150 -93.797 -0.043 -13.732 -93.736 1.371 -15.307 -105.629 1.264
3 65 -16.708 -105.437 1.850 -15.307 -105.629 1.264 -13.732 -93.736 1.371
3 65 -13.732 -93.736 1.371 -15.136 -93.568 1.957 -16.708 -105.437 1.850
3 65 -16.540 -93.393 1.371 -15.136 -93.568 1.957 -14.247 -85.633 1.997
3 65 -14.247 -85.633 1.997 -15.654 -85.485 1.411 -16.540 -93.393 1.371
3 65 -17.120 -93.312 -0.043 -16.540 -93.393 1.371 -15.654 -85.485 1.411
3 65 -15.654 -85.485 1.411 -16.236 -85.421 -0.003 -17.120 -93.312 -0.043
3 65 -16.538 -93.373 -1.457 -17.120 -93.312 -0.043 -16.236 -85.421 -0.003
3 65 -16.236 -85.421 -0.003 -15.653 -85.478 -1.418 -16.538 -93.373 -1.457
3 65 -15.133 -93.541 -2.043 -16.538 -93.373 -1.457 -15.653 -85.478 -1.418
3 65 -15.653 -85.478 -1.418 -14.246 -85.621 -2.003 -15.133 -93.541 -2.043
3 65 -13.730 -93.716 -1.457 -15.133 -93.541 -2.043 -14.246 -85.621 -2.003
3 65 -14.246 -85.621 -2.003 -12.840 -85.769 -1.418 -13.730 -93.716 -1.457
3 65 -13.150 -93.797 -0.043 -13.730 -93.716 -1.457 -12.840 -85.769 -1.418
3 65 -12.840 -85.769 -1.418 -12.257 -85.833 -0.004 -13.150 -93.797 -0.043
3 65 -13.732 -93.736 1.371 -13.150 -93.797 -0.043 -12.257 -85.833 -0.004
3 65 -12.257 -85.833 -0.004 -12.840 -85.776 1.411 -13.732 -93.736 1.371
3 65 -15.136 -93.568 1.957 -13.732 -93.736 1.371 -12.840 -85.776 1.411
3 65 -12.840 -85.776 1.411 -14.247 -85.633 1.997 -15.136 -93.568 1.957
3 65 -15.654 -85.485 1.411 -14.247 -85.633 1.997 -13.870 -81.654 1.999
3 65 -13.870 -81.654 1.999 -15.276 -81.499 1.413 -15.654 -85.485 1.411
3 65 -16.236 -85.421 -0.003 -15.654 -85.485 1.411 -15.276 -81.499 1.413
3 65 -15.276 -81.499 1.413 -15.858 -81.437 -0.001 -16.236 -85.421 -0.003
3 65 -15.653 -85.478 -1.418 -16.236 -85.421 -0.003 -15.858 -81.437 -0.001
3 65 -15.858 -81.437 -0.001 -15.276 -81.503 -1.415 -15.653 -85.478 -1.418
3 65 -14.246 -85.621 -2.003 -15.653 -85.478 -1.418 -15.276 -81.503 -1.415
3 65 -15.276 -81.503 -1.415 -13.871 -81.659 -2.001 -14.246 -85.621 -2.003
3 65 -12.840 -85.769 -1.418 -14.246 -85.621 -2.003 -13.871 -81.659 -2.001
3 65 -13.871 -81.659 -2.001 -12.465 -81.813 -1.415 -12.840 -85.769 -1.418
3 65 -12.257 -85.833 -0.004 -12.840 -85.769 -1.418 -12.465 -81.813 -1.415
3 65 -12.465 -81.813 -1.415 -11.882 -81.876 -0.001 -12.257 -85.833 -0.004
3 65 -12.840 -85.776 1.411 -12.257 -85.833 -0.004 -11.882 -81.876 -0.001
3 65 -11.882 -81.876 -0.001 -12.465 -81.809 1.413 -12.840 -85.776 1.411
3 65 -14.247 -85.633 1.997 -12.840 -85.776 1.411 -12.465 -81.809 1.413
3 65 -12.465 -81.809 1.413 -13.870 -81.654 1.999 -14.247 -85.633 1.997
3 65 -15.276 -81.499 1.413 -13.870 -81.654 1.999 -13.371 -77.689 1.986
3 65 -13.371 -77.689 1.986 -14.770 -77.488 1.400 -15.276 -81.499 1.413
3 65 -15.858 -81.437 -0.001 -15.276 -81.499 1.413 -14.770 -77.488 1.400
3 65 -14.770 -77.488 1.400 -15.351 -77.410 -0.014 -15.858 -81.437 -0.001
3 65 -15.276 -81.503 -1.415 -15.858 -81.437 -0.001 -15.351 -77.410 -0.014
3 65 -15.351 -77.410 -0.014 -14.772 -77.501 -1.428 -15.276 -81.503 -1.415
3 65 -13.871 -81.659 -2.001 -15.276 -81.503 -1.415 -14.772 -77.501 -1.428
3 65 -14.772 -77.501 -1.428 -13.373 -77.709 -2.014 -13.871 -81.659 -2.001
3 65 -12.465 -81.813 -1.415 -13.871 -81.659 -2.001 -13.373 -77.709 -2.014
3 65 -13.373 -77.709 -2.014 -11.973 -77.911 -1.428 -12.465 -81.813 -1.415
3 65 -11.882 -81.876 -0.001 -12.465 -81.813 -1.415 -11.973 -77.911 -1.428
3 65 -11.973 -77.911 -1.428 -11.393 -77.989 -0.014 -11.882 -81.876 -0.001
3 65 -12.465 -81.809 1.413 -11.882 -81.876 -0.001 -11.393 -77.989 -0.014
3 65 -11.393 -77.989 -0.014 -11.972 -77.897 1.400 -12.465 -81.809 1.413
3 65 -13.870 -81.654 1.999 -12.465 -81.809 1.413 -11.972 -77.897 1.400
3 65 -11.972 -77.897 1.400 -13.371 -77.689 1.986 -13.870 -81.654 1.999
3 65 -14.770 -77.488 1.400 -13.371 -77.689 1.986 -12.714 -73.749 1.960
3 65 -12.714 -73.749 1.960 -14.106 -73.498 1.374 -14.770 -77.488 1.400
3 65 -15.351 -77.410 -0.014 -14.770 -77.488 1.400 -14.106 -73.498 1.374
3 65 -14.106 -73.498 1.374 -14.683 -73.403 -0.041 -15.351 -77.410 -0.014
3 65 -14.772 -77.501 -1.428 -15.351 -77.410 -0.014 -14.683 -73.403 -0.041
3 65 -14.683 -73.403 -0.041 -14.109 -73.520 -1.455 -14.772 -77.501 -1.428
3 65 -13.373 -77.709 -2.014 -14.772 -77.501 -1.428 -14.109 -73.520 -1.455
3 65 -14.109 -73.520 -1.455 -12.719 -73.781 -2.040 -13.373 -77.709 -2.014
3 65 -11.973 -77.911 -1.428 -13.373 -77.709 -2.014 -12.719 -73.781 -2.040
3 65 -12.719 -73.781 -2.040 -11.327 -74.032 -1.454 -11.973 -77.911 -1.428
3 65 -11.393 -77.989 -0.014 -11.973 -77.911 -1.428 -11.327 -74.032 -1.454
3 65 -11.327 -74.032 -1.454 -10.750 -74.127 -0.040 -11.393 -77.989 -0.014
3 65 -11.972 -77.897 1.400 -11.393 -77.989 -0.014 -10.750 -74.127 -0.040
3 65 -10.750 -74.127 -0.040 -11.324 -74.010 1.374 -11.972 -77.897 1.400
3 65 -13.371 -77.689 1.986 -11.972 -77.897 1.400 -11.324 -74.010 1.374
3 65 -11.324 -74.010 1.374 -12.714 -73.749 1.960 -13.371 -77.689 1.986
3 65 -14.106 -73.498 1.374 -12.714 -73.749 1.960 -11.925 -69.835 1.923
3 65 -11.925 -69.835 1.923 -13.308 -69.541 1.336 -14.106 -73.498 1.374
3 65 -14.683 -73.403 -0.041 -14.106 -73.498 1.374 -13.308 -69.541 1.336
3 65 -13.308 -69.541 1.336 -13.883 -69.432 -0.078 -14.683 -73.403 -0.041
3 65 -14.109 -73.520 -1.455 -14.683 -73.403 -0.041 -13.883 -69.432 -0.078
3 65 -13.883 -69.432 -0.078 -13.312 -69.570 -1.492 -14.109 -73.520 -1.455
3 65 -12.719 -73.781 -2.040 -14.109 -73.520 -1.455 -13.312 -69.570 -1.492
3 65 -13.312 -69.570 -1.492 -11.931 -69.876 -2.077 -12.719 -73.781 -2.040
3 65 -11.327 -74.032 -1.454 -12.719 -73.781 -2.040 -11.931 -69.876 -2.077
3 65 -11.931 -69.876 -2.077 -10.548 -70.170 -1.491 -11.327 -74.032 -1.454
3 65 -10.750 -74.127 -0.040 -11.327 -74.032 -1.454 -10.548 -70.170 -1.491
3 65 -10.548 -70.170 -1.491 -9.973 -70.279 -0.076 -10.750 -74.127 -0.040
3 65 -11.324 -74.010 1.374 -10.750 -74.127 -0.040 -9.973 -70.279 -0.076
3 65 -9.973 -70.279 -0.076 -10.543 -70.140 1.338 -11.324 -74.010 1.374
3 65 -12.714 -73.749 1.960 -11.324 -74.010 1.374 -10.543 -70.140 1.338
3 65 -10.543 -70.140 1.338 -11.925 -69.835 1.923 -12.714 -73.749 1.960
3 65 -13.308 -69.541 1.336 -11.925 -69.835 1.923 -11.022 -65.946 1.877
3 65 -11.022 -65.946 1.877 -12.397 -65.617 1.290 -13.308 -69.541 1.336
3 65 -13.883 -69.432 -0.078 -13.308 -69.541 1.336 -12.397 -65.617 1.290
3 65 -12.397 -65.617 1.290 -12.970 -65.495 -0.125 -13.883 -69.432 -0.078
3 65 -13.312 -69.570 -1.492 -13.883 -69.432 -0.078 -12.970 -65.495 -0.125
3 65 -12.970 -65.495 -0.125 -12.404 -65.651 -1.538 -13.312 -69.570 -1.492
3 65 -11.931 -69.876 -2.077 -13.312 -69.570 -1.492 -12.404 -65.651 -1.538
3 65 -12.404 -65.651 -1.538 -11.031 -65.995 -2.123 -11.931 -69.876 -2.077
3 65 -10.548 -70.170 -1.491 -11.931 -69.876 -2.077 -11.031 -65.995 -2.123
3 65 -11.031 -65.995 -2.123 -9.656 -66.324 -1.536 -10.548 -70.170 -1.491
3 65 -9.973 -70.279 -0.076 -10.548 -70.170 -1.491 -9.656 -66.324 -1.536
3 65 -9.656 -66.324 -1.536 -9.084 -66.446 -0.122 -9.973 -70.279 -0.076
3 65 -10.543 -70.140 1.338 -9.973 -70.279 -0.076 -9.084 -66.446 -0.122
3 65 -9.084 -66.446 -0.122 -9.650 -66.289 1.292 -10.543 -70.140 1.338
3 65 -11.925 -69.835 1.923 -10.543 -70.140 1.338 -9.650 -66.289 1.292
3 65 -9.650 -66.289 1.292 -11.022 -65.946 1.877 -11.925 -69.835 1.923
3 65 -12.397 -65.617 1.290 -11.022 -65.946 1.877 -10.025 -62.081 1.824
3 65 -10.025 -62.081 1.824 -11.391 -61.715 1.237 -12.397 -65.617 1.290
3 65 -12.970 -65.495 -0.125 -12.397 -65.617 1.290 -11.391 -61.715 1.237
3 65 -11.391 -61.715 1.237 -11.960 -61.580 -0.178 -12.970 -65.495 -0.125
3 65 -12.404 -65.651 -1.538 -12.970 -65.495 -0.125 -11.960 -61.580 -0.178
3 65 -11.960 -61.580 -0.178 -11.399 -61.755 -1.591 -12.404 -65.651 -1.538
3 65 -11.031 -65.995 -2.123 -12.404 -65.651 -1.538 -11.399 -61.755 -1.591
3 65 -11.399 -61.755 -1.591 -10.036 -62.137 -2.176 -11.031 -65.995 -2.123
3 65 -9.656 -66.324 -1.536 -11.031 -65.995 -2.123 -10.036 -62.137 -2.176
3 65 -10.036 -62.137 -2.176 -8.671 -62.502 -1.589 -9.656 -66.324 -1.536
3 65 -9.084 -66.446 -0.122 -9.656 -66.324 -1.536 -8.671 -62.502 -1.589
3 65 -8.671 -62.502 -1.589 -8.102 -62.637 -0.174 -9.084 -66.446 -0.122
3 65 -9.650 -66.289 1.292 -9.084 -66.446 -0.122 -8.102 -62.637 -0.174
3 65 -8.102 -62.637 -0.174 -8.663 -62.462 1.239 -9.650 -66.289 1.292
3 65 -11.022 -65.946 1.877 -9.650 -66.289 1.292 -8.663 -62.462 1.239
3 65 -8.663 -62.462 1.239 -10.025 -62.081 1.824 -11.022 -65.946 1.877
3 65 -11.391 -61.715 1.237 -10.025 -62.081 1.824 -7.803 -54.417 1.702
3 65 -7.803 -54.417 1.702 -9.157 -54.012 1.115 -11.391 -61.715 1.237
3 65 -11.960 -61.580 -0.178 -11.391 -61.715 1.237 -9.157 -54.012 1.115
3 65 -9.157 -54.012 1.115 -9.723 -53.862 -0.300 -11.960 -61.580 -0.178
3 65 -11.399 -61.755 -1.591 -11.960 -61.580 -0.178 -9.723 -53.862 -0.300
3 65 -9.723 -53.862 -0.300 -9.167 -54.056 -1.713 -11.399 -61.755 -1.591
3 65 -10.036 -62.137 -2.176 -11.399 -61.755 -1.591 -9.167 -54.056 -1.713
3 65 -9.167 -54.056 -1.713 -7.817 -54.479 -2.297 -10.036 -62.137 -2.176
3 65 -8.671 -62.502 -1.589 -10.036 -62.137 -2.176 -7.817 -54.479 -2.297
3 65 -7.817 -54.479 -2.297 -6.463 -54.884 -1.710 -8.671 -62.502 -1.589
3 65 -8.102 -62.637 -0.174 -8.671 -62.502 -1.589 -6.463 -54.884 -1.710
3 65 -6.463 -54.884 -1.710 -5.898 -55.034 -0.295 -8.102 -62.637 -0.174
3 65 -8.663 -62.462 1.239 -8.102 -62.637 -0.174 -5.898 -55.034 -0.295
3 65 -5.898 -55.034 -0.295 -6.453 -54.840 1.118 -8.663 -62.462 1.239
3 65 -10.025 -62.081 1.824 -8.663 -62.462 1.239 -6.453 -54.840 1.118
3 65 -6.453 -54.840 1.118 -7.803 -54.417 1.702 -10.025 -62.081 1.824
3 65 -9.157 -54.012 1.115 -7.803 -54.417 1.702 -5.350 -46.825 1.569
3 65 -5.350 -46.825 1.569 -6.693 -46.384 0.981 -9.157 -54.012 1.115
3 65 -9.723 -53.862 -0.300 -9.157 -54.012 1.115 -6.693 -46.384 0.981
3 65 -6.693 -46.384 0.981 -7.254 -46.221 -0.434 -9.723 -53.862 -0.300
3 65 -9.167 -54.056 -1.713 -9.723 -53.862 -0.300 -7.254 -46.221 -0.434
3 65 -7.254 -46.221 -0.434 -6.705 -46.431 -1.847 -9.167 -54.056 -1.713
3 65 -7.817 -54.479 -2.297 -9.167 -54.056 -1.713 -6.705 -46.431 -1.847
3 65 -6.705 -46.431 -1.847 -5.367 -46.891 -2.431 -7.817 -54.479 -2.297
3 65 -6.463 -54.884 -1.710 -7.817 -54.479 -2.297 -5.367 -46.891 -2.431
3 65 -5.367 -46.891 -2.431 -4.024 -47.332 -1.843 -6.463 -54.884 -1.710
3 65 -5.898 -55.034 -0.295 -6.463 -54.884 -1.710 -4.024 -47.332 -1.843
3 65 -4.024 -47.332 -1.843 -3.463 -47.495 -0.428 -5.898 -55.034 -0.295
3 65 -6.453 -54.840 1.118 -5.898 -55.034 -0.295 -3.463 -47.495 -0.428
3 65 -3.463 -47.495 -0.428 -4.012 -47.285 0.985 -6.453 -54.840 1.118
3 65 -7.803 -54.417 1.702 -6.453 -54.840 1.118 -4.012 -47.285 0.985
3 65 -4.012 -47.285 0.985 -5.350 -46.825 1.569 -7.803 -54.417 1.702
3 65 -6.693 -46.384 0.981 -5.350 -46.825 1.569 -1.408 -35.533 1.364
3 65 -1.408 -35.533 1.364 -2.743 -35.071 0.776 -6.693 -46.384 0.981
3 65 -7.254 -46.221 -0.434 -6.693 -46.384 0.981 -2.743 -35.071 0.776
3 65 -2.743 -35.071 0.776 -3.301 -34.897 -0.638 -7.254 -46.221 -0.434
3 65 -6.705 -46.431 -1.847 -7.254 -46.221 -0.434 -3.301 -34.897 -0.638
3 65 -3.301 -34.897 -0.638 -2.755 -35.113 -2.052 -6.705 -46.431 -1.847
3 65 -5.367 -46.891 -2.431 -6.705 -46.431 -1.847 -2.755 -35.113 -2.052
3 65 -2.755 -35.113 -2.052 -1.424 -35.592 -2.636 -5.367 -46.891 -2.431
3 65 -4.024 -47.332 -1.843 -5.367 -46.891 -2.431 -1.424 -35.592 -2.636
3 65 -1.424 -35.592 -2.636 -0.088 -36.055 -2.049 -4.024 -47.332 -1.843
3 65 -3.463 -47.495 -0.428 -4.024 -47.332 -1.843 -0.088 -36.055 -2.049
3 65 -0.088 -36.055 -2.049 0.470 -36.229 -0.634 -3.463 -47.495 -0.428
3 65 -4.012 -47.285 0.985 -3.463 -47.495 -0.428 0.470 -36.229 -0.634
3 65 0.470 -36.229 -0.634 -0.076 -36.013 0.780 -4.012 -47.285 0.985
3 65 -5.350 -46.825 1.569 -4.012 -47.285 0.985 -0.076 -36.013 0.780
3 65 -0.076 -36.013 0.780 -1.408 -35.533 1.364 -5.350 -46.825 1.569
3 65 -2.743 -35.071 0.776 -1.408 -35.533 1.364 6.643 -13.012 1.042
3 65 6.643 -13.012 1.042 5.303 -12.560 0.456 -2.743 -35.071 0.776
3 65 -3.301 -34.897 -0.638 -2.743 -35.071 0.776 5.303 -12.560 0.456
3 65 5.303 -12.560 0.456 4.745 -12.384 -0.959 -3.301 -34.897 -0.638
3 65 -2.755 -35.113 -2.052 -3.301 -34.897 -0.638 4.745 -12.384 -0.959
3 65 4.745 -12.384 -0.959 5.296 -12.586 -2.373 -2.755 -35.113 -2.052
3 65 -1.424 -35.592 -2.636 -2.755 -35.113 -2.052 5.296 -12.586 -2.373
3 65 5.296 -12.586 -2.373 6.633 -13.048 -2.958 -1.424 -35.592 -2.636
3 65 -0.088 -36.055 -2.049 -1.424 -35.592 -2.636 6.633 -13.048 -2.958
3 65 6.633 -13.048 -2.958 7.973 -13.499 -2.371 -0.088 -36.055 -2.049
3 65 0.470 -36.229 -0.634 -0.088 -36.055 -2.049 7.973 -13.499 -2.371
3 65 7.973 -13.499 -2.371 8.531 -13.675 -0.957 0.470 -36.229 -0.634
3 65 -0.076 -36.013 0.780 0.470 -36.229 -0.634 8.531 -13.675 -0.957
3 65 8.531 -13.675 -0.957 7.980 -13.474 0.457 -0.076 -36.013 0.780
3 65 -1.408 -35.533 1.364 -0.076 -36.013 0.780 7.980 -13.474 0.457
3 65 7.980 -13.474 0.457 6.643 -13.012 1.042 -1.408 -35.533 1.364
3 65 5.303 -12.560 0.456 6.643 -13.012 1.042 9.104 -5.438 1.001
3 65 9.104 -5.438 1.001 7.741 -5.064 0.416 5.303 -12.560 0.456
3 65 4.745 -12.384 -0.959 5.303 -12.560 0.456 7.741 -5.064 0.416
3 65 7.741 -5.064 0.416 7.175 -4.912 -0.999 4.745 -12.384 -0.959
3 65 5.296 -12.586 -2.373 4.745 -12.384 -0.959 7.175 -4.912 -0.999
3 65 7.175 -4.912 -0.999 7.739 -5.071 -2.413 5.296 -12.586 -2.373
3 65 6.633 -13.048 -2.958 5.296 -12.586 -2.373 7.739 -5.071 -2.413
3 65 7.739 -5.071 -2.413 9.101 -5.448 -2.999 6.633 -13.048 -2.958
3 65 7.973 -13.499 -2.371 6.633 -13.048 -2.958 9.101 -5.448 -2.999
3 65 9.101 -5.448 -2.999 10.465 -5.823 -2.413 7.973 -13.499 -2.371
3 65 8.531 -13.675 -0.957 7.973 -13.499 -2.371 10.465 -5.823 -2.413
3 65 10.465 -5.823 -2.413 11.031 -5.975 -0.999 8.531 -13.675 -0.957
3 65 7.980 -13.474 0.457 8.531 -13.675 -0.957 11.031 -5.975 -0.999
3 65 11.031 -5.975 -0.999 10.467 -5.815 0.416 7.980 -13.474 0.457
3 65 6.643 -13.012 1.042 7.980 -13.474 0.457 10.467 -5.815 0.416
3 65 10.467 -5.815 0.416 9.104 -5.438 1.001 6.643 -13.012 1.042
3 65 7.741 -5.064 0.416 9.104 -5.438 1.001 9.986 -1.565 1.000
3 65 9.986 -1.565 1.000 8.573 -1.508 0.414 7.741 -5.064 0.416
3 65 7.175 -4.912 -0.999 7.741 -5.064 0.416 8.573 -1.508 0.414
3 65 8.573 -1.508 0.414 7.988 -1.485 -1.000 7.175 -4.912 -0.999
3 65 7.739 -5.071 -2.413 7.175 -4.912 -0.999 7.988 -1.485 -1.000
3 65 7.988 -1.485 -1.000 8.573 -1.509 -2.414 7.739 -5.071 -2.413
3 65 9.101 -5.448 -2.999 7.739 -5.071 -2.413 8.573 -1.509 -2.414
3 65 8.573 -1.509 -2.414 9.986 -1.566 -3.000 9.101 -5.448 -2.999
3 65 10.465 -5.823 -2.413 9.101 -5.448 -2.999 9.986 -1.566 -3.000
3 65 9.986 -1.566 -3.000 11.399 -1.623 -2.414 10.465 -5.823 -2.413
3 65 11.031 -5.975 -0.999 10.465 -5.823 -2.413 11.399 -1.623 -2.414
3 65 11.399 -1.623 -2.414 11.984 -1.646 -1.000 11.031 -5.975 -0.999
3 65 10.467 -5.815 0.416 11.031 -5.975 -0.999 11.984 -1.646 -1.000
3 65 11.984 -1.646 -1.000 11.399 -1.622 0.414 10.467 -5.815 0.416
3 65 9.104 -5.438 1.001 10.467 -5.815 0.416 11.399 -1.622 0.414
3 65 11.399 -1.622 0.414 9.986 -1.565 1.000 9.104 -5.438 1.001
3 65 8.573 -1.508 0.414 9.986 -1.565 1.000 9.420 2.358 1.000
3 65 9.420 2.358 1.000 8.088 1.883 0.414 8.573 -1.508 0.414
3 65 7.988 -1.485 -1.000 8.573 -1.508 0.414 8.088 1.883 0.414
3 65 8.088 1.883 0.414 7.536 1.686 -1.000 7.988 -1.485 -1.000
3 65 8.573 -1.509 -2.414 7.988 -1.485 -1.000 7.536 1.686 -1.000
3 65 7.536 1.686 -1.000 8.088 1.883 -2.414 8.573 -1.509 -2.414
3 65 9.986 -1.566 -3.000 8.573 -1.509 -2.414 8.088 1.883 -2.414
3 65 8.088 1.883 -2.414 9.420 2.358 -3.000 9.986 -1.566 -3.000
3 65 11.399 -1.623 -2.414 9.986 -1.566 -3.000 9.420 2.358 -3.000
3 65 9.420 2.358 -3.000 10.753 2.832 -2.414 11.399 -1.623 -2.414
3 65 11.984 -1.646 -1.000 11.399 -1.623 -2.414 10.753 2.832 -2.414
3 65 10.753 2.832 -2.414 11.304 3.029 -1.000 11.984 -1.646 -1.000
3 65 11.399 -1.622 0.414 11.984 -1.646 -1.000 11.304 3.029 -1.000
3 65 11.304 3.029 -1.000 10.753 2.832 0.414 11.399 -1.622 0.414
3 65 9.986 -1.565 1.000 11.399 -1.622 0.414 10.753 2.832 0.414
3 65 10.753 2.832 0.414 9.420 2.358 1.000 9.986 -1.565 1.000
3 65 8.088 1.883 0.414 9.420 2.358 1.000 7.378 5.755 1.000
3 65 7.378 5.755 1.000 6.335 4.800 0.414 8.088 1.883 0.414
3 65 7.536 1.686 -1.000 8.088 1.883 0.414 6.335 4.800 0.414
3 65 6.335 4.800 0.414 5.902 4.404 -1.000 7.536 1.686 -1.000
3 65 8.088 1.883 -2.414 7.536 1.686 -1.000 5.902 4.404 -1.000
3 65 5.902 4.404 -1.000 6.335 4.800 -2.414 8.088 1.883 -2.414
3 65 9.420 2.358 -3.000 8.088 1.883 -2.414 6.335 4.800 -2.414
3 65 6.335 4.800 -2.414 7.378 5.755 -3.000 9.420 2.358 -3.000
3 65 10.753 2.832 -2.414 9.420 2.358 -3.000 7.378 5.755 -3.000
3 65 7.378 5.755 -3.000 8.421 6.710 -2.414 10.753 2.832 -2.414
3 65 11.304 3.029 -1.000 10.753 2.832 -2.414 8.421 6.710 -2.414
3 65 8.421 6.710 -2.414 8.853 7.105 -1.000 11.304 3.029 -1.000
3 65 10.753 2.832 0.414 11.304 3.029 -1.000 8.853 7.105 -1.000
3 65 8.853 7.105 -1.000 8.421 6.710 0.414 10.753 2.832 0.414
3 65 9.420 2.358 1.000 10.753 2.832 0.414 8.421 6.710 0.414
3 65 8.421 6.710 0.414 7.378 5.755 1.000 9.420 2.358 1.000
3 65 6.335 4.800 0.414 7.378 5.755 1.000 4.174 8.089 1.000
3 65 4.174 8.089 1.000 3.584 6.804 0.414 6.335 4.800 0.414
3 65 5.902 4.404 -1.000 6.335 4.800 0.414 3.584 6.804 0.414
3 65 3.584 6.804 0.414 3.340 6.271 -1.000 5.902 4.404 -1.000
3 65 6.335 4.800 -2.414 5.902 4.404 -1.000 3.340 6.271 -1.000
3 65 3.340 6.271 -1.000 3.584 6.804 -2.414 6.335 4.800 -2.414
3 65 7.378 5.755 -3.000 6.335 4.800 -2.414 3.584 6.804 -2.414
3 65 3.584 6.804 -2.414 4.174 8.089 -3.000 7.378 5.755 -3.000
3 65 8.421 6.710 -2.414 7.378 5.755 -3.000 4.174 8.089 -3.000
3 65 4.174 8.089 -3.000 4.764 9.374 -2.414 8.421 6.710 -2.414
3 65 8.853 7.105 -1.000 8.421 6.710 -2.414 4.764 9.374 -2.414
3 65 4.764 9.374 -2.414 5.008 9.907 -1.000 8.853 7.105 -1.000
3 65 8.421 6.710 0.414 8.853 7.105 -1.000 5.008 9.907 -1.000
3 65 5.008 9.907 -1.000 4.764 9.374 0.414 8.421 6.710 0.414
3 65 7.378 5.755 1.000 8.421 6.710 0.414 4.764 9.374 0.414
3 65 4.764 9.374 0.414 4.174 8.089 1.000 7.378 5.755 1.000
3 65 3.584 6.804 0.414 4.174 8.089 1.000 0.316 8.996 1.000
3 65 0.316 8.996 1.000 0.271 7.582 0.414 3.584 6.804 0.414
3 65 3.340 6.271 -1.000 3.584 6.804 0.414 0.271 7.582 0.414
3 65 0.271 7.582 0.414 0.253 6.997 -1.000 3.340 6.271 -1.000
3 65 3.584 6.804 -2.414 3.340 6.271 -1.000 0.253 6.997 -1.000
3 65 0.253 6.997 -1.000 0.271 7.582 -2.414 3.584 6.804 -2.414
3 65 4.174 8.089 -3.000 3.584 6.804 -2.414 0.271 7.582 -2.414
3 65 0.271 7.582 -2.414 0.316 8.996 -3.000 4.174 8.089 -3.000
3 65 4.764 9.374 -2.414 4.174 8.089 -3.000 0.316 8.996 -3.000
3 65 0.316 8.996 -3.000 0.360 10.409 -2.414 4.764 9.374 -2.414
3 65 5.008 9.907 -1.000 4.764 9.374 -2.414 0.360 10.409 -2.414
3 65 0.360 10.409 -2.414 0.378 10.995 -1.000 5.008 9.907 -1.000
3 65 4.764 9.374 0.414 5.008 9.907 -1.000 0.378 10.995 -1.000
3 65 0.378 10.995 -1.000 0.360 10.409 0.414 4.764 9.374 0.414
3 65 4.174 8.089 1.000 4.764 9.374 0.414 0.360 10.409 0.414
3 65 0.360 10.409 0.414 0.316 8.996 1.000 4.174 8.089 1.000
3 65 0.271 7.582 0.414 0.316 8.996 1.000 -3.592 8.332 1.000
3 65 -3.592 8.332 1.000 -3.084 7.012 0.414 0.271 7.582 0.414
3 65 0.253 6.997 -1.000 0.271 7.582 0.414 -3.084 7.012 0.414
3 65 -3.084 7.012 0.414 -2.873 6.466 -1.000 0.253 6.997 -1.000
3 65 0.271 7.582 -2.414 0.253 6.997 -1.000 -2.873 6.466 -1.000
3 65 -2.873 6.466 -1.000 -3.084 7.012 -2.414 0.271 7.582 -2.414
3 65 0.316 8.996 -3.000 0.271 7.582 -2.414 -3.084 7.012 -2.414
3 65 -3.084 7.012 -2.414 -3.592 8.332 -3.000 0.316 8.996 -3.000
3 65 0.360 10.409 -2.414 0.316 8.996 -3.000 -3.592 8.332 -3.000
3 65 -3.592 8.332 -3.000 -4.099 9.652 -2.414 0.360 10.409 -2.414
3 65 0.378 10.995 -1.000 0.360 10.409 -2.414 -4.099 9.652 -2.414
3 65 -4.099 9.652 -2.414 -4.310 10.199 -1.000 0.378 10.995 -1.000
3 65 0.360 10.409 0.414 0.378 10.995 -1.000 -4.310 10.199 -1.000
3 65 -4.310 10.199 -1.000 -4.099 9.652 0.414 0.360 10.409 0.414
3 65 0.316 8.996 1.000 0.360 10.409 0.414 -4.099 9.652 0.414
3 65 -4.099 9.652 0.414 -3.592 8.332 1.000 0.316 8.996 1.000
3 65 -3.084 7.012 0.414 -3.592 8.332 1.000 -6.936 6.206 1.000
3 65 -6.936 6.206 1.000 -5.962 5.180 0.414 -3.084 7.012 0.414
3 65 -2.873 6.466 -1.000 -3.084 7.012 0.414 -5.962 5.180 0.414
3 65 -5.962 5.180 0.414 -5.559 4.755 -1.000 -2.873 6.466 -1.000
3 65 -3.084 7.012 -2.414 -2.873 6.466 -1.000 -5.559 4.755 -1.000
3 65 -5.559 4.755 -1.000 -5.962 5.180 -2.414 -3.084 7.012 -2.414
3 65 -3.592 8.332 -3.000 -3.084 7.012 -2.414 -5.962 5.180 -2.414
3 65 -5.962 5.180 -2.414 -6.936 6.206 -3.000 -3.592 8.332 -3.000
3 65 -4.099 9.652 -2.414 -3.592 8.332 -3.000 -6.936 6.206 -3.000
3 65 -6.936 6.206 -3.000 -7.910 7.231 -2.414 -4.099 9.652 -2.414
3 65 -4.310 10.199 -1.000 -4.099 9.652 -2.414 -7.910 7.231 -2.414
3 65 -7.910 7.231 -2.414 -8.313 7.656 -1.000 -4.310 10.199 -1.000
3 65 -4.099 9.652 0.414 -4.310 10.199 -1.000 -8.313 7.656 -1.000
3 65 -8.313 7.656 -1.000 -7.910 7.231 0.414 -4.099 9.652 0.414
3 65 -3.592 8.332 1.000 -4.099 9.652 0.414 -7.910 7.231 0.414
3 65 -7.910 7.231 0.414 -6.936 6.206 1.000 -3.592 8.332 1.000
3 65 -5.962 5.180 0.414 -6.936 6.206 1.000 -9.079 3.193 1.000
3 65 -9.079 3.193 1.000 -7.795 2.600 0.414 -5.962 5.180 0.414
3 65 -5.559 4.755 -1.000 -5.962 5.180 0.414 -7.795 2.600 0.414
3 65 -7.795 2.600 0.414 -7.263 2.354 -1.000 -5.559 4.755 -1.000
3 65 -5.962 5.180 -2.414 -5.559 4.755 -1.000 -7.263 2.354 -1.000
3 65 -7.263 2.354 -1.000 -7.795 2.600 -2.414 -5.962 5.180 -2.414
3 65 -6.936 6.206 -3.000 -5.962 5.180 -2.414 -7.795 2.600 -2.414
3 65 -7.795 2.600 -2.414 -9.079 3.193 -3.000 -6.936 6.206 -3.000
3 65 -7.910 7.231 -2.414 -6.936 6.206 -3.000 -9.079 3.193 -3.000
3 65 -9.079 3.193 -3.000 -10.362 3.786 -2.414 -7.910 7.231 -2.414
3 65 -8.313 7.656 -1.000 -7.910 7.231 -2.414 -10.362 3.786 -2.414
3 65 -10.362 3.786 -2.414 -10.894 4.031 -1.000 -8.313 7.656 -1.000
3 65 -7.910 7.231 0.414 -8.313 7.656 -1.000 -10.894 4.031 -1.000
3 65 -10.894 4.031 -1.000 -10.362 3.786 0.414 -7.910 7.231 0.414
3 65 -6.936 6.206 1.000 -7.910 7.231 0.414 -10.362 3.786 0.414
3 65 -10.362 3.786 0.414 -9.079 3.193 1.000 -6.936 6.206 1.000
