0 FILE XPJ0114.DAT.dat
0 XPJ0114
0 Name:  UntitledModel
0 Author:  
0 BL_Item_No XPJ0114.DAT
0 BFC CERTIFY CCW
3 65 -28.586 0.000 1.414 -30.000 0.000 2.000 -29.674 -4.445 2.000
3 65 -29.674 -4.445 2.000 -28.274 -4.242 1.414 -28.586 0.000 1.414
3 65 -28.000 0.000 0.000 -28.586 0.000 1.414 -28.274 -4.242 1.414
3 65 -28.274 -4.242 1.414 -27.695 -4.158 0.000 -28.000 0.000 0.000
3 65 -28.586 0.000 -1.414 -28.000 0.000 0.000 -27.695 -4.158 0.000
3 65 -27.695 -4.158 0.000 -28.274 -4.242 -1.414 -28.586 0.000 -1.414
3 65 -30.000 0.000 -2.000 -28.586 0.000 -1.414 -28.274 -4.242 -1.414
3 65 -28.274 -4.242 -1.414 -29.674 -4.445 -2.000 -30.000 0.000 -2.000
3 65 -31.414 0.000 -1.414 -30.000 0.000 -2.000 -29.674 -4.445 -2.000
3 65 -29.674 -4.445 -2.000 -31.073 -4.648 -1.414 -31.414 0.000 -1.414
3 65 -32.000 0.000 0.000 -31.414 0.000 -1.414 -31.073 -4.648 -1.414
3 65 -31.073 -4.648 -1.414 -31.653 -4.732 0.000 -32.000 0.000 0.000
3 65 -31.414 0.000 1.414 -32.000 0.000 0.000 -31.653 -4.732 0.000
3 65 -31.653 -4.732 0.000 -31.073 -4.648 1.414 -31.414 0.000 1.414
3 65 -30.000 0.000 2.000 -31.414 0.000 1.414 -31.073 -4.648 1.414
3 65 -31.073 -4.648 1.414 -29.674 -4.445 2.000 -30.000 0.000 2.000
3 65 -28.274 -4.242 1.414 -29.674 -4.445 2.000 -28.830 -8.313 2.000
3 65 -28.830 -8.313 2.000 -27.472 -7.921 1.414 -28.274 -4.242 1.414
3 65 -27.695 -4.158 0.000 -28.274 -4.242 1.414 -27.472 -7.921 1.414
3 65 -27.472 -7.921 1.414 -26.909 -7.759 0.000 -27.695 -4.158 0.000
3 65 -28.274 -4.242 -1.414 -27.695 -4.158 0.000 -26.909 -7.759 0.000
3 65 -26.909 -7.759 0.000 -27.472 -7.921 -1.414 -28.274 -4.242 -1.414
3 65 -29.674 -4.445 -2.000 -28.274 -4.242 -1.414 -27.472 -7.921 -1.414
3 65 -27.472 -7.921 -1.414 -28.830 -8.313 -2.000 -29.674 -4.445 -2.000
3 65 -31.073 -4.648 -1.414 -29.674 -4.445 -2.000 -28.830 -8.313 -2.000
3 65 -28.830 -8.313 -2.000 -30.189 -8.705 -1.414 -31.073 -4.648 -1.414
3 65 -31.653 -4.732 0.000 -31.073 -4.648 -1.414 -30.189 -8.705 -1.414
3 65 -30.189 -8.705 -1.414 -30.752 -8.867 0.000 -31.653 -4.732 0.000
3 65 -31.073 -4.648 1.414 -31.653 -4.732 0.000 -30.752 -8.867 0.000
3 65 -30.752 -8.867 0.000 -30.189 -8.705 1.414 -31.073 -4.648 1.414
3 65 -29.674 -4.445 2.000 -31.073 -4.648 1.414 -30.189 -8.705 1.414
3 65 -30.189 -8.705 1.414 -28.830 -8.313 2.000 -29.674 -4.445 2.000
3 65 -27.472 -7.921 1.414 -28.830 -8.313 2.000 -27.485 -12.036 2.000
3 65 -27.485 -12.036 2.000 -26.189 -11.469 1.414 -27.472 -7.921 1.414
3 65 -26.909 -7.759 0.000 -27.472 -7.921 1.414 -26.189 -11.469 1.414
3 65 -26.189 -11.469 1.414 -25.653 -11.234 0.000 -26.909 -7.759 0.000
3 65 -27.472 -7.921 -1.414 -26.909 -7.759 0.000 -25.653 -11.234 0.000
3 65 -25.653 -11.234 0.000 -26.189 -11.469 -1.414 -27.472 -7.921 -1.414
3 65 -28.830 -8.313 -2.000 -27.472 -7.921 -1.414 -26.189 -11.469 -1.414
3 65 -26.189 -11.469 -1.414 -27.485 -12.036 -2.000 -28.830 -8.313 -2.000
3 65 -30.189 -8.705 -1.414 -28.830 -8.313 -2.000 -27.485 -12.036 -2.000
3 65 -27.485 -12.036 -2.000 -28.781 -12.603 -1.414 -30.189 -8.705 -1.414
3 65 -30.752 -8.867 0.000 -30.189 -8.705 -1.414 -28.781 -12.603 -1.414
3 65 -28.781 -12.603 -1.414 -29.317 -12.838 0.000 -30.752 -8.867 0.000
3 65 -30.189 -8.705 1.414 -30.752 -8.867 0.000 -29.317 -12.838 0.000
3 65 -29.317 -12.838 0.000 -28.781 -12.603 1.414 -30.189 -8.705 1.414
3 65 -28.830 -8.313 2.000 -30.189 -8.705 1.414 -28.781 -12.603 1.414
3 65 -28.781 -12.603 1.414 -27.485 -12.036 2.000 -28.830 -8.313 2.000
3 65 -26.189 -11.469 1.414 -27.485 -12.036 2.000 -25.663 -15.550 2.000
3 65 -25.663 -15.550 2.000 -24.454 -14.817 1.414 -26.189 -11.469 1.414
3 65 -25.653 -11.234 0.000 -26.189 -11.469 1.414 -24.454 -14.817 1.414
3 65 -24.454 -14.817 1.414 -23.953 -14.513 0.000 -25.653 -11.234 0.000
3 65 -26.189 -11.469 -1.414 -25.653 -11.234 0.000 -23.953 -14.513 0.000
3 65 -23.953 -14.513 0.000 -24.454 -14.817 -1.414 -26.189 -11.469 -1.414
3 65 -27.485 -12.036 -2.000 -26.189 -11.469 -1.414 -24.454 -14.817 -1.414
3 65 -24.454 -14.817 -1.414 -25.663 -15.550 -2.000 -27.485 -12.036 -2.000
3 65 -28.781 -12.603 -1.414 -27.485 -12.036 -2.000 -25.663 -15.550 -2.000
3 65 -25.663 -15.550 -2.000 -26.872 -16.284 -1.414 -28.781 -12.603 -1.414
3 65 -29.317 -12.838 0.000 -28.781 -12.603 -1.414 -26.872 -16.284 -1.414
3 65 -26.872 -16.284 -1.414 -27.373 -16.588 0.000 -29.317 -12.838 0.000
3 65 -28.781 -12.603 1.414 -29.317 -12.838 0.000 -27.373 -16.588 0.000
3 65 -27.373 -16.588 0.000 -26.872 -16.284 1.414 -28.781 -12.603 1.414
3 65 -27.485 -12.036 2.000 -28.781 -12.603 1.414 -26.872 -16.284 1.414
3 65 -26.872 -16.284 1.414 -25.663 -15.550 2.000 -27.485 -12.036 2.000
3 65 -24.454 -14.817 1.414 -25.663 -15.550 2.000 -23.388 -18.790 2.000
3 65 -23.388 -18.790 2.000 -22.286 -17.904 1.414 -24.454 -14.817 1.414
3 65 -23.953 -14.513 0.000 -24.454 -14.817 1.414 -22.286 -17.904 1.414
3 65 -22.286 -17.904 1.414 -21.830 -17.537 0.000 -23.953 -14.513 0.000
3 65 -24.454 -14.817 -1.414 -23.953 -14.513 0.000 -21.830 -17.537 0.000
3 65 -21.830 -17.537 0.000 -22.286 -17.904 -1.414 -24.454 -14.817 -1.414
3 65 -25.663 -15.550 -2.000 -24.454 -14.817 -1.414 -22.286 -17.904 -1.414
3 65 -22.286 -17.904 -1.414 -23.388 -18.790 -2.000 -25.663 -15.550 -2.000
3 65 -26.872 -16.284 -1.414 -25.663 -15.550 -2.000 -23.388 -18.790 -2.000
3 65 -23.388 -18.790 -2.000 -24.490 -19.677 -1.414 -26.872 -16.284 -1.414
3 65 -27.373 -16.588 0.000 -26.872 -16.284 -1.414 -24.490 -19.677 -1.414
3 65 -24.490 -19.677 -1.414 -24.947 -20.044 0.000 -27.373 -16.588 0.000
3 65 -26.872 -16.284 1.414 -27.373 -16.588 0.000 -24.947 -20.044 0.000
3 65 -24.947 -20.044 0.000 -24.490 -19.677 1.414 -26.872 -16.284 1.414
3 65 -25.663 -15.550 2.000 -26.872 -16.284 1.414 -24.490 -19.677 1.414
3 65 -24.490 -19.677 1.414 -23.388 -18.790 2.000 -25.663 -15.550 2.000
3 65 -22.286 -17.904 1.414 -23.388 -18.790 2.000 -20.711 -21.706 2.000
3 65 -20.711 -21.706 2.000 -19.735 -20.683 1.414 -22.286 -17.904 1.414
3 65 -21.830 -17.537 0.000 -22.286 -17.904 1.414 -19.735 -20.683 1.414
3 65 -19.735 -20.683 1.414 -19.331 -20.259 0.000 -21.830 -17.537 0.000
3 65 -22.286 -17.904 -1.414 -21.830 -17.537 0.000 -19.331 -20.259 0.000
3 65 -19.331 -20.259 0.000 -19.735 -20.683 -1.414 -22.286 -17.904 -1.414
3 65 -23.388 -18.790 -2.000 -22.286 -17.904 -1.414 -19.735 -20.683 -1.414
3 65 -19.735 -20.683 -1.414 -20.711 -21.706 -2.000 -23.388 -18.790 -2.000
3 65 -24.490 -19.677 -1.414 -23.388 -18.790 -2.000 -20.711 -21.706 -2.000
3 65 -20.711 -21.706 -2.000 -21.688 -22.729 -1.414 -24.490 -19.677 -1.414
3 65 -24.947 -20.044 0.000 -24.490 -19.677 -1.414 -21.688 -22.729 -1.414
3 65 -21.688 -22.729 -1.414 -22.092 -23.153 0.000 -24.947 -20.044 0.000
3 65 -24.490 -19.677 1.414 -24.947 -20.044 0.000 -22.092 -23.153 0.000
3 65 -22.092 -23.153 0.000 -21.688 -22.729 1.414 -24.490 -19.677 1.414
3 65 -23.388 -18.790 2.000 -24.490 -19.677 1.414 -21.688 -22.729 1.414
3 65 -21.688 -22.729 1.414 -20.711 -21.706 2.000 -23.388 -18.790 2.000
3 65 -19.735 -20.683 1.414 -20.711 -21.706 2.000 -17.674 -24.244 2.000
3 65 -17.674 -24.244 2.000 -16.840 -23.101 1.414 -19.735 -20.683 1.414
3 65 -19.331 -20.259 0.000 -19.735 -20.683 1.414 -16.840 -23.101 1.414
3 65 -16.840 -23.101 1.414 -16.495 -22.628 0.000 -19.331 -20.259 0.000
3 65 -19.735 -20.683 -1.414 -19.331 -20.259 0.000 -16.495 -22.628 0.000
3 65 -16.495 -22.628 0.000 -16.840 -23.101 -1.414 -19.735 -20.683 -1.414
3 65 -20.711 -21.706 -2.000 -19.735 -20.683 -1.414 -16.840 -23.101 -1.414
3 65 -16.840 -23.101 -1.414 -17.674 -24.244 -2.000 -20.711 -21.706 -2.000
3 65 -21.688 -22.729 -1.414 -20.711 -21.706 -2.000 -17.674 -24.244 -2.000
3 65 -17.674 -24.244 -2.000 -18.507 -25.386 -1.414 -21.688 -22.729 -1.414
3 65 -22.092 -23.153 0.000 -21.688 -22.729 -1.414 -18.507 -25.386 -1.414
3 65 -18.507 -25.386 -1.414 -18.852 -25.860 0.000 -22.092 -23.153 0.000
3 65 -21.688 -22.729 1.414 -22.092 -23.153 0.000 -18.852 -25.860 0.000
3 65 -18.852 -25.860 0.000 -18.507 -25.386 1.414 -21.688 -22.729 1.414
3 65 -20.711 -21.706 2.000 -21.688 -22.729 1.414 -18.507 -25.386 1.414
3 65 -18.507 -25.386 1.414 -17.674 -24.244 2.000 -20.711 -21.706 2.000
3 65 -16.840 -23.101 1.414 -17.674 -24.244 2.000 -14.329 -26.360 2.000
3 65 -14.329 -26.360 2.000 -13.654 -25.118 1.414 -16.840 -23.101 1.414
3 65 -16.495 -22.628 0.000 -16.840 -23.101 1.414 -13.654 -25.118 1.414
3 65 -13.654 -25.118 1.414 -13.374 -24.603 0.000 -16.495 -22.628 0.000
3 65 -16.840 -23.101 -1.414 -16.495 -22.628 0.000 -13.374 -24.603 0.000
3 65 -13.374 -24.603 0.000 -13.654 -25.118 -1.414 -16.840 -23.101 -1.414
3 65 -17.674 -24.244 -2.000 -16.840 -23.101 -1.414 -13.654 -25.118 -1.414
3 65 -13.654 -25.118 -1.414 -14.329 -26.360 -2.000 -17.674 -24.244 -2.000
3 65 -18.507 -25.386 -1.414 -17.674 -24.244 -2.000 -14.329 -26.360 -2.000
3 65 -14.329 -26.360 -2.000 -15.004 -27.603 -1.414 -18.507 -25.386 -1.414
3 65 -18.852 -25.860 0.000 -18.507 -25.386 -1.414 -15.004 -27.603 -1.414
3 65 -15.004 -27.603 -1.414 -15.283 -28.118 0.000 -18.852 -25.860 0.000
3 65 -18.507 -25.386 1.414 -18.852 -25.860 0.000 -15.283 -28.118 0.000
3 65 -15.283 -28.118 0.000 -15.004 -27.603 1.414 -18.507 -25.386 1.414
3 65 -17.674 -24.244 2.000 -18.507 -25.386 1.414 -15.004 -27.603 1.414
3 65 -15.004 -27.603 1.414 -14.329 -26.360 2.000 -17.674 -24.244 2.000
3 65 -13.654 -25.118 1.414 -14.329 -26.360 2.000 -10.732 -28.014 2.000
3 65 -10.732 -28.014 2.000 -10.227 -26.693 1.414 -13.654 -25.118 1.414
3 65 -13.374 -24.603 0.000 -13.654 -25.118 1.414 -10.227 -26.693 1.414
3 65 -10.227 -26.693 1.414 -10.018 -26.146 0.000 -13.374 -24.603 0.000
3 65 -13.654 -25.118 -1.414 -13.374 -24.603 0.000 -10.018 -26.146 0.000
3 65 -10.018 -26.146 0.000 -10.227 -26.693 -1.414 -13.654 -25.118 -1.414
3 65 -14.329 -26.360 -2.000 -13.654 -25.118 -1.414 -10.227 -26.693 -1.414
3 65 -10.227 -26.693 -1.414 -10.732 -28.014 -2.000 -14.329 -26.360 -2.000
3 65 -15.004 -27.603 -1.414 -14.329 -26.360 -2.000 -10.732 -28.014 -2.000
3 65 -10.732 -28.014 -2.000 -11.238 -29.335 -1.414 -15.004 -27.603 -1.414
3 65 -15.283 -28.118 0.000 -15.004 -27.603 -1.414 -11.238 -29.335 -1.414
3 65 -11.238 -29.335 -1.414 -11.447 -29.882 0.000 -15.283 -28.118 0.000
3 65 -15.004 -27.603 1.414 -15.283 -28.118 0.000 -11.447 -29.882 0.000
3 65 -11.447 -29.882 0.000 -11.238 -29.335 1.414 -15.004 -27.603 1.414
3 65 -14.329 -26.360 2.000 -15.004 -27.603 1.414 -11.238 -29.335 1.414
3 65 -11.238 -29.335 1.414 -10.732 -28.014 2.000 -14.329 -26.360 2.000
3 65 -10.227 -26.693 1.414 -10.732 -28.014 2.000 -6.951 -29.183 2.000
3 65 -6.951 -29.183 2.000 -6.623 -27.807 1.414 -10.227 -26.693 1.414
3 65 -10.018 -26.146 0.000 -10.227 -26.693 1.414 -6.623 -27.807 1.414
3 65 -6.623 -27.807 1.414 -6.487 -27.238 0.000 -10.018 -26.146 0.000
3 65 -10.227 -26.693 -1.414 -10.018 -26.146 0.000 -6.487 -27.238 0.000
3 65 -6.487 -27.238 0.000 -6.623 -27.807 -1.414 -10.227 -26.693 -1.414
3 65 -10.732 -28.014 -2.000 -10.227 -26.693 -1.414 -6.623 -27.807 -1.414
3 65 -6.623 -27.807 -1.414 -6.951 -29.183 -2.000 -10.732 -28.014 -2.000
3 65 -11.238 -29.335 -1.414 -10.732 -28.014 -2.000 -6.951 -29.183 -2.000
3 65 -6.951 -29.183 -2.000 -7.279 -30.559 -1.414 -11.238 -29.335 -1.414
3 65 -11.447 -29.882 0.000 -11.238 -29.335 -1.414 -7.279 -30.559 -1.414
3 65 -7.279 -30.559 -1.414 -7.415 -31.129 0.000 -11.447 -29.882 0.000
3 65 -11.238 -29.335 1.414 -11.447 -29.882 0.000 -7.415 -31.129 0.000
3 65 -7.415 -31.129 0.000 -7.279 -30.559 1.414 -11.238 -29.335 1.414
3 65 -10.732 -28.014 2.000 -11.238 -29.335 1.414 -7.279 -30.559 1.414
3 65 -7.279 -30.559 1.414 -6.951 -29.183 2.000 -10.732 -28.014 2.000
3 65 -6.623 -27.807 1.414 -6.951 -29.183 2.000 -3.049 -29.845 2.000
3 65 -3.049 -29.845 2.000 -2.905 -28.438 1.414 -6.623 -27.807 1.414
3 65 -6.487 -27.238 0.000 -6.623 -27.807 1.414 -2.905 -28.438 1.414
3 65 -2.905 -28.438 1.414 -2.845 -27.855 0.000 -6.487 -27.238 0.000
3 65 -6.623 -27.807 -1.414 -6.487 -27.238 0.000 -2.845 -27.855 0.000
3 65 -2.845 -27.855 0.000 -2.905 -28.438 -1.414 -6.623 -27.807 -1.414
3 65 -6.951 -29.183 -2.000 -6.623 -27.807 -1.414 -2.905 -28.438 -1.414
3 65 -2.905 -28.438 -1.414 -3.049 -29.845 -2.000 -6.951 -29.183 -2.000
3 65 -7.279 -30.559 -1.414 -6.951 -29.183 -2.000 -3.049 -29.845 -2.000
3 65 -3.049 -29.845 -2.000 -3.192 -31.251 -1.414 -7.279 -30.559 -1.414
3 65 -7.415 -31.129 0.000 -7.279 -30.559 -1.414 -3.192 -31.251 -1.414
3 65 -3.192 -31.251 -1.414 -3.252 -31.834 0.000 -7.415 -31.129 0.000
3 65 -7.279 -30.559 1.414 -7.415 -31.129 0.000 -3.252 -31.834 0.000
3 65 -3.252 -31.834 0.000 -3.192 -31.251 1.414 -7.279 -30.559 1.414
3 65 -6.951 -29.183 2.000 -7.279 -30.559 1.414 -3.192 -31.251 1.414
3 65 -3.192 -31.251 1.414 -3.049 -29.845 2.000 -6.951 -29.183 2.000
3 65 -2.905 -28.438 1.414 -3.049 -29.845 2.000 0.907 -29.986 2.000
3 65 0.907 -29.986 2.000 0.864 -28.573 1.414 -2.905 -28.438 1.414
3 65 -2.845 -27.855 0.000 -2.905 -28.438 1.414 0.864 -28.573 1.414
3 65 0.864 -28.573 1.414 0.846 -27.987 0.000 -2.845 -27.855 0.000
3 65 -2.905 -28.438 -1.414 -2.845 -27.855 0.000 0.846 -27.987 0.000
3 65 0.846 -27.987 0.000 0.864 -28.573 -1.414 -2.905 -28.438 -1.414
3 65 -3.049 -29.845 -2.000 -2.905 -28.438 -1.414 0.864 -28.573 -1.414
3 65 0.864 -28.573 -1.414 0.907 -29.986 -2.000 -3.049 -29.845 -2.000
3 65 -3.192 -31.251 -1.414 -3.049 -29.845 -2.000 0.907 -29.986 -2.000
3 65 0.907 -29.986 -2.000 0.950 -31.400 -1.414 -3.192 -31.251 -1.414
3 65 -3.252 -31.834 0.000 -3.192 -31.251 -1.414 0.950 -31.400 -1.414
3 65 0.950 -31.400 -1.414 0.968 -31.986 0.000 -3.252 -31.834 0.000
3 65 -3.192 -31.251 1.414 -3.252 -31.834 0.000 0.968 -31.986 0.000
3 65 0.968 -31.986 0.000 0.950 -31.400 1.414 -3.192 -31.251 1.414
3 65 -3.049 -29.845 2.000 -3.192 -31.251 1.414 0.950 -31.400 1.414
3 65 0.950 -31.400 1.414 0.907 -29.986 2.000 -3.049 -29.845 2.000
3 65 0.864 -28.573 1.414 0.907 -29.986 2.000 4.846 -29.603 2.000
3 65 4.846 -29.603 2.000 4.617 -28.208 1.414 0.864 -28.573 1.414
3 65 0.846 -27.987 0.000 0.864 -28.573 1.414 4.617 -28.208 1.414
3 65 4.617 -28.208 1.414 4.523 -27.630 0.000 0.846 -27.987 0.000
3 65 0.864 -28.573 -1.414 0.846 -27.987 0.000 4.523 -27.630 0.000
3 65 4.523 -27.630 0.000 4.617 -28.208 -1.414 0.864 -28.573 -1.414
3 65 0.907 -29.986 -2.000 0.864 -28.573 -1.414 4.617 -28.208 -1.414
3 65 4.617 -28.208 -1.414 4.846 -29.603 -2.000 0.907 -29.986 -2.000
3 65 0.950 -31.400 -1.414 0.907 -29.986 -2.000 4.846 -29.603 -2.000
3 65 4.846 -29.603 -2.000 5.075 -30.999 -1.414 0.950 -31.400 -1.414
3 65 0.968 -31.986 0.000 0.950 -31.400 -1.414 5.075 -30.999 -1.414
3 65 5.075 -30.999 -1.414 5.170 -31.577 0.000 0.968 -31.986 0.000
3 65 0.950 -31.400 1.414 0.968 -31.986 0.000 5.170 -31.577 0.000
3 65 5.170 -31.577 0.000 5.075 -30.999 1.414 0.950 -31.400 1.414
3 65 0.907 -29.986 2.000 0.950 -31.400 1.414 5.075 -30.999 1.414
3 65 5.075 -30.999 1.414 4.846 -29.603 2.000 0.907 -29.986 2.000
3 65 4.617 -28.208 1.414 4.846 -29.603 2.000 8.701 -28.708 2.000
3 65 8.701 -28.708 2.000 8.291 -27.355 1.414 4.617 -28.208 1.414
3 65 4.523 -27.630 0.000 4.617 -28.208 1.414 8.291 -27.355 1.414
3 65 8.291 -27.355 1.414 8.122 -26.794 0.000 4.523 -27.630 0.000
3 65 4.617 -28.208 -1.414 4.523 -27.630 0.000 8.122 -26.794 0.000
3 65 8.122 -26.794 0.000 8.291 -27.355 -1.414 4.617 -28.208 -1.414
3 65 4.846 -29.603 -2.000 4.617 -28.208 -1.414 8.291 -27.355 -1.414
3 65 8.291 -27.355 -1.414 8.701 -28.708 -2.000 4.846 -29.603 -2.000
3 65 5.075 -30.999 -1.414 4.846 -29.603 -2.000 8.701 -28.708 -2.000
3 65 8.701 -28.708 -2.000 9.111 -30.062 -1.414 5.075 -30.999 -1.414
3 65 5.170 -31.577 0.000 5.075 -30.999 -1.414 9.111 -30.062 -1.414
3 65 9.111 -30.062 -1.414 9.281 -30.622 0.000 5.170 -31.577 0.000
3 65 5.075 -30.999 1.414 5.170 -31.577 0.000 9.281 -30.622 0.000
3 65 9.281 -30.622 0.000 9.111 -30.062 1.414 5.075 -30.999 1.414
3 65 4.846 -29.603 2.000 5.075 -30.999 1.414 9.111 -30.062 1.414
3 65 9.111 -30.062 1.414 8.701 -28.708 2.000 4.846 -29.603 2.000
3 65 8.291 -27.355 1.414 8.701 -28.708 2.000 12.405 -27.313 2.000
3 65 12.405 -27.313 2.000 11.821 -26.026 1.414 8.291 -27.355 1.414
3 65 8.122 -26.794 0.000 8.291 -27.355 1.414 11.821 -26.026 1.414
3 65 11.821 -26.026 1.414 11.578 -25.492 0.000 8.122 -26.794 0.000
3 65 8.291 -27.355 -1.414 8.122 -26.794 0.000 11.578 -25.492 0.000
3 65 11.578 -25.492 0.000 11.821 -26.026 -1.414 8.291 -27.355 -1.414
3 65 8.701 -28.708 -2.000 8.291 -27.355 -1.414 11.821 -26.026 -1.414
3 65 11.821 -26.026 -1.414 12.405 -27.313 -2.000 8.701 -28.708 -2.000
3 65 9.111 -30.062 -1.414 8.701 -28.708 -2.000 12.405 -27.313 -2.000
3 65 12.405 -27.313 -2.000 12.990 -28.601 -1.414 9.111 -30.062 -1.414
3 65 9.281 -30.622 0.000 9.111 -30.062 -1.414 12.990 -28.601 -1.414
3 65 12.990 -28.601 -1.414 13.232 -29.135 0.000 9.281 -30.622 0.000
3 65 9.111 -30.062 1.414 9.281 -30.622 0.000 13.232 -29.135 0.000
3 65 13.232 -29.135 0.000 12.990 -28.601 1.414 9.111 -30.062 1.414
3 65 8.701 -28.708 2.000 9.111 -30.062 1.414 12.990 -28.601 1.414
3 65 12.990 -28.601 1.414 12.405 -27.313 2.000 8.701 -28.708 2.000
3 65 11.821 -26.026 1.414 12.405 -27.313 2.000 15.893 -25.443 2.000
3 65 15.893 -25.443 2.000 15.144 -24.244 1.414 11.821 -26.026 1.414
3 65 11.578 -25.492 0.000 11.821 -26.026 1.414 15.144 -24.244 1.414
3 65 15.144 -24.244 1.414 14.833 -23.747 0.000 11.578 -25.492 0.000
3 65 11.821 -26.026 -1.414 11.578 -25.492 0.000 14.833 -23.747 0.000
3 65 14.833 -23.747 0.000 15.144 -24.244 -1.414 11.821 -26.026 -1.414
3 65 12.405 -27.313 -2.000 11.821 -26.026 -1.414 15.144 -24.244 -1.414
3 65 15.144 -24.244 -1.414 15.893 -25.443 -2.000 12.405 -27.313 -2.000
3 65 12.990 -28.601 -1.414 12.405 -27.313 -2.000 15.893 -25.443 -2.000
3 65 15.893 -25.443 -2.000 16.643 -26.642 -1.414 12.990 -28.601 -1.414
3 65 13.232 -29.135 0.000 12.990 -28.601 -1.414 16.643 -26.642 -1.414
3 65 16.643 -26.642 -1.414 16.953 -27.139 0.000 13.232 -29.135 0.000
3 65 12.990 -28.601 1.414 13.232 -29.135 0.000 16.953 -27.139 0.000
3 65 16.953 -27.139 0.000 16.643 -26.642 1.414 12.990 -28.601 1.414
3 65 12.405 -27.313 2.000 12.990 -28.601 1.414 16.643 -26.642 1.414
3 65 16.643 -26.642 1.414 15.893 -25.443 2.000 12.405 -27.313 2.000
3 65 15.144 -24.244 1.414 15.893 -25.443 2.000 19.103 -23.127 2.000
3 65 19.103 -23.127 2.000 18.202 -22.037 1.414 15.144 -24.244 1.414
3 65 14.833 -23.747 0.000 15.144 -24.244 1.414 18.202 -22.037 1.414
3 65 18.202 -22.037 1.414 17.829 -21.586 0.000 14.833 -23.747 0.000
3 65 15.144 -24.244 -1.414 14.833 -23.747 0.000 17.829 -21.586 0.000
3 65 17.829 -21.586 0.000 18.202 -22.037 -1.414 15.144 -24.244 -1.414
3 65 15.893 -25.443 -2.000 15.144 -24.244 -1.414 18.202 -22.037 -1.414
3 65 18.202 -22.037 -1.414 19.103 -23.127 -2.000 15.893 -25.443 -2.000
3 65 16.643 -26.642 -1.414 15.893 -25.443 -2.000 19.103 -23.127 -2.000
3 65 19.103 -23.127 -2.000 20.004 -24.218 -1.414 16.643 -26.642 -1.414
3 65 16.953 -27.139 0.000 16.643 -26.642 -1.414 20.004 -24.218 -1.414
3 65 20.004 -24.218 -1.414 20.377 -24.669 0.000 16.953 -27.139 0.000
3 65 16.643 -26.642 1.414 16.953 -27.139 0.000 20.377 -24.669 0.000
3 65 20.377 -24.669 0.000 20.004 -24.218 1.414 16.643 -26.642 1.414
3 65 15.893 -25.443 2.000 16.643 -26.642 1.414 20.004 -24.218 1.414
3 65 20.004 -24.218 1.414 19.103 -23.127 2.000 15.893 -25.443 2.000
3 65 18.202 -22.037 1.414 19.103 -23.127 2.000 21.982 -20.412 2.000
3 65 21.982 -20.412 2.000 20.946 -19.449 1.414 18.202 -22.037 1.414
3 65 17.829 -21.586 0.000 18.202 -22.037 1.414 20.946 -19.449 1.414
3 65 20.946 -19.449 1.414 20.517 -19.051 0.000 17.829 -21.586 0.000
3 65 18.202 -22.037 -1.414 17.829 -21.586 0.000 20.517 -19.051 0.000
3 65 20.517 -19.051 0.000 20.946 -19.449 -1.414 18.202 -22.037 -1.414
3 65 19.103 -23.127 -2.000 18.202 -22.037 -1.414 20.946 -19.449 -1.414
3 65 20.946 -19.449 -1.414 21.982 -20.412 -2.000 19.103 -23.127 -2.000
3 65 20.004 -24.218 -1.414 19.103 -23.127 -2.000 21.982 -20.412 -2.000
3 65 21.982 -20.412 -2.000 23.018 -21.374 -1.414 20.004 -24.218 -1.414
3 65 20.377 -24.669 0.000 20.004 -24.218 -1.414 23.018 -21.374 -1.414
3 65 23.018 -21.374 -1.414 23.447 -21.773 0.000 20.377 -24.669 0.000
3 65 20.004 -24.218 1.414 20.377 -24.669 0.000 23.447 -21.773 0.000
3 65 23.447 -21.773 0.000 23.018 -21.374 1.414 20.004 -24.218 1.414
3 65 19.103 -23.127 2.000 20.004 -24.218 1.414 23.018 -21.374 1.414
3 65 23.018 -21.374 1.414 21.982 -20.412 2.000 19.103 -23.127 2.000
3 65 20.946 -19.449 1.414 21.982 -20.412 2.000 24.478 -17.341 2.000
3 65 24.478 -17.341 2.000 23.324 -16.523 1.414 20.946 -19.449 1.414
3 65 20.517 -19.051 0.000 20.946 -19.449 1.414 23.324 -16.523 1.414
3 65 23.324 -16.523 1.414 22.847 -16.184 0.000 20.517 -19.051 0.000
3 65 20.946 -19.449 -1.414 20.517 -19.051 0.000 22.847 -16.184 0.000
3 65 22.847 -16.184 0.000 23.324 -16.523 -1.414 20.946 -19.449 -1.414
3 65 21.982 -20.412 -2.000 20.946 -19.449 -1.414 23.324 -16.523 -1.414
3 65 23.324 -16.523 -1.414 24.478 -17.341 -2.000 21.982 -20.412 -2.000
3 65 23.018 -21.374 -1.414 21.982 -20.412 -2.000 24.478 -17.341 -2.000
3 65 24.478 -17.341 -2.000 25.632 -18.158 -1.414 23.018 -21.374 -1.414
3 65 23.447 -21.773 0.000 23.018 -21.374 -1.414 25.632 -18.158 -1.414
3 65 25.632 -18.158 -1.414 26.110 -18.497 0.000 23.447 -21.773 0.000
3 65 23.018 -21.374 1.414 23.447 -21.773 0.000 26.110 -18.497 0.000
3 65 26.110 -18.497 0.000 25.632 -18.158 1.414 23.018 -21.374 1.414
3 65 21.982 -20.412 2.000 23.018 -21.374 1.414 25.632 -18.158 1.414
3 65 25.632 -18.158 1.414 24.478 -17.341 2.000 21.982 -20.412 2.000
3 65 23.324 -16.523 1.414 24.478 -17.341 2.000 26.549 -13.968 2.000
3 65 26.549 -13.968 2.000 25.297 -13.309 1.414 23.324 -16.523 1.414
3 65 22.847 -16.184 0.000 23.324 -16.523 1.414 25.297 -13.309 1.414
3 65 25.297 -13.309 1.414 24.779 -13.037 0.000 22.847 -16.184 0.000
3 65 23.324 -16.523 -1.414 22.847 -16.184 0.000 24.779 -13.037 0.000
3 65 24.779 -13.037 0.000 25.297 -13.309 -1.414 23.324 -16.523 -1.414
3 65 24.478 -17.341 -2.000 23.324 -16.523 -1.414 25.297 -13.309 -1.414
3 65 25.297 -13.309 -1.414 26.549 -13.968 -2.000 24.478 -17.341 -2.000
3 65 25.632 -18.158 -1.414 24.478 -17.341 -2.000 26.549 -13.968 -2.000
3 65 26.549 -13.968 -2.000 27.800 -14.626 -1.414 25.632 -18.158 -1.414
3 65 26.110 -18.497 0.000 25.632 -18.158 -1.414 27.800 -14.626 -1.414
3 65 27.800 -14.626 -1.414 28.319 -14.899 0.000 26.110 -18.497 0.000
3 65 25.632 -18.158 1.414 26.110 -18.497 0.000 28.319 -14.899 0.000
3 65 28.319 -14.899 0.000 27.800 -14.626 1.414 25.632 -18.158 1.414
3 65 24.478 -17.341 2.000 25.632 -18.158 1.414 27.800 -14.626 1.414
3 65 27.800 -14.626 1.414 26.549 -13.968 2.000 24.478 -17.341 2.000
3 65 25.297 -13.309 1.414 26.549 -13.968 2.000 28.154 -10.350 2.000
3 65 28.154 -10.350 2.000 26.827 -9.863 1.414 25.297 -13.309 1.414
3 65 24.779 -13.037 0.000 25.297 -13.309 1.414 26.827 -9.863 1.414
3 65 26.827 -9.863 1.414 26.277 -9.660 0.000 24.779 -13.037 0.000
3 65 25.297 -13.309 -1.414 24.779 -13.037 0.000 26.277 -9.660 0.000
3 65 26.277 -9.660 0.000 26.827 -9.863 -1.414 25.297 -13.309 -1.414
3 65 26.549 -13.968 -2.000 25.297 -13.309 -1.414 26.827 -9.863 -1.414
3 65 26.827 -9.863 -1.414 28.154 -10.350 -2.000 26.549 -13.968 -2.000
3 65 27.800 -14.626 -1.414 26.549 -13.968 -2.000 28.154 -10.350 -2.000
3 65 28.154 -10.350 -2.000 29.482 -10.838 -1.414 27.800 -14.626 -1.414
3 65 28.319 -14.899 0.000 27.800 -14.626 -1.414 29.482 -10.838 -1.414
3 65 29.482 -10.838 -1.414 30.032 -11.040 0.000 28.319 -14.899 0.000
3 65 27.800 -14.626 1.414 28.319 -14.899 0.000 30.032 -11.040 0.000
3 65 30.032 -11.040 0.000 29.482 -10.838 1.414 27.800 -14.626 1.414
3 65 26.549 -13.968 2.000 27.800 -14.626 1.414 29.482 -10.838 1.414
3 65 29.482 -10.838 1.414 28.154 -10.350 2.000 26.549 -13.968 2.000
3 65 26.827 -9.863 1.414 28.154 -10.350 2.000 29.273 -6.554 2.000
3 65 29.273 -6.554 2.000 27.893 -6.245 1.414 26.827 -9.863 1.414
3 65 26.277 -9.660 0.000 26.827 -9.863 1.414 27.893 -6.245 1.414
3 65 27.893 -6.245 1.414 27.321 -6.117 0.000 26.277 -9.660 0.000
3 65 26.827 -9.863 -1.414 26.277 -9.660 0.000 27.321 -6.117 0.000
3 65 27.321 -6.117 0.000 27.893 -6.245 -1.414 26.827 -9.863 -1.414
3 65 28.154 -10.350 -2.000 26.827 -9.863 -1.414 27.893 -6.245 -1.414
3 65 27.893 -6.245 -1.414 29.273 -6.554 -2.000 28.154 -10.350 -2.000
3 65 29.482 -10.838 -1.414 28.154 -10.350 -2.000 29.273 -6.554 -2.000
3 65 29.273 -6.554 -2.000 30.653 -6.863 -1.414 29.482 -10.838 -1.414
3 65 30.032 -11.040 0.000 29.482 -10.838 -1.414 30.653 -6.863 -1.414
3 65 30.653 -6.863 -1.414 31.225 -6.991 0.000 30.032 -11.040 0.000
3 65 29.482 -10.838 1.414 30.032 -11.040 0.000 31.225 -6.991 0.000
3 65 31.225 -6.991 0.000 30.653 -6.863 1.414 29.482 -10.838 1.414
3 65 28.154 -10.350 2.000 29.482 -10.838 1.414 30.653 -6.863 1.414
3 65 30.653 -6.863 1.414 29.273 -6.554 2.000 28.154 -10.350 2.000
3 65 27.893 -6.245 1.414 29.273 -6.554 2.000 29.882 -2.643 2.000
3 65 29.882 -2.643 2.000 28.473 -2.518 1.414 27.893 -6.245 1.414
3 65 27.321 -6.117 0.000 27.893 -6.245 1.414 28.473 -2.518 1.414
3 65 28.473 -2.518 1.414 27.890 -2.467 0.000 27.321 -6.117 0.000
3 65 27.893 -6.245 -1.414 27.321 -6.117 0.000 27.890 -2.467 0.000
3 65 27.890 -2.467 0.000 28.473 -2.518 -1.414 27.893 -6.245 -1.414
3 65 29.273 -6.554 -2.000 27.893 -6.245 -1.414 28.473 -2.518 -1.414
3 65 28.473 -2.518 -1.414 29.882 -2.643 -2.000 29.273 -6.554 -2.000
3 65 30.653 -6.863 -1.414 29.273 -6.554 -2.000 29.882 -2.643 -2.000
3 65 29.882 -2.643 -2.000 31.291 -2.768 -1.414 30.653 -6.863 -1.414
3 65 31.225 -6.991 0.000 30.653 -6.863 -1.414 31.291 -2.768 -1.414
3 65 31.291 -2.768 -1.414 31.874 -2.820 0.000 31.225 -6.991 0.000
3 65 30.653 -6.863 1.414 31.225 -6.991 0.000 31.874 -2.820 0.000
3 65 31.874 -2.820 0.000 31.291 -2.768 1.414 30.653 -6.863 1.414
3 65 29.273 -6.554 2.000 30.653 -6.863 1.414 31.291 -2.768 1.414
3 65 31.291 -2.768 1.414 29.882 -2.643 2.000 29.273 -6.554 2.000
3 65 28.473 -2.518 1.414 29.882 -2.643 2.000 29.971 1.314 2.000
3 65 29.971 1.314 2.000 28.558 1.251 1.414 28.473 -2.518 1.414
3 65 27.890 -2.467 0.000 28.473 -2.518 1.414 28.558 1.251 1.414
3 65 28.558 1.251 1.414 27.973 1.226 0.000 27.890 -2.467 0.000
3 65 28.473 -2.518 -1.414 27.890 -2.467 0.000 27.973 1.226 0.000
3 65 27.973 1.226 0.000 28.558 1.251 -1.414 28.473 -2.518 -1.414
3 65 29.882 -2.643 -2.000 28.473 -2.518 -1.414 28.558 1.251 -1.414
3 65 28.558 1.251 -1.414 29.971 1.314 -2.000 29.882 -2.643 -2.000
3 65 31.291 -2.768 -1.414 29.882 -2.643 -2.000 29.971 1.314 -2.000
3 65 29.971 1.314 -2.000 31.383 1.376 -1.414 31.291 -2.768 -1.414
3 65 31.874 -2.820 0.000 31.291 -2.768 -1.414 31.383 1.376 -1.414
3 65 31.383 1.376 -1.414 31.969 1.401 0.000 31.874 -2.820 0.000
3 65 31.291 -2.768 1.414 31.874 -2.820 0.000 31.969 1.401 0.000
3 65 31.969 1.401 0.000 31.383 1.376 1.414 31.291 -2.768 1.414
3 65 29.882 -2.643 2.000 31.291 -2.768 1.414 31.383 1.376 1.414
3 65 31.383 1.376 1.414 29.971 1.314 2.000 29.882 -2.643 2.000
3 65 28.558 1.251 1.414 29.971 1.314 2.000 29.537 5.237 2.000
3 65 29.537 5.237 2.000 28.140 5.016 1.414 28.558 1.251 1.414
3 65 27.973 1.226 0.000 28.558 1.251 1.414 28.140 5.016 1.414
3 65 28.140 5.016 1.414 27.560 4.931 0.000 27.973 1.226 0.000
3 65 28.558 1.251 -1.414 27.973 1.226 0.000 27.560 4.931 0.000
3 65 27.560 4.931 0.000 28.137 5.031 -1.414 28.558 1.251 -1.414
3 65 29.971 1.314 -2.000 28.558 1.251 -1.414 28.137 5.031 -1.414
3 65 28.137 5.031 -1.414 29.533 5.258 -2.000 29.971 1.314 -2.000
3 65 31.383 1.376 -1.414 29.971 1.314 -2.000 29.533 5.258 -2.000
3 65 29.533 5.258 -2.000 30.930 5.478 -1.414 31.383 1.376 -1.414
3 65 31.969 1.401 0.000 31.383 1.376 -1.414 30.930 5.478 -1.414
3 65 30.930 5.478 -1.414 31.510 5.564 0.000 31.969 1.401 0.000
3 65 31.383 1.376 1.414 31.969 1.401 0.000 31.510 5.564 0.000
3 65 31.510 5.564 0.000 30.933 5.464 1.414 31.383 1.376 1.414
3 65 29.971 1.314 2.000 31.383 1.376 1.414 30.933 5.464 1.414
3 65 30.933 5.464 1.414 29.537 5.237 2.000 29.971 1.314 2.000
3 65 28.140 5.016 1.414 29.537 5.237 2.000 26.177 21.204 2.170
3 65 26.177 21.204 2.170 24.791 20.922 1.585 28.140 5.016 1.414
3 65 27.560 4.931 0.000 28.140 5.016 1.414 24.791 20.922 1.585
3 65 24.791 20.922 1.585 24.213 20.826 0.171 27.560 4.931 0.000
3 65 28.137 5.031 -1.414 27.560 4.931 0.000 24.213 20.826 0.171
3 65 24.213 20.826 0.171 24.781 20.971 -1.243 28.137 5.031 -1.414
3 65 29.533 5.258 -2.000 28.137 5.031 -1.414 24.781 20.971 -1.243
3 65 24.781 20.971 -1.243 26.162 21.273 -1.829 29.533 5.258 -2.000
3 65 30.930 5.478 -1.414 29.533 5.258 -2.000 26.162 21.273 -1.829
3 65 26.162 21.273 -1.829 27.548 21.555 -1.243 30.930 5.478 -1.414
3 65 31.510 5.564 0.000 30.930 5.478 -1.414 27.548 21.555 -1.243
3 65 27.548 21.555 -1.243 28.127 21.652 0.171 31.510 5.564 0.000
3 65 30.933 5.464 1.414 31.510 5.564 0.000 28.127 21.652 0.171
3 65 28.127 21.652 0.171 27.559 21.506 1.585 30.933 5.464 1.414
3 65 29.537 5.237 2.000 30.933 5.464 1.414 27.559 21.506 1.585
3 65 27.559 21.506 1.585 26.177 21.204 2.170 29.537 5.237 2.000
3 65 24.791 20.922 1.585 26.177 21.204 2.170 20.441 48.306 2.850
3 65 20.441 48.306 2.850 19.054 48.027 2.264 24.791 20.922 1.585
3 65 24.213 20.826 0.171 24.791 20.922 1.585 19.054 48.027 2.264
3 65 19.054 48.027 2.264 18.474 47.940 0.851 24.213 20.826 0.171
3 65 24.781 20.971 -1.243 24.213 20.826 0.171 18.474 47.940 0.851
3 65 18.474 47.940 0.851 19.039 48.096 -0.563 24.781 20.971 -1.243
3 65 26.162 21.273 -1.829 24.781 20.971 -1.243 19.039 48.096 -0.563
3 65 19.039 48.096 -0.563 20.420 48.403 -1.149 26.162 21.273 -1.829
3 65 27.548 21.555 -1.243 26.162 21.273 -1.829 20.420 48.403 -1.149
3 65 20.420 48.403 -1.149 21.807 48.681 -0.563 27.548 21.555 -1.243
3 65 28.127 21.652 0.171 27.548 21.555 -1.243 21.807 48.681 -0.563
3 65 21.807 48.681 -0.563 22.387 48.768 0.851 28.127 21.652 0.171
3 65 27.559 21.506 1.585 28.127 21.652 0.171 22.387 48.768 0.851
3 65 22.387 48.768 0.851 21.821 48.613 2.264 27.559 21.506 1.585
3 65 26.177 21.204 2.170 27.559 21.506 1.585 21.821 48.613 2.264
3 65 21.821 48.613 2.264 20.441 48.306 2.850 26.177 21.204 2.170
3 65 19.054 48.027 2.264 20.441 48.306 2.850 12.239 87.054 3.848
3 65 12.239 87.054 3.848 10.853 86.771 3.263 19.054 48.027 2.264
3 65 18.474 47.940 0.851 19.054 48.027 2.264 10.853 86.771 3.263
3 65 10.853 86.771 3.263 10.275 86.676 1.849 18.474 47.940 0.851
3 65 19.039 48.096 -0.563 18.474 47.940 0.851 10.275 86.676 1.849
3 65 10.275 86.676 1.849 10.842 86.823 0.435 19.039 48.096 -0.563
3 65 20.420 48.403 -1.149 19.039 48.096 -0.563 10.842 86.823 0.435
3 65 10.842 86.823 0.435 12.224 87.127 -0.151 20.420 48.403 -1.149
3 65 21.807 48.681 -0.563 20.420 48.403 -1.149 12.224 87.127 -0.151
3 65 12.224 87.127 -0.151 13.609 87.409 0.435 21.807 48.681 -0.563
3 65 22.387 48.768 0.851 21.807 48.681 -0.563 13.609 87.409 0.435
3 65 13.609 87.409 0.435 14.188 87.504 1.849 22.387 48.768 0.851
3 65 21.821 48.613 2.264 22.387 48.768 0.851 14.188 87.504 1.849
3 65 14.188 87.504 1.849 13.620 87.357 3.263 21.821 48.613 2.264
3 65 20.441 48.306 2.850 21.821 48.613 2.264 13.620 87.357 3.263
3 65 13.620 87.357 3.263 12.239 87.054 3.848 20.441 48.306 2.850
3 65 10.853 86.771 3.263 12.239 87.054 3.848 9.774 98.701 3.993
3 65 9.774 98.701 3.993 8.395 98.386 3.407 10.853 86.771 3.263
3 65 10.275 86.676 1.849 10.853 86.771 3.263 8.395 98.386 3.407
3 65 8.395 98.386 3.407 7.823 98.264 1.992 10.275 86.676 1.849
3 65 10.842 86.823 0.435 10.275 86.676 1.849 7.823 98.264 1.992
3 65 7.823 98.264 1.992 8.391 98.405 0.578 10.842 86.823 0.435
3 65 12.224 87.127 -0.151 10.842 86.823 0.435 8.391 98.405 0.578
3 65 8.391 98.405 0.578 9.768 98.727 -0.007 12.224 87.127 -0.151
3 65 13.609 87.409 0.435 12.224 87.127 -0.151 9.768 98.727 -0.007
3 65 9.768 98.727 -0.007 11.147 99.041 0.578 13.609 87.409 0.435
3 65 14.188 87.504 1.849 13.609 87.409 0.435 11.147 99.041 0.578
3 65 11.147 99.041 0.578 11.720 99.164 1.993 14.188 87.504 1.849
3 65 13.620 87.357 3.263 14.188 87.504 1.849 11.720 99.164 1.993
3 65 11.720 99.164 1.993 11.151 99.023 3.407 13.620 87.357 3.263
3 65 12.239 87.054 3.848 13.620 87.357 3.263 11.151 99.023 3.407
3 65 11.151 99.023 3.407 9.774 98.701 3.993 12.239 87.054 3.848
3 65 8.395 98.386 3.407 9.774 98.701 3.993 8.810 102.549 3.998
3 65 8.810 102.549 3.998 7.524 101.961 3.412 8.395 98.386 3.407
3 65 7.823 98.264 1.992 8.395 98.386 3.407 7.524 101.961 3.412
3 65 7.524 101.961 3.412 6.991 101.719 1.998 7.823 98.264 1.992
3 65 8.391 98.405 0.578 7.823 98.264 1.992 6.991 101.719 1.998
3 65 6.991 101.719 1.998 7.523 101.963 0.584 8.391 98.405 0.578
3 65 9.768 98.727 -0.007 8.391 98.405 0.578 7.523 101.963 0.584
3 65 7.523 101.963 0.584 8.810 102.551 -0.002 9.768 98.727 -0.007
3 65 11.147 99.041 0.578 9.768 98.727 -0.007 8.810 102.551 -0.002
3 65 8.810 102.551 -0.002 10.096 103.139 0.584 11.147 99.041 0.578
3 65 11.720 99.164 1.993 11.147 99.041 0.578 10.096 103.139 0.584
3 65 10.096 103.139 0.584 10.629 103.381 1.998 11.720 99.164 1.993
3 65 11.151 99.023 3.407 11.720 99.164 1.993 10.629 103.381 1.998
3 65 10.629 103.381 1.998 10.097 103.137 3.412 11.151 99.023 3.407
3 65 9.774 98.701 3.993 11.151 99.023 3.407 10.097 103.137 3.412
3 65 10.097 103.137 3.412 8.810 102.549 3.998 9.774 98.701 3.993
3 65 7.524 101.961 3.412 8.810 102.549 3.998 6.269 106.172 3.998
3 65 6.269 106.172 3.998 5.322 105.122 3.412 7.524 101.961 3.412
3 65 6.991 101.719 1.998 7.524 101.961 3.412 5.322 105.122 3.412
3 65 5.322 105.122 3.412 4.930 104.687 1.998 6.991 101.719 1.998
3 65 7.523 101.963 0.584 6.991 101.719 1.998 4.930 104.687 1.998
3 65 4.930 104.687 1.998 5.322 105.122 0.584 7.523 101.963 0.584
3 65 8.810 102.551 -0.002 7.523 101.963 0.584 5.322 105.122 0.584
3 65 5.322 105.122 0.584 6.269 106.172 -0.002 8.810 102.551 -0.002
3 65 10.096 103.139 0.584 8.810 102.551 -0.002 6.269 106.172 -0.002
3 65 6.269 106.172 -0.002 7.215 107.223 0.584 10.096 103.139 0.584
3 65 10.629 103.381 1.998 10.096 103.139 0.584 7.215 107.223 0.584
3 65 7.215 107.223 0.584 7.608 107.658 1.998 10.629 103.381 1.998
3 65 10.097 103.137 3.412 10.629 103.381 1.998 7.608 107.658 1.998
3 65 7.608 107.658 1.998 7.215 107.223 3.412 10.097 103.137 3.412
3 65 8.810 102.549 3.998 10.097 103.137 3.412 7.215 107.223 3.412
3 65 7.215 107.223 3.412 6.269 106.172 3.998 8.810 102.549 3.998
3 65 5.322 105.122 3.412 6.269 106.172 3.998 2.824 108.090 3.998
3 65 2.824 108.090 3.998 2.406 106.739 3.412 5.322 105.122 3.412
3 65 4.930 104.687 1.998 5.322 105.122 3.412 2.406 106.739 3.412
3 65 2.406 106.739 3.412 2.233 106.180 1.998 4.930 104.687 1.998
3 65 5.322 105.122 0.584 4.930 104.687 1.998 2.233 106.180 1.998
3 65 2.233 106.180 1.998 2.406 106.739 0.584 5.322 105.122 0.584
3 65 6.269 106.172 -0.002 5.322 105.122 0.584 2.406 106.739 0.584
3 65 2.406 106.739 0.584 2.824 108.090 -0.002 6.269 106.172 -0.002
3 65 7.215 107.223 0.584 6.269 106.172 -0.002 2.824 108.090 -0.002
3 65 2.824 108.090 -0.002 3.243 109.441 0.584 7.215 107.223 0.584
3 65 7.608 107.658 1.998 7.215 107.223 0.584 3.243 109.441 0.584
3 65 3.243 109.441 0.584 3.416 110.001 1.998 7.608 107.658 1.998
3 65 7.215 107.223 3.412 7.608 107.658 1.998 3.416 110.001 1.998
3 65 3.416 110.001 1.998 3.243 109.441 3.412 7.215 107.223 3.412
3 65 6.269 106.172 3.998 7.215 107.223 3.412 3.243 109.441 3.412
3 65 3.243 109.441 3.412 2.824 108.090 3.998 6.269 106.172 3.998
3 65 2.406 106.739 3.412 2.824 108.090 3.998 -1.100 108.455 3.998
3 65 -1.100 108.455 3.998 -0.936 107.050 3.412 2.406 106.739 3.412
3 65 2.233 106.180 1.998 2.406 106.739 3.412 -0.936 107.050 3.412
3 65 -0.936 107.050 3.412 -0.868 106.468 1.998 2.233 106.180 1.998
3 65 2.406 106.739 0.584 2.233 106.180 1.998 -0.868 106.468 1.998
3 65 -0.868 106.468 1.998 -0.936 107.050 0.584 2.406 106.739 0.584
3 65 2.824 108.090 -0.002 2.406 106.739 0.584 -0.936 107.050 0.584
3 65 -0.936 107.050 0.584 -1.100 108.455 -0.002 2.824 108.090 -0.002
3 65 3.243 109.441 0.584 2.824 108.090 -0.002 -1.100 108.455 -0.002
3 65 -1.100 108.455 -0.002 -1.264 109.859 0.584 3.243 109.441 0.584
3 65 3.416 110.001 1.998 3.243 109.441 0.584 -1.264 109.859 0.584
3 65 -1.264 109.859 0.584 -1.332 110.441 1.998 3.416 110.001 1.998
3 65 3.243 109.441 3.412 3.416 110.001 1.998 -1.332 110.441 1.998
3 65 -1.332 110.441 1.998 -1.264 109.859 3.412 3.243 109.441 3.412
3 65 2.824 108.090 3.998 3.243 109.441 3.412 -1.264 109.859 3.412
3 65 -1.264 109.859 3.412 -1.100 108.455 3.998 2.824 108.090 3.998
3 65 -0.936 107.050 3.412 -1.100 108.455 3.998 -4.834 107.197 3.998
3 65 -4.834 107.197 3.998 -4.115 105.979 3.412 -0.936 107.050 3.412
3 65 -0.868 106.468 1.998 -0.936 107.050 3.412 -4.115 105.979 3.412
3 65 -4.115 105.979 3.412 -3.817 105.475 1.998 -0.868 106.468 1.998
3 65 -0.936 107.050 0.584 -0.868 106.468 1.998 -3.817 105.475 1.998
3 65 -3.817 105.475 1.998 -4.115 105.979 0.584 -0.936 107.050 0.584
3 65 -1.100 108.455 -0.002 -0.936 107.050 0.584 -4.115 105.979 0.584
3 65 -4.115 105.979 0.584 -4.834 107.197 -0.002 -1.100 108.455 -0.002
3 65 -1.264 109.859 0.584 -1.100 108.455 -0.002 -4.834 107.197 -0.002
3 65 -4.834 107.197 -0.002 -5.553 108.415 0.584 -1.264 109.859 0.584
3 65 -1.332 110.441 1.998 -1.264 109.859 0.584 -5.553 108.415 0.584
3 65 -5.553 108.415 0.584 -5.851 108.919 1.998 -1.332 110.441 1.998
3 65 -1.264 109.859 3.412 -1.332 110.441 1.998 -5.851 108.919 1.998
3 65 -5.851 108.919 1.998 -5.553 108.415 3.412 -1.264 109.859 3.412
3 65 -1.100 108.455 3.998 -1.264 109.859 3.412 -5.553 108.415 3.412
3 65 -5.553 108.415 3.412 -4.834 107.197 3.998 -1.100 108.455 3.998
3 65 -4.115 105.979 3.412 -4.834 107.197 3.998 -7.738 104.535 3.998
3 65 -7.738 104.535 3.998 -6.588 103.713 3.412 -4.115 105.979 3.412
3 65 -3.817 105.475 1.998 -4.115 105.979 3.412 -6.588 103.713 3.412
3 65 -6.588 103.713 3.412 -6.111 103.372 1.998 -3.817 105.475 1.998
3 65 -4.115 105.979 0.584 -3.817 105.475 1.998 -6.111 103.372 1.998
3 65 -6.111 103.372 1.998 -6.588 103.713 0.584 -4.115 105.979 0.584
3 65 -4.834 107.197 -0.002 -4.115 105.979 0.584 -6.588 103.713 0.584
3 65 -6.588 103.713 0.584 -7.738 104.535 -0.002 -4.834 107.197 -0.002
3 65 -5.553 108.415 0.584 -4.834 107.197 -0.002 -7.738 104.535 -0.002
3 65 -7.738 104.535 -0.002 -8.889 105.357 0.584 -5.553 108.415 0.584
3 65 -5.851 108.919 1.998 -5.553 108.415 0.584 -8.889 105.357 0.584
3 65 -8.889 105.357 0.584 -9.366 105.698 1.998 -5.851 108.919 1.998
3 65 -5.553 108.415 3.412 -5.851 108.919 1.998 -9.366 105.698 1.998
3 65 -9.366 105.698 1.998 -8.889 105.357 3.412 -5.553 108.415 3.412
3 65 -4.834 107.197 3.998 -5.553 108.415 3.412 -8.889 105.357 3.412
3 65 -8.889 105.357 3.412 -7.738 104.535 3.998 -4.834 107.197 3.998
3 65 -6.588 103.713 3.412 -7.738 104.535 3.998 -9.319 100.913 3.998
3 65 -9.319 100.913 3.998 -7.971 100.486 3.412 -6.588 103.713 3.412
3 65 -6.111 103.372 1.998 -6.588 103.713 3.412 -7.971 100.486 3.412
3 65 -7.971 100.486 3.412 -7.410 100.316 1.997 -6.111 103.372 1.998
3 65 -6.588 103.713 0.584 -6.111 103.372 1.998 -7.410 100.316 1.997
3 65 -7.410 100.316 1.997 -7.966 100.504 0.583 -6.588 103.713 0.584
3 65 -7.738 104.535 -0.002 -6.588 103.713 0.584 -7.966 100.504 0.583
3 65 -7.966 100.504 0.583 -9.312 100.939 -0.002 -7.738 104.535 -0.002
3 65 -8.889 105.357 0.584 -7.738 104.535 -0.002 -9.312 100.939 -0.002
3 65 -9.312 100.939 -0.002 -10.660 101.367 0.584 -8.889 105.357 0.584
3 65 -9.366 105.698 1.998 -8.889 105.357 0.584 -10.660 101.367 0.584
3 65 -10.660 101.367 0.584 -11.220 101.536 1.999 -9.366 105.698 1.998
3 65 -8.889 105.357 3.412 -9.366 105.698 1.998 -11.220 101.536 1.999
3 65 -11.220 101.536 1.999 -10.664 101.349 3.413 -8.889 105.357 3.412
3 65 -7.738 104.535 3.998 -8.889 105.357 3.412 -10.664 101.349 3.413
3 65 -10.664 101.349 3.413 -9.319 100.913 3.998 -7.738 104.535 3.998
3 65 -7.971 100.486 3.412 -9.319 100.913 3.998 -13.411 81.514 3.736
3 65 -13.411 81.514 3.736 -12.025 81.232 3.151 -7.971 100.486 3.412
3 65 -7.410 100.316 1.997 -7.971 100.486 3.412 -12.025 81.232 3.151
3 65 -12.025 81.232 3.151 -11.446 81.137 1.737 -7.410 100.316 1.997
3 65 -7.966 100.504 0.583 -7.410 100.316 1.997 -11.446 81.137 1.737
3 65 -11.446 81.137 1.737 -12.014 81.285 0.323 -7.966 100.504 0.583
3 65 -9.312 100.939 -0.002 -7.966 100.504 0.583 -12.014 81.285 0.323
3 65 -12.014 81.285 0.323 -13.395 81.588 -0.263 -9.312 100.939 -0.002
3 65 -10.660 101.367 0.584 -9.312 100.939 -0.002 -13.395 81.588 -0.263
3 65 -13.395 81.588 -0.263 -14.781 81.869 0.323 -10.660 101.367 0.584
3 65 -11.220 101.536 1.999 -10.660 101.367 0.584 -14.781 81.869 0.323
3 65 -14.781 81.869 0.323 -15.360 81.965 1.737 -11.220 101.536 1.999
3 65 -10.664 101.349 3.413 -11.220 101.536 1.999 -15.360 81.965 1.737
3 65 -15.360 81.965 1.737 -14.792 81.817 3.151 -10.664 101.349 3.413
3 65 -9.319 100.913 3.998 -10.664 101.349 3.413 -14.792 81.817 3.151
3 65 -14.792 81.817 3.151 -13.411 81.514 3.736 -9.319 100.913 3.998
3 65 -12.025 81.232 3.151 -13.411 81.514 3.736 -16.693 66.006 3.348
3 65 -16.693 66.006 3.348 -15.307 65.728 2.762 -12.025 81.232 3.151
3 65 -11.446 81.137 1.737 -12.025 81.232 3.151 -15.307 65.728 2.762
3 65 -15.307 65.728 2.762 -14.726 65.642 1.349 -11.446 81.137 1.737
3 65 -12.014 81.285 0.323 -11.446 81.137 1.737 -14.726 65.642 1.349
3 65 -14.726 65.642 1.349 -15.292 65.799 -0.065 -12.014 81.285 0.323
3 65 -13.395 81.588 -0.263 -12.014 81.285 0.323 -15.292 65.799 -0.065
3 65 -15.292 65.799 -0.065 -16.672 66.106 -0.651 -13.395 81.588 -0.263
3 65 -14.781 81.869 0.323 -13.395 81.588 -0.263 -16.672 66.106 -0.651
3 65 -16.672 66.106 -0.651 -18.059 66.384 -0.065 -14.781 81.869 0.323
3 65 -15.360 81.965 1.737 -14.781 81.869 0.323 -18.059 66.384 -0.065
3 65 -18.059 66.384 -0.065 -18.640 66.470 1.349 -15.360 81.965 1.737
3 65 -14.792 81.817 3.151 -15.360 81.965 1.737 -18.640 66.470 1.349
3 65 -18.640 66.470 1.349 -18.074 66.314 2.762 -14.792 81.817 3.151
3 65 -13.411 81.514 3.736 -14.792 81.817 3.151 -18.074 66.314 2.762
3 65 -18.074 66.314 2.762 -16.693 66.006 3.348 -13.411 81.514 3.736
3 65 -15.307 65.728 2.762 -16.693 66.006 3.348 -24.891 27.281 2.299
3 65 -24.891 27.281 2.299 -23.504 27.000 1.713 -15.307 65.728 2.762
3 65 -14.726 65.642 1.349 -15.307 65.728 2.762 -23.504 27.000 1.713
3 65 -23.504 27.000 1.713 -22.925 26.908 0.299 -14.726 65.642 1.349
3 65 -15.292 65.799 -0.065 -14.726 65.642 1.349 -22.925 26.908 0.299
3 65 -22.925 26.908 0.299 -23.492 27.057 -1.115 -15.292 65.799 -0.065
3 65 -16.672 66.106 -0.651 -15.292 65.799 -0.065 -23.492 27.057 -1.115
3 65 -23.492 27.057 -1.115 -24.874 27.362 -1.700 -16.672 66.106 -0.651
3 65 -18.059 66.384 -0.065 -16.672 66.106 -0.651 -24.874 27.362 -1.700
3 65 -24.874 27.362 -1.700 -26.260 27.643 -1.115 -18.059 66.384 -0.065
3 65 -18.640 66.470 1.349 -18.059 66.384 -0.065 -26.260 27.643 -1.115
3 65 -26.260 27.643 -1.115 -26.839 27.736 0.299 -18.640 66.470 1.349
3 65 -18.074 66.314 2.762 -18.640 66.470 1.349 -26.839 27.736 0.299
3 65 -26.839 27.736 0.299 -26.272 27.586 1.713 -18.074 66.314 2.762
3 65 -16.693 66.006 3.348 -18.074 66.314 2.762 -26.272 27.586 1.713
3 65 -26.272 27.586 1.713 -24.891 27.281 2.299 -16.693 66.006 3.348
3 65 -23.504 27.000 1.713 -24.891 27.281 2.299 -29.089 7.446 2.001
3 65 -29.089 7.446 2.001 -27.700 7.178 1.416 -23.504 27.000 1.713
3 65 -22.925 26.908 0.299 -23.504 27.000 1.713 -27.700 7.178 1.416
3 65 -27.700 7.178 1.416 -27.123 7.075 0.001 -22.925 26.908 0.299
3 65 -23.492 27.057 -1.115 -22.925 26.908 0.299 -27.123 7.075 0.001
3 65 -27.123 7.075 0.001 -27.696 7.199 -1.413 -23.492 27.057 -1.115
3 65 -24.874 27.362 -1.700 -23.492 27.057 -1.115 -27.696 7.199 -1.413
3 65 -27.696 7.199 -1.413 -29.083 7.475 -1.999 -24.874 27.362 -1.700
3 65 -26.260 27.643 -1.115 -24.874 27.362 -1.700 -29.083 7.475 -1.999
3 65 -29.083 7.475 -1.999 -30.471 7.743 -1.413 -26.260 27.643 -1.115
3 65 -26.839 27.736 0.299 -26.260 27.643 -1.115 -30.471 7.743 -1.413
3 65 -30.471 7.743 -1.413 -31.048 7.846 0.001 -26.839 27.736 0.299
3 65 -26.272 27.586 1.713 -26.839 27.736 0.299 -31.048 7.846 0.001
3 65 -31.048 7.846 0.001 -30.475 7.723 1.415 -26.272 27.586 1.713
3 65 -24.891 27.281 2.299 -26.272 27.586 1.713 -30.475 7.723 1.415
3 65 -30.475 7.723 1.415 -29.089 7.446 2.001 -24.891 27.281 2.299
3 65 -27.700 7.178 1.416 -29.089 7.446 2.001 -29.791 3.564 2.000
3 65 -29.791 3.564 2.000 -28.387 3.397 1.414 -27.700 7.178 1.416
3 65 -27.123 7.075 0.001 -27.700 7.178 1.416 -28.387 3.397 1.414
3 65 -28.387 3.397 1.414 -27.805 3.328 0.000 -27.123 7.075 0.001
3 65 -27.696 7.199 -1.413 -27.123 7.075 0.001 -27.805 3.328 0.000
3 65 -27.805 3.328 0.000 -28.387 3.397 -1.414 -27.696 7.199 -1.413
3 65 -29.083 7.475 -1.999 -27.696 7.199 -1.413 -28.387 3.397 -1.414
3 65 -28.387 3.397 -1.414 -29.791 3.565 -2.000 -29.083 7.475 -1.999
3 65 -30.471 7.743 -1.413 -29.083 7.475 -1.999 -29.791 3.565 -2.000
3 65 -29.791 3.565 -2.000 -31.195 3.733 -1.414 -30.471 7.743 -1.413
3 65 -31.048 7.846 0.001 -30.471 7.743 -1.413 -31.195 3.733 -1.414
3 65 -31.195 3.733 -1.414 -31.777 3.802 0.000 -31.048 7.846 0.001
3 65 -30.475 7.723 1.415 -31.048 7.846 0.001 -31.777 3.802 0.000
3 65 -31.777 3.802 0.000 -31.195 3.732 1.414 -30.475 7.723 1.415
3 65 -29.089 7.446 2.001 -30.475 7.723 1.415 -31.195 3.732 1.414
3 65 -31.195 3.732 1.414 -29.791 3.564 2.000 -29.089 7.446 2.001
3 65 -28.387 3.397 1.414 -29.791 3.564 2.000 -30.000 0.000 2.000
3 65 -30.000 0.000 2.000 -28.586 0.000 1.414 -28.387 3.397 1.414
3 65 -27.805 3.328 0.000 -28.387 3.397 1.414 -28.586 0.000 1.414
3 65 -28.586 0.000 1.414 -28.000 0.000 0.000 -27.805 3.328 0.000
3 65 -28.387 3.397 -1.414 -27.805 3.328 0.000 -28.000 0.000 0.000
3 65 -28.000 0.000 0.000 -28.586 0.000 -1.414 -28.387 3.397 -1.414
3 65 -29.791 3.565 -2.000 -28.387 3.397 -1.414 -28.586 0.000 -1.414
3 65 -28.586 0.000 -1.414 -30.000 0.000 -2.000 -29.791 3.565 -2.000
3 65 -31.195 3.733 -1.414 -29.791 3.565 -2.000 -30.000 0.000 -2.000
3 65 -30.000 0.000 -2.000 -31.414 0.000 -1.414 -31.195 3.733 -1.414
3 65 -31.777 3.802 0.000 -31.195 3.733 -1.414 -31.414 0.000 -1.414
3 65 -31.414 0.000 -1.414 -32.000 0.000 0.000 -31.777 3.802 0.000
3 65 -31.195 3.732 1.414 -31.777 3.802 0.000 -32.000 0.000 0.000
3 65 -32.000 0.000 0.000 -31.414 0.000 1.414 -31.195 3.732 1.414
3 65 -29.791 3.564 2.000 -31.195 3.732 1.414 -31.414 0.000 1.414
3 65 -31.414 0.000 1.414 -30.000 0.000 2.000 -29.791 3.564 2.000
