0 FILE XPJ0116.DAT.dat
0 XPJ0116
0 Name:  UntitledModel
0 Author:  
0 BL_Item_No XPJ0116.DAT
0 BFC CERTIFY CCW
3 65 -7.586 0.000 1.414 -9.000 0.000 2.000 -7.932 -4.308 2.000
3 65 -7.932 -4.308 2.000 -6.678 -3.654 1.414 -7.586 0.000 1.414
3 65 -7.000 0.000 0.000 -7.586 0.000 1.414 -6.678 -3.654 1.414
3 65 -6.678 -3.654 1.414 -6.159 -3.383 0.000 -7.000 0.000 0.000
3 65 -7.586 0.000 -1.414 -7.000 0.000 0.000 -6.159 -3.383 0.000
3 65 -6.159 -3.383 0.000 -6.678 -3.654 -1.414 -7.586 0.000 -1.414
3 65 -9.000 0.000 -2.000 -7.586 0.000 -1.414 -6.678 -3.654 -1.414
3 65 -6.678 -3.654 -1.414 -7.932 -4.308 -2.000 -9.000 0.000 -2.000
3 65 -10.414 0.000 -1.414 -9.000 0.000 -2.000 -7.932 -4.308 -2.000
3 65 -7.932 -4.308 -2.000 -9.185 -4.963 -1.414 -10.414 0.000 -1.414
3 65 -11.000 0.000 0.000 -10.414 0.000 -1.414 -9.185 -4.963 -1.414
3 65 -9.185 -4.963 -1.414 -9.705 -5.234 0.000 -11.000 0.000 0.000
3 65 -10.414 0.000 1.414 -11.000 0.000 0.000 -9.705 -5.234 0.000
3 65 -9.705 -5.234 0.000 -9.185 -4.963 1.414 -10.414 0.000 1.414
3 65 -9.000 0.000 2.000 -10.414 0.000 1.414 -9.185 -4.963 1.414
3 65 -9.185 -4.963 1.414 -7.932 -4.308 2.000 -9.000 0.000 2.000
3 65 -6.678 -3.654 1.414 -7.932 -4.308 2.000 -5.323 -7.286 2.000
3 65 -5.323 -7.286 2.000 -4.490 -6.144 1.414 -6.678 -3.654 1.414
3 65 -6.159 -3.383 0.000 -6.678 -3.654 1.414 -4.490 -6.144 1.414
3 65 -4.490 -6.144 1.414 -4.145 -5.670 0.000 -6.159 -3.383 0.000
3 65 -6.678 -3.654 -1.414 -6.159 -3.383 0.000 -4.145 -5.670 0.000
3 65 -4.145 -5.670 0.000 -4.490 -6.144 -1.414 -6.678 -3.654 -1.414
3 65 -7.932 -4.308 -2.000 -6.678 -3.654 -1.414 -4.490 -6.144 -1.414
3 65 -4.490 -6.144 -1.414 -5.323 -7.286 -2.000 -7.932 -4.308 -2.000
3 65 -9.185 -4.963 -1.414 -7.932 -4.308 -2.000 -5.323 -7.286 -2.000
3 65 -5.323 -7.286 -2.000 -6.157 -8.429 -1.414 -9.185 -4.963 -1.414
3 65 -9.705 -5.234 0.000 -9.185 -4.963 -1.414 -6.157 -8.429 -1.414
3 65 -6.157 -8.429 -1.414 -6.502 -8.902 0.000 -9.705 -5.234 0.000
3 65 -9.185 -4.963 1.414 -9.705 -5.234 0.000 -6.502 -8.902 0.000
3 65 -6.502 -8.902 0.000 -6.157 -8.429 1.414 -9.185 -4.963 1.414
3 65 -7.932 -4.308 2.000 -9.185 -4.963 1.414 -6.157 -8.429 1.414
3 65 -6.157 -8.429 1.414 -5.323 -7.286 2.000 -7.932 -4.308 2.000
3 65 -4.490 -6.144 1.414 -5.323 -7.286 2.000 -1.694 -8.859 2.000
3 65 -1.694 -8.859 2.000 -1.381 -7.480 1.414 -4.490 -6.144 1.414
3 65 -4.145 -5.670 0.000 -4.490 -6.144 1.414 -1.381 -7.480 1.414
3 65 -1.381 -7.480 1.414 -1.250 -6.909 0.000 -4.145 -5.670 0.000
3 65 -4.490 -6.144 -1.414 -4.145 -5.670 0.000 -1.250 -6.909 0.000
3 65 -1.250 -6.909 0.000 -1.379 -7.481 -1.414 -4.490 -6.144 -1.414
3 65 -5.323 -7.286 -2.000 -4.490 -6.144 -1.414 -1.379 -7.481 -1.414
3 65 -1.379 -7.481 -1.414 -1.691 -8.860 -2.000 -5.323 -7.286 -2.000
3 65 -6.157 -8.429 -1.414 -5.323 -7.286 -2.000 -1.691 -8.860 -2.000
3 65 -1.691 -8.860 -2.000 -2.005 -10.239 -1.414 -6.157 -8.429 -1.414
3 65 -6.502 -8.902 0.000 -6.157 -8.429 -1.414 -2.005 -10.239 -1.414
3 65 -2.005 -10.239 -1.414 -2.135 -10.810 0.000 -6.502 -8.902 0.000
3 65 -6.157 -8.429 1.414 -6.502 -8.902 0.000 -2.135 -10.810 0.000
3 65 -2.135 -10.810 0.000 -2.006 -10.239 1.414 -6.157 -8.429 1.414
3 65 -5.323 -7.286 2.000 -6.157 -8.429 1.414 -2.006 -10.239 1.414
3 65 -2.006 -10.239 1.414 -1.694 -8.859 2.000 -5.323 -7.286 2.000
3 65 -1.381 -7.480 1.414 -1.694 -8.859 2.000 2.269 -9.007 2.005
3 65 2.269 -9.007 2.005 2.301 -7.593 1.419 -1.381 -7.480 1.414
3 65 -1.250 -6.909 0.000 -1.381 -7.480 1.414 2.301 -7.593 1.419
3 65 2.301 -7.593 1.419 2.321 -7.008 0.005 -1.250 -6.909 0.000
3 65 -1.379 -7.481 -1.414 -1.250 -6.909 0.000 2.321 -7.008 0.005
3 65 2.321 -7.008 0.005 2.318 -7.593 -1.409 -1.379 -7.481 -1.414
3 65 -1.691 -8.860 -2.000 -1.379 -7.481 -1.414 2.318 -7.593 -1.409
3 65 2.318 -7.593 -1.409 2.293 -9.007 -1.995 -1.691 -8.860 -2.000
3 65 -2.005 -10.239 -1.414 -1.691 -8.860 -2.000 2.293 -9.007 -1.995
3 65 2.293 -9.007 -1.995 2.261 -10.421 -1.409 -2.005 -10.239 -1.414
3 65 -2.135 -10.810 0.000 -2.005 -10.239 -1.414 2.261 -10.421 -1.409
3 65 2.261 -10.421 -1.409 2.241 -11.007 0.005 -2.135 -10.810 0.000
3 65 -2.006 -10.239 1.414 -2.135 -10.810 0.000 2.241 -11.007 0.005
3 65 2.241 -11.007 0.005 2.244 -10.421 1.419 -2.006 -10.239 1.414
3 65 -1.694 -8.859 2.000 -2.006 -10.239 1.414 2.244 -10.421 1.419
3 65 2.244 -10.421 1.419 2.269 -9.007 2.005 -1.694 -8.859 2.000
3 65 2.301 -7.593 1.419 2.269 -9.007 2.005 42.039 -9.131 2.449
3 65 42.039 -9.131 2.449 42.051 -7.717 1.863 2.301 -7.593 1.419
3 65 2.321 -7.008 0.005 2.301 -7.593 1.419 42.051 -7.717 1.863
3 65 42.051 -7.717 1.863 42.071 -7.132 0.449 2.321 -7.008 0.005
3 65 2.318 -7.593 -1.409 2.321 -7.008 0.005 42.071 -7.132 0.449
3 65 42.071 -7.132 0.449 42.088 -7.717 -0.965 2.318 -7.593 -1.409
3 65 2.293 -9.007 -1.995 2.318 -7.593 -1.409 42.088 -7.717 -0.965
3 65 42.088 -7.717 -0.965 42.091 -9.132 -1.551 2.293 -9.007 -1.995
3 65 2.261 -10.421 -1.409 2.293 -9.007 -1.995 42.091 -9.132 -1.551
3 65 42.091 -9.132 -1.551 42.079 -10.546 -0.965 2.261 -10.421 -1.409
3 65 2.241 -11.007 0.005 2.261 -10.421 -1.409 42.079 -10.546 -0.965
3 65 42.079 -10.546 -0.965 42.059 -11.131 0.449 2.241 -11.007 0.005
3 65 2.244 -10.421 1.419 2.241 -11.007 0.005 42.059 -11.131 0.449
3 65 42.059 -11.131 0.449 42.042 -10.546 1.863 2.244 -10.421 1.419
3 65 2.269 -9.007 2.005 2.244 -10.421 1.419 42.042 -10.546 1.863
3 65 42.042 -10.546 1.863 42.039 -9.131 2.449 2.269 -9.007 2.005
3 65 42.051 -7.717 1.863 42.039 -9.131 2.449 81.818 -9.256 3.027
3 65 81.818 -9.256 3.027 81.831 -7.842 2.442 42.051 -7.717 1.863
3 65 42.071 -7.132 0.449 42.051 -7.717 1.863 81.831 -7.842 2.442
3 65 81.831 -7.842 2.442 81.854 -7.256 1.028 42.071 -7.132 0.449
3 65 42.088 -7.717 -0.965 42.071 -7.132 0.449 81.854 -7.256 1.028
3 65 81.854 -7.256 1.028 81.872 -7.842 -0.386 42.088 -7.717 -0.965
3 65 42.091 -9.132 -1.551 42.088 -7.717 -0.965 81.872 -7.842 -0.386
3 65 81.872 -7.842 -0.386 81.876 -9.256 -0.972 42.091 -9.132 -1.551
3 65 42.079 -10.546 -0.965 42.091 -9.132 -1.551 81.876 -9.256 -0.972
3 65 81.876 -9.256 -0.972 81.864 -10.670 -0.386 42.079 -10.546 -0.965
3 65 42.059 -11.131 0.449 42.079 -10.546 -0.965 81.864 -10.670 -0.386
3 65 81.864 -10.670 -0.386 81.841 -11.256 1.028 42.059 -11.131 0.449
3 65 42.042 -10.546 1.863 42.059 -11.131 0.449 81.841 -11.256 1.028
3 65 81.841 -11.256 1.028 81.823 -10.670 2.442 42.042 -10.546 1.863
3 65 42.039 -9.131 2.449 42.042 -10.546 1.863 81.823 -10.670 2.442
3 65 81.823 -10.670 2.442 81.818 -9.256 3.027 42.039 -9.131 2.449
3 65 81.831 -7.842 2.442 81.818 -9.256 3.027 121.605 -9.380 3.602
3 65 121.605 -9.380 3.602 121.616 -7.966 3.017 81.831 -7.842 2.442
3 65 81.854 -7.256 1.028 81.831 -7.842 2.442 121.616 -7.966 3.017
3 65 121.616 -7.966 3.017 121.636 -7.380 1.602 81.854 -7.256 1.028
3 65 81.872 -7.842 -0.386 81.854 -7.256 1.028 121.636 -7.380 1.602
3 65 121.636 -7.380 1.602 121.652 -7.966 0.188 81.872 -7.842 -0.386
3 65 81.876 -9.256 -0.972 81.872 -7.842 -0.386 121.652 -7.966 0.188
3 65 121.652 -7.966 0.188 121.655 -9.380 -0.397 81.876 -9.256 -0.972
3 65 81.864 -10.670 -0.386 81.876 -9.256 -0.972 121.655 -9.380 -0.397
3 65 121.655 -9.380 -0.397 121.643 -10.794 0.188 81.864 -10.670 -0.386
3 65 81.841 -11.256 1.028 81.864 -10.670 -0.386 121.643 -10.794 0.188
3 65 121.643 -10.794 0.188 121.624 -11.380 1.602 81.841 -11.256 1.028
3 65 81.823 -10.670 2.442 81.841 -11.256 1.028 121.624 -11.380 1.602
3 65 121.624 -11.380 1.602 121.608 -10.794 3.017 81.823 -10.670 2.442
3 65 81.818 -9.256 3.027 81.823 -10.670 2.442 121.608 -10.794 3.017
3 65 121.608 -10.794 3.017 121.605 -9.380 3.602 81.818 -9.256 3.027
3 65 121.616 -7.966 3.017 121.605 -9.380 3.602 157.423 -9.492 3.994
3 65 157.423 -9.492 3.994 157.409 -8.078 3.408 121.616 -7.966 3.017
3 65 121.636 -7.380 1.602 121.616 -7.966 3.017 157.409 -8.078 3.408
3 65 157.409 -8.078 3.408 157.411 -7.492 1.994 121.636 -7.380 1.602
3 65 121.652 -7.966 0.188 121.636 -7.380 1.602 157.411 -7.492 1.994
3 65 157.411 -7.492 1.994 157.427 -8.078 0.580 121.652 -7.966 0.188
3 65 121.655 -9.380 -0.397 121.652 -7.966 0.188 157.427 -8.078 0.580
3 65 157.427 -8.078 0.580 157.448 -9.492 -0.006 121.655 -9.380 -0.397
3 65 121.643 -10.794 0.188 121.655 -9.380 -0.397 157.448 -9.492 -0.006
3 65 157.448 -9.492 -0.006 157.462 -10.906 0.580 121.643 -10.794 0.188
3 65 121.624 -11.380 1.602 121.643 -10.794 0.188 157.462 -10.906 0.580
3 65 157.462 -10.906 0.580 157.461 -11.492 1.994 121.624 -11.380 1.602
3 65 121.608 -10.794 3.017 121.624 -11.380 1.602 157.461 -11.492 1.994
3 65 157.461 -11.492 1.994 157.445 -10.906 3.408 121.608 -10.794 3.017
3 65 121.605 -9.380 3.602 121.608 -10.794 3.017 157.445 -10.906 3.408
3 65 157.445 -10.906 3.408 157.423 -9.492 3.994 121.605 -9.380 3.602
3 65 157.409 -8.078 3.408 157.423 -9.492 3.994 161.406 -9.380 4.000
3 65 161.406 -9.380 4.000 161.106 -7.998 3.414 157.409 -8.078 3.408
3 65 157.411 -7.492 1.994 157.409 -8.078 3.408 161.106 -7.998 3.414
3 65 161.106 -7.998 3.414 160.982 -7.426 2.000 157.411 -7.492 1.994
3 65 157.427 -8.078 0.580 157.411 -7.492 1.994 160.982 -7.426 2.000
3 65 160.982 -7.426 2.000 161.108 -7.998 0.586 157.427 -8.078 0.580
3 65 157.448 -9.492 -0.006 157.427 -8.078 0.580 161.108 -7.998 0.586
3 65 161.108 -7.998 0.586 161.409 -9.380 0.000 157.448 -9.492 -0.006
3 65 157.462 -10.906 0.580 157.448 -9.492 -0.006 161.409 -9.380 0.000
3 65 161.409 -9.380 0.000 161.709 -10.762 0.586 157.462 -10.906 0.580
3 65 157.461 -11.492 1.994 157.462 -10.906 0.580 161.709 -10.762 0.586
3 65 161.709 -10.762 0.586 161.833 -11.334 2.000 157.461 -11.492 1.994
3 65 157.445 -10.906 3.408 157.461 -11.492 1.994 161.833 -11.334 2.000
3 65 161.833 -11.334 2.000 161.707 -10.762 3.414 157.445 -10.906 3.408
3 65 157.423 -9.492 3.994 157.445 -10.906 3.408 161.707 -10.762 3.414
3 65 161.707 -10.762 3.414 161.406 -9.380 4.000 157.423 -9.492 3.994
3 65 161.106 -7.998 3.414 161.406 -9.380 4.000 165.038 -7.843 4.000
3 65 165.038 -7.843 4.000 164.200 -6.704 3.414 161.106 -7.998 3.414
3 65 160.982 -7.426 2.000 161.106 -7.998 3.414 164.200 -6.704 3.414
3 65 164.200 -6.704 3.414 163.853 -6.232 2.000 160.982 -7.426 2.000
3 65 161.108 -7.998 0.586 160.982 -7.426 2.000 163.853 -6.232 2.000
3 65 163.853 -6.232 2.000 164.200 -6.704 0.586 161.108 -7.998 0.586
3 65 161.409 -9.380 0.000 161.108 -7.998 0.586 164.200 -6.704 0.586
3 65 164.200 -6.704 0.586 165.038 -7.843 0.000 161.409 -9.380 0.000
3 65 161.709 -10.762 0.586 161.409 -9.380 0.000 165.038 -7.843 0.000
3 65 165.038 -7.843 0.000 165.877 -8.982 0.586 161.709 -10.762 0.586
3 65 161.833 -11.334 2.000 161.709 -10.762 0.586 165.877 -8.982 0.586
3 65 165.877 -8.982 0.586 166.224 -9.454 2.000 161.833 -11.334 2.000
3 65 161.707 -10.762 3.414 161.833 -11.334 2.000 166.224 -9.454 2.000
3 65 166.224 -9.454 2.000 165.877 -8.982 3.414 161.707 -10.762 3.414
3 65 161.406 -9.380 4.000 161.707 -10.762 3.414 165.877 -8.982 3.414
3 65 165.877 -8.982 3.414 165.038 -7.843 4.000 161.406 -9.380 4.000
3 65 164.200 -6.704 3.414 165.038 -7.843 4.000 167.585 -4.833 4.000
3 65 167.585 -4.833 4.000 166.315 -4.210 3.414 164.200 -6.704 3.414
3 65 163.853 -6.232 2.000 164.200 -6.704 3.414 166.315 -4.210 3.414
3 65 166.315 -4.210 3.414 165.789 -3.952 2.000 163.853 -6.232 2.000
3 65 164.200 -6.704 0.586 163.853 -6.232 2.000 165.789 -3.952 2.000
3 65 165.789 -3.952 2.000 166.315 -4.210 0.586 164.200 -6.704 0.586
3 65 165.038 -7.843 0.000 164.200 -6.704 0.586 166.315 -4.210 0.586
3 65 166.315 -4.210 0.586 167.585 -4.833 0.000 165.038 -7.843 0.000
3 65 165.877 -8.982 0.586 165.038 -7.843 0.000 167.585 -4.833 0.000
3 65 167.585 -4.833 0.000 168.854 -5.457 0.586 165.877 -8.982 0.586
3 65 166.224 -9.454 2.000 165.877 -8.982 0.586 168.854 -5.457 0.586
3 65 168.854 -5.457 0.586 169.380 -5.715 2.000 166.224 -9.454 2.000
3 65 165.877 -8.982 3.414 166.224 -9.454 2.000 169.380 -5.715 2.000
3 65 169.380 -5.715 2.000 168.854 -5.457 3.414 165.877 -8.982 3.414
3 65 165.038 -7.843 4.000 165.877 -8.982 3.414 168.854 -5.457 3.414
3 65 168.854 -5.457 3.414 167.585 -4.833 4.000 165.038 -7.843 4.000
3 65 166.315 -4.210 3.414 167.585 -4.833 4.000 168.512 -0.498 4.000
3 65 168.512 -0.498 4.000 167.099 -0.557 3.414 166.315 -4.210 3.414
3 65 165.789 -3.952 2.000 166.315 -4.210 3.414 167.099 -0.557 3.414
3 65 167.099 -0.557 3.414 166.514 -0.581 2.000 165.789 -3.952 2.000
3 65 166.315 -4.210 0.586 165.789 -3.952 2.000 166.514 -0.581 2.000
3 65 166.514 -0.581 2.000 167.099 -0.557 0.586 166.315 -4.210 0.586
3 65 167.585 -4.833 0.000 166.315 -4.210 0.586 167.099 -0.557 0.586
3 65 167.099 -0.557 0.586 168.512 -0.498 0.000 167.585 -4.833 0.000
3 65 168.854 -5.457 0.586 167.585 -4.833 0.000 168.512 -0.498 0.000
3 65 168.512 -0.498 0.000 169.925 -0.440 0.586 168.854 -5.457 0.586
3 65 169.380 -5.715 2.000 168.854 -5.457 0.586 169.925 -0.440 0.586
3 65 169.925 -0.440 0.586 170.511 -0.415 2.000 169.380 -5.715 2.000
3 65 168.854 -5.457 3.414 169.380 -5.715 2.000 170.511 -0.415 2.000
3 65 170.511 -0.415 2.000 169.925 -0.440 3.414 168.854 -5.457 3.414
3 65 167.585 -4.833 4.000 168.854 -5.457 3.414 169.925 -0.440 3.414
3 65 169.925 -0.440 3.414 168.512 -0.498 4.000 167.585 -4.833 4.000
3 65 167.099 -0.557 3.414 168.512 -0.498 4.000 167.368 3.288 4.000
3 65 167.368 3.288 4.000 166.146 2.576 3.414 167.099 -0.557 3.414
3 65 166.514 -0.581 2.000 167.099 -0.557 3.414 166.146 2.576 3.414
3 65 166.146 2.576 3.414 165.640 2.281 2.000 166.514 -0.581 2.000
3 65 167.099 -0.557 0.586 166.514 -0.581 2.000 165.640 2.281 2.000
3 65 165.640 2.281 2.000 166.146 2.576 0.586 167.099 -0.557 0.586
3 65 168.512 -0.498 0.000 167.099 -0.557 0.586 166.146 2.576 0.586
3 65 166.146 2.576 0.586 167.368 3.288 0.000 168.512 -0.498 0.000
3 65 169.925 -0.440 0.586 168.512 -0.498 0.000 167.368 3.288 0.000
3 65 167.368 3.288 0.000 168.590 4.000 0.586 169.925 -0.440 0.586
3 65 170.511 -0.415 2.000 169.925 -0.440 0.586 168.590 4.000 0.586
3 65 168.590 4.000 0.586 169.096 4.295 2.000 170.511 -0.415 2.000
3 65 169.925 -0.440 3.414 170.511 -0.415 2.000 169.096 4.295 2.000
3 65 169.096 4.295 2.000 168.590 4.000 3.414 169.925 -0.440 3.414
3 65 168.512 -0.498 4.000 169.925 -0.440 3.414 168.590 4.000 3.414
3 65 168.590 4.000 3.414 167.368 3.288 4.000 168.512 -0.498 4.000
3 65 166.146 2.576 3.414 167.368 3.288 4.000 164.638 6.150 4.000
3 65 164.638 6.150 4.000 163.869 4.964 3.414 166.146 2.576 3.414
3 65 165.640 2.281 2.000 166.146 2.576 3.414 163.869 4.964 3.414
3 65 163.869 4.964 3.414 163.550 4.472 2.000 165.640 2.281 2.000
3 65 166.146 2.576 0.586 165.640 2.281 2.000 163.550 4.472 2.000
3 65 163.550 4.472 2.000 163.869 4.964 0.586 166.146 2.576 0.586
3 65 167.368 3.288 0.000 166.146 2.576 0.586 163.869 4.964 0.586
3 65 163.869 4.964 0.586 164.638 6.150 0.000 167.368 3.288 0.000
3 65 168.590 4.000 0.586 167.368 3.288 0.000 164.638 6.150 0.000
3 65 164.638 6.150 0.000 165.408 7.337 0.586 168.590 4.000 0.586
3 65 169.096 4.295 2.000 168.590 4.000 0.586 165.408 7.337 0.586
3 65 165.408 7.337 0.586 165.727 7.828 2.000 169.096 4.295 2.000
3 65 168.590 4.000 3.414 169.096 4.295 2.000 165.727 7.828 2.000
3 65 165.727 7.828 2.000 165.408 7.337 3.414 168.590 4.000 3.414
3 65 167.368 3.288 4.000 168.590 4.000 3.414 165.408 7.337 3.414
3 65 165.408 7.337 3.414 164.638 6.150 4.000 167.368 3.288 4.000
3 65 163.869 4.964 3.414 164.638 6.150 4.000 160.908 7.477 4.000
3 65 160.908 7.477 4.000 160.661 6.084 3.414 163.869 4.964 3.414
3 65 163.550 4.472 2.000 163.869 4.964 3.414 160.661 6.084 3.414
3 65 160.661 6.084 3.414 160.561 5.507 2.000 163.550 4.472 2.000
3 65 163.869 4.964 0.586 163.550 4.472 2.000 160.561 5.507 2.000
3 65 160.561 5.507 2.000 160.667 6.084 0.585 163.869 4.964 0.586
3 65 164.638 6.150 0.000 163.869 4.964 0.586 160.667 6.084 0.585
3 65 160.667 6.084 0.585 160.917 7.476 0.000 164.638 6.150 0.000
3 65 165.408 7.337 0.586 164.638 6.150 0.000 160.917 7.476 0.000
3 65 160.917 7.476 0.000 161.164 8.868 0.586 165.408 7.337 0.586
3 65 165.727 7.828 2.000 165.408 7.337 0.586 161.164 8.868 0.586
3 65 161.164 8.868 0.586 161.264 9.445 2.000 165.727 7.828 2.000
3 65 165.408 7.337 3.414 165.727 7.828 2.000 161.264 9.445 2.000
3 65 161.264 9.445 2.000 161.158 8.869 3.414 165.408 7.337 3.414
3 65 164.638 6.150 4.000 165.408 7.337 3.414 161.158 8.869 3.414
3 65 161.158 8.869 3.414 160.908 7.477 4.000 164.638 6.150 4.000
3 65 160.661 6.084 3.414 160.908 7.477 4.000 152.937 7.567 3.967
3 65 152.937 7.567 3.967 152.927 6.152 3.381 160.661 6.084 3.414
3 65 160.561 5.507 2.000 160.661 6.084 3.414 152.927 6.152 3.381
3 65 152.927 6.152 3.381 152.932 5.567 1.967 160.561 5.507 2.000
3 65 160.667 6.084 0.585 160.561 5.507 2.000 152.932 5.567 1.967
3 65 152.932 5.567 1.967 152.950 6.152 0.552 160.667 6.084 0.585
3 65 160.917 7.476 0.000 160.667 6.084 0.585 152.950 6.152 0.552
3 65 152.950 6.152 0.552 152.969 7.566 -0.033 160.917 7.476 0.000
3 65 161.164 8.868 0.586 160.917 7.476 0.000 152.969 7.566 -0.033
3 65 152.969 7.566 -0.033 152.979 8.980 0.552 161.164 8.868 0.586
3 65 161.264 9.445 2.000 161.164 8.868 0.586 152.979 8.980 0.552
3 65 152.979 8.980 0.552 152.974 9.566 1.967 161.264 9.445 2.000
3 65 161.158 8.869 3.414 161.264 9.445 2.000 152.974 9.566 1.967
3 65 152.974 9.566 1.967 152.956 8.981 3.381 161.158 8.869 3.414
3 65 160.908 7.477 4.000 161.158 8.869 3.414 152.956 8.981 3.381
3 65 152.956 8.981 3.381 152.937 7.567 3.967 160.908 7.477 4.000
3 65 152.927 6.152 3.381 152.937 7.567 3.967 113.144 7.940 3.483
3 65 113.144 7.940 3.483 113.139 6.525 2.897 152.927 6.152 3.381
3 65 152.932 5.567 1.967 152.927 6.152 3.381 113.139 6.525 2.897
3 65 113.139 6.525 2.897 113.152 5.939 1.483 152.932 5.567 1.967
3 65 152.950 6.152 0.552 152.932 5.567 1.967 113.152 5.939 1.483
3 65 113.152 5.939 1.483 113.177 6.525 0.069 152.950 6.152 0.552
3 65 152.969 7.566 -0.033 152.950 6.152 0.552 113.177 6.525 0.069
3 65 113.177 6.525 0.069 113.198 7.939 -0.517 152.969 7.566 -0.033
3 65 152.979 8.980 0.552 152.969 7.566 -0.033 113.198 7.939 -0.517
3 65 113.198 7.939 -0.517 113.203 9.353 0.069 152.979 8.980 0.552
3 65 152.974 9.566 1.967 152.979 8.980 0.552 113.203 9.353 0.069
3 65 113.203 9.353 0.069 113.190 9.939 1.483 152.974 9.566 1.967
3 65 152.956 8.981 3.381 152.974 9.566 1.967 113.190 9.939 1.483
3 65 113.190 9.939 1.483 113.165 9.354 2.897 152.956 8.981 3.381
3 65 152.937 7.567 3.967 152.956 8.981 3.381 113.165 9.354 2.897
3 65 113.165 9.354 2.897 113.144 7.940 3.483 152.937 7.567 3.967
3 65 113.139 6.525 2.897 113.144 7.940 3.483 73.361 8.313 2.901
3 65 73.361 8.313 2.901 73.357 6.898 2.315 113.139 6.525 2.897
3 65 113.152 5.939 1.483 113.139 6.525 2.897 73.357 6.898 2.315
3 65 73.357 6.898 2.315 73.372 6.312 0.901 113.152 5.939 1.483
3 65 113.177 6.525 0.069 113.152 5.939 1.483 73.372 6.312 0.901
3 65 73.372 6.312 0.901 73.397 6.898 -0.513 113.177 6.525 0.069
3 65 113.198 7.939 -0.517 113.177 6.525 0.069 73.397 6.898 -0.513
3 65 73.397 6.898 -0.513 73.419 8.312 -1.099 113.198 7.939 -0.517
3 65 113.203 9.353 0.069 113.198 7.939 -0.517 73.419 8.312 -1.099
3 65 73.419 8.312 -1.099 73.424 9.726 -0.513 113.203 9.353 0.069
3 65 113.190 9.939 1.483 113.203 9.353 0.069 73.424 9.726 -0.513
3 65 73.424 9.726 -0.513 73.409 10.312 0.901 113.190 9.939 1.483
3 65 113.165 9.354 2.897 113.190 9.939 1.483 73.409 10.312 0.901
3 65 73.409 10.312 0.901 73.383 9.727 2.315 113.165 9.354 2.897
3 65 113.144 7.940 3.483 113.165 9.354 2.897 73.383 9.727 2.315
3 65 73.383 9.727 2.315 73.361 8.313 2.901 113.144 7.940 3.483
3 65 73.357 6.898 2.315 73.361 8.313 2.901 33.585 8.686 2.332
3 65 33.585 8.686 2.332 33.579 7.271 1.746 73.357 6.898 2.315
3 65 73.372 6.312 0.901 73.357 6.898 2.315 33.579 7.271 1.746
3 65 33.579 7.271 1.746 33.591 6.685 0.332 73.372 6.312 0.901
3 65 73.397 6.898 -0.513 73.372 6.312 0.901 33.591 6.685 0.332
3 65 33.591 6.685 0.332 33.613 7.271 -1.082 73.397 6.898 -0.513
3 65 73.419 8.312 -1.099 73.397 6.898 -0.513 33.613 7.271 -1.082
3 65 33.613 7.271 -1.082 33.634 8.685 -1.668 73.419 8.312 -1.099
3 65 73.424 9.726 -0.513 73.419 8.312 -1.099 33.634 8.685 -1.668
3 65 33.634 8.685 -1.668 33.640 10.099 -1.082 73.424 9.726 -0.513
3 65 73.409 10.312 0.901 73.424 9.726 -0.513 33.640 10.099 -1.082
3 65 33.640 10.099 -1.082 33.628 10.685 0.332 73.409 10.312 0.901
3 65 73.383 9.727 2.315 73.409 10.312 0.901 33.628 10.685 0.332
3 65 33.628 10.685 0.332 33.605 10.100 1.746 73.383 9.727 2.315
3 65 73.361 8.313 2.901 73.383 9.727 2.315 33.605 10.100 1.746
3 65 33.605 10.100 1.746 33.585 8.686 2.332 73.361 8.313 2.901
3 65 33.579 7.271 1.746 33.585 8.686 2.332 1.772 8.984 2.003
3 65 1.772 8.984 2.003 1.814 7.570 1.417 33.579 7.271 1.746
3 65 33.591 6.685 0.332 33.579 7.271 1.746 1.814 7.570 1.417
3 65 1.814 7.570 1.417 1.838 6.984 0.003 33.591 6.685 0.332
3 65 33.613 7.271 -1.082 33.591 6.685 0.332 1.838 6.984 0.003
3 65 1.838 6.984 0.003 1.830 7.570 -1.411 33.613 7.271 -1.082
3 65 33.634 8.685 -1.668 33.613 7.271 -1.082 1.830 7.570 -1.411
3 65 1.830 7.570 -1.411 1.794 8.984 -1.997 33.634 8.685 -1.668
3 65 33.640 10.099 -1.082 33.634 8.685 -1.668 1.794 8.984 -1.997
3 65 1.794 8.984 -1.997 1.752 10.397 -1.412 33.640 10.099 -1.082
3 65 33.628 10.685 0.332 33.640 10.099 -1.082 1.752 10.397 -1.412
3 65 1.752 10.397 -1.412 1.729 10.983 0.003 33.628 10.685 0.332
3 65 33.605 10.100 1.746 33.628 10.685 0.332 1.729 10.983 0.003
3 65 1.729 10.983 0.003 1.737 10.397 1.417 33.605 10.100 1.746
3 65 33.585 8.686 2.332 33.605 10.100 1.746 1.737 10.397 1.417
3 65 1.737 10.397 1.417 1.772 8.984 2.003 33.585 8.686 2.332
3 65 1.814 7.570 1.417 1.772 8.984 2.003 -2.174 8.730 2.000
3 65 -2.174 8.730 2.000 -1.804 7.365 1.414 1.814 7.570 1.417
3 65 1.838 6.984 0.003 1.814 7.570 1.417 -1.804 7.365 1.414
3 65 -1.804 7.365 1.414 -1.651 6.800 0.000 1.838 6.984 0.003
3 65 1.830 7.570 -1.411 1.838 6.984 0.003 -1.651 6.800 0.000
3 65 -1.651 6.800 0.000 -1.803 7.366 -1.414 1.830 7.570 -1.411
3 65 1.794 8.984 -1.997 1.830 7.570 -1.411 -1.803 7.366 -1.414
3 65 -1.803 7.366 -1.414 -2.173 8.731 -2.000 1.794 8.984 -1.997
3 65 1.752 10.397 -1.412 1.794 8.984 -1.997 -2.173 8.731 -2.000
3 65 -2.173 8.731 -2.000 -2.543 10.096 -1.414 1.752 10.397 -1.412
3 65 1.729 10.983 0.003 1.752 10.397 -1.412 -2.543 10.096 -1.414
3 65 -2.543 10.096 -1.414 -2.696 10.661 0.000 1.729 10.983 0.003
3 65 1.737 10.397 1.417 1.729 10.983 0.003 -2.696 10.661 0.000
3 65 -2.696 10.661 0.000 -2.544 10.095 1.414 1.737 10.397 1.417
3 65 1.772 8.984 2.003 1.737 10.397 1.417 -2.544 10.095 1.414
3 65 -2.544 10.095 1.414 -2.174 8.730 2.000 1.772 8.984 2.003
3 65 -1.804 7.365 1.414 -2.174 8.730 2.000 -5.701 6.961 2.000
3 65 -5.701 6.961 2.000 -4.805 5.867 1.414 -1.804 7.365 1.414
3 65 -1.651 6.800 0.000 -1.804 7.365 1.414 -4.805 5.867 1.414
3 65 -4.805 5.867 1.414 -4.433 5.413 0.000 -1.651 6.800 0.000
3 65 -1.803 7.366 -1.414 -1.651 6.800 0.000 -4.433 5.413 0.000
3 65 -4.433 5.413 0.000 -4.805 5.867 -1.414 -1.803 7.366 -1.414
3 65 -2.173 8.731 -2.000 -1.803 7.366 -1.414 -4.805 5.867 -1.414
3 65 -4.805 5.867 -1.414 -5.701 6.961 -2.000 -2.173 8.731 -2.000
3 65 -2.543 10.096 -1.414 -2.173 8.731 -2.000 -5.701 6.961 -2.000
3 65 -5.701 6.961 -2.000 -6.596 8.055 -1.414 -2.543 10.096 -1.414
3 65 -2.696 10.661 0.000 -2.543 10.096 -1.414 -6.596 8.055 -1.414
3 65 -6.596 8.055 -1.414 -6.968 8.508 0.000 -2.696 10.661 0.000
3 65 -2.544 10.095 1.414 -2.696 10.661 0.000 -6.968 8.508 0.000
3 65 -6.968 8.508 0.000 -6.596 8.055 1.414 -2.544 10.095 1.414
3 65 -2.174 8.730 2.000 -2.544 10.095 1.414 -6.596 8.055 1.414
3 65 -6.596 8.055 1.414 -5.701 6.961 2.000 -2.174 8.730 2.000
3 65 -4.805 5.867 1.414 -5.701 6.961 2.000 -8.131 3.852 2.000
3 65 -8.131 3.852 2.000 -6.853 3.246 1.414 -4.805 5.867 1.414
3 65 -4.433 5.413 0.000 -4.805 5.867 1.414 -6.853 3.246 1.414
3 65 -6.853 3.246 1.414 -6.324 2.995 0.000 -4.433 5.413 0.000
3 65 -4.805 5.867 -1.414 -4.433 5.413 0.000 -6.324 2.995 0.000
3 65 -6.324 2.995 0.000 -6.853 3.246 -1.414 -4.805 5.867 -1.414
3 65 -5.701 6.961 -2.000 -4.805 5.867 -1.414 -6.853 3.246 -1.414
3 65 -6.853 3.246 -1.414 -8.131 3.852 -2.000 -5.701 6.961 -2.000
3 65 -6.596 8.055 -1.414 -5.701 6.961 -2.000 -8.131 3.852 -2.000
3 65 -8.131 3.852 -2.000 -9.409 4.458 -1.414 -6.596 8.055 -1.414
3 65 -6.968 8.508 0.000 -6.596 8.055 -1.414 -9.409 4.458 -1.414
3 65 -9.409 4.458 -1.414 -9.938 4.709 0.000 -6.968 8.508 0.000
3 65 -6.596 8.055 1.414 -6.968 8.508 0.000 -9.938 4.709 0.000
3 65 -9.938 4.709 0.000 -9.409 4.458 1.414 -6.596 8.055 1.414
3 65 -5.701 6.961 2.000 -6.596 8.055 1.414 -9.409 4.458 1.414
3 65 -9.409 4.458 1.414 -8.131 3.852 2.000 -5.701 6.961 2.000
3 65 -6.853 3.246 1.414 -8.131 3.852 2.000 -9.000 0.000 2.000
3 65 -9.000 0.000 2.000 -7.586 0.000 1.414 -6.853 3.246 1.414
3 65 -6.324 2.995 0.000 -6.853 3.246 1.414 -7.586 0.000 1.414
3 65 -7.586 0.000 1.414 -7.000 0.000 0.000 -6.324 2.995 0.000
3 65 -6.853 3.246 -1.414 -6.324 2.995 0.000 -7.000 0.000 0.000
3 65 -7.000 0.000 0.000 -7.586 0.000 -1.414 -6.853 3.246 -1.414
3 65 -8.131 3.852 -2.000 -6.853 3.246 -1.414 -7.586 0.000 -1.414
3 65 -7.586 0.000 -1.414 -9.000 0.000 -2.000 -8.131 3.852 -2.000
3 65 -9.409 4.458 -1.414 -8.131 3.852 -2.000 -9.000 0.000 -2.000
3 65 -9.000 0.000 -2.000 -10.414 0.000 -1.414 -9.409 4.458 -1.414
3 65 -9.938 4.709 0.000 -9.409 4.458 -1.414 -10.414 0.000 -1.414
3 65 -10.414 0.000 -1.414 -11.000 0.000 0.000 -9.938 4.709 0.000
3 65 -9.409 4.458 1.414 -9.938 4.709 0.000 -11.000 0.000 0.000
3 65 -11.000 0.000 0.000 -10.414 0.000 1.414 -9.409 4.458 1.414
3 65 -8.131 3.852 2.000 -9.409 4.458 1.414 -10.414 0.000 1.414
3 65 -10.414 0.000 1.414 -9.000 0.000 2.000 -8.131 3.852 2.000
