0 FILE XPJ109.DAT.dat
0 XPJ109
0 Name:  Untitled_22
0 Author:  
0 BL_Item_No XPJ109.DAT
0 BFC CERTIFY CCW
3 65 -6.586 0.000 2.414 -8.000 0.000 3.000 -7.120 -3.871 3.001
3 65 -7.120 -3.871 3.001 -5.779 -3.423 2.416 -6.586 0.000 2.414
3 65 -6.000 0.000 1.000 -6.586 0.000 2.414 -5.779 -3.423 2.416
3 65 -5.779 -3.423 2.416 -5.219 -3.246 1.002 -6.000 0.000 1.000
3 65 -6.586 0.000 -0.414 -6.000 0.000 1.000 -5.219 -3.246 1.002
3 65 -5.219 -3.246 1.002 -5.770 -3.444 -0.412 -6.586 0.000 -0.414
3 65 -8.000 0.000 -1.000 -6.586 0.000 -0.414 -5.770 -3.444 -0.412
3 65 -5.770 -3.444 -0.412 -7.108 -3.901 -0.999 -8.000 0.000 -1.000
3 65 -9.414 0.000 -0.414 -8.000 0.000 -1.000 -7.108 -3.901 -0.999
3 65 -7.108 -3.901 -0.999 -8.450 -4.349 -0.413 -9.414 0.000 -0.414
3 65 -10.000 0.000 1.000 -9.414 0.000 -0.414 -8.450 -4.349 -0.413
3 65 -8.450 -4.349 -0.413 -9.009 -4.526 1.000 -10.000 0.000 1.000
3 65 -9.414 0.000 2.414 -10.000 0.000 1.000 -9.009 -4.526 1.000
3 65 -9.009 -4.526 1.000 -8.458 -4.328 2.415 -9.414 0.000 2.414
3 65 -8.000 0.000 3.000 -9.414 0.000 2.414 -8.458 -4.328 2.415
3 65 -8.458 -4.328 2.415 -7.120 -3.871 3.001 -8.000 0.000 3.000
3 65 -5.779 -3.423 2.416 -7.120 -3.871 3.001 -5.471 -7.492 3.063
3 65 -5.471 -7.492 3.063 -4.178 -6.920 2.478 -5.779 -3.423 2.416
3 65 -5.219 -3.246 1.002 -5.779 -3.423 2.416 -4.178 -6.920 2.478
3 65 -4.178 -6.920 2.478 -3.629 -6.712 1.064 -5.219 -3.246 1.002
3 65 -5.770 -3.444 -0.412 -5.219 -3.246 1.002 -3.629 -6.712 1.064
3 65 -3.629 -6.712 1.064 -4.145 -6.991 -0.350 -5.770 -3.444 -0.412
3 65 -7.108 -3.901 -0.999 -5.770 -3.444 -0.412 -4.145 -6.991 -0.350
3 65 -4.145 -6.991 -0.350 -5.425 -7.593 -0.935 -7.108 -3.901 -0.999
3 65 -8.450 -4.349 -0.413 -7.108 -3.901 -0.999 -5.425 -7.593 -0.935
3 65 -5.425 -7.593 -0.935 -6.718 -8.166 -0.350 -8.450 -4.349 -0.413
3 65 -9.009 -4.526 1.000 -8.450 -4.349 -0.413 -6.718 -8.166 -0.350
3 65 -6.718 -8.166 -0.350 -7.268 -8.373 1.064 -9.009 -4.526 1.000
3 65 -8.458 -4.328 2.415 -9.009 -4.526 1.000 -7.268 -8.373 1.064
3 65 -7.268 -8.373 1.064 -6.751 -8.094 2.478 -8.458 -4.328 2.415
3 65 -7.120 -3.871 3.001 -8.458 -4.328 2.415 -6.751 -8.094 2.478
3 65 -6.751 -8.094 2.478 -5.471 -7.492 3.063 -7.120 -3.871 3.001
3 65 -4.178 -6.920 2.478 -5.471 -7.492 3.063 -2.153 -14.754 3.382
3 65 -2.153 -14.754 3.382 -0.854 -14.194 2.797 -4.178 -6.920 2.478
3 65 -3.629 -6.712 1.064 -4.178 -6.920 2.478 -0.854 -14.194 2.797
3 65 -0.854 -14.194 2.797 -0.291 -14.016 1.385 -3.629 -6.712 1.064
3 65 -4.145 -6.991 -0.350 -3.629 -6.712 1.064 -0.291 -14.016 1.385
3 65 -0.291 -14.016 1.385 -0.794 -14.326 -0.027 -4.145 -6.991 -0.350
3 65 -5.425 -7.593 -0.935 -4.145 -6.991 -0.350 -0.794 -14.326 -0.027
3 65 -0.794 -14.326 -0.027 -2.068 -14.941 -0.612 -5.425 -7.593 -0.935
3 65 -6.718 -8.166 -0.350 -5.425 -7.593 -0.935 -2.068 -14.941 -0.612
3 65 -2.068 -14.941 -0.612 -3.367 -15.501 -0.027 -6.718 -8.166 -0.350
3 65 -7.268 -8.373 1.064 -6.718 -8.166 -0.350 -3.367 -15.501 -0.027
3 65 -3.367 -15.501 -0.027 -3.930 -15.678 1.385 -7.268 -8.373 1.064
3 65 -6.751 -8.094 2.478 -7.268 -8.373 1.064 -3.930 -15.678 1.385
3 65 -3.930 -15.678 1.385 -3.427 -15.369 2.797 -6.751 -8.094 2.478
3 65 -5.471 -7.492 3.063 -6.751 -8.094 2.478 -3.427 -15.369 2.797
3 65 -3.427 -15.369 2.797 -2.153 -14.754 3.382 -5.471 -7.492 3.063
3 65 -0.854 -14.194 2.797 -2.153 -14.754 3.382 7.832 -36.613 4.890
3 65 7.832 -36.613 4.890 9.135 -36.062 4.306 -0.854 -14.194 2.797
3 65 -0.291 -14.016 1.385 -0.854 -14.194 2.797 9.135 -36.062 4.306
3 65 9.135 -36.062 4.306 9.707 -35.906 2.895 -0.291 -14.016 1.385
3 65 -0.794 -14.326 -0.027 -0.291 -14.016 1.385 9.707 -35.906 2.895
3 65 9.707 -35.906 2.895 9.215 -36.237 1.484 -0.794 -14.326 -0.027
3 65 -2.068 -14.941 -0.612 -0.794 -14.326 -0.027 9.215 -36.237 1.484
3 65 9.215 -36.237 1.484 7.945 -36.860 0.900 -2.068 -14.941 -0.612
3 65 -3.367 -15.501 -0.027 -2.068 -14.941 -0.612 7.945 -36.860 0.900
3 65 7.945 -36.860 0.900 6.642 -37.412 1.484 -3.367 -15.501 -0.027
3 65 -3.930 -15.678 1.385 -3.367 -15.501 -0.027 6.642 -37.412 1.484
3 65 6.642 -37.412 1.484 6.069 -37.568 2.895 -3.930 -15.678 1.385
3 65 -3.427 -15.369 2.797 -3.930 -15.678 1.385 6.069 -37.568 2.895
3 65 6.069 -37.568 2.895 6.562 -37.237 4.306 -3.427 -15.369 2.797
3 65 -2.153 -14.754 3.382 -3.427 -15.369 2.797 6.562 -37.237 4.306
3 65 6.562 -37.237 4.306 7.832 -36.613 4.890 -2.153 -14.754 3.382
3 65 9.135 -36.062 4.306 7.832 -36.613 4.890 14.487 -51.184 6.067
3 65 14.487 -51.184 6.067 15.791 -50.636 5.482 9.135 -36.062 4.306
3 65 9.707 -35.906 2.895 9.135 -36.062 4.306 15.791 -50.636 5.482
3 65 15.791 -50.636 5.482 16.368 -50.489 4.072 9.707 -35.906 2.895
3 65 9.215 -36.237 1.484 9.707 -35.906 2.895 16.368 -50.489 4.072
3 65 16.368 -50.489 4.072 15.879 -50.828 2.662 9.215 -36.237 1.484
3 65 7.945 -36.860 0.900 9.215 -36.237 1.484 15.879 -50.828 2.662
3 65 15.879 -50.828 2.662 14.611 -51.456 2.078 7.945 -36.860 0.900
3 65 6.642 -37.412 1.484 7.945 -36.860 0.900 14.611 -51.456 2.078
3 65 14.611 -51.456 2.078 13.306 -52.003 2.662 6.642 -37.412 1.484
3 65 6.069 -37.568 2.895 6.642 -37.412 1.484 13.306 -52.003 2.662
3 65 13.306 -52.003 2.662 12.729 -52.151 4.072 6.069 -37.568 2.895
3 65 6.562 -37.237 4.306 6.069 -37.568 2.895 12.729 -52.151 4.072
3 65 12.729 -52.151 4.072 13.218 -51.811 5.482 6.562 -37.237 4.306
3 65 7.832 -36.613 4.890 6.562 -37.237 4.306 13.218 -51.811 5.482
3 65 13.218 -51.811 5.482 14.487 -51.184 6.067 7.832 -36.613 4.890
3 65 15.791 -50.636 5.482 14.487 -51.184 6.067 31.135 -87.638 9.126
3 65 31.135 -87.638 9.126 32.439 -87.089 8.541 15.791 -50.636 5.482
3 65 16.368 -50.489 4.072 15.791 -50.636 5.482 32.439 -87.089 8.541
3 65 32.439 -87.089 8.541 33.015 -86.939 7.131 16.368 -50.489 4.072
3 65 15.879 -50.828 2.662 16.368 -50.489 4.072 33.015 -86.939 7.131
3 65 33.015 -86.939 7.131 32.524 -87.275 5.720 15.879 -50.828 2.662
3 65 14.611 -51.456 2.078 15.879 -50.828 2.662 32.524 -87.275 5.720
3 65 32.524 -87.275 5.720 31.255 -87.901 5.136 14.611 -51.456 2.078
3 65 13.306 -52.003 2.662 14.611 -51.456 2.078 31.255 -87.901 5.136
3 65 31.255 -87.901 5.136 29.952 -88.450 5.720 13.306 -52.003 2.662
3 65 12.729 -52.151 4.072 13.306 -52.003 2.662 29.952 -88.450 5.720
3 65 29.952 -88.450 5.720 29.376 -88.600 7.131 12.729 -52.151 4.072
3 65 13.218 -51.811 5.482 12.729 -52.151 4.072 29.376 -88.600 7.131
3 65 29.376 -88.600 7.131 29.867 -88.264 8.541 13.218 -51.811 5.482
3 65 14.487 -51.184 6.067 13.218 -51.811 5.482 29.867 -88.264 8.541
3 65 29.867 -88.264 8.541 31.135 -87.638 9.126 14.487 -51.184 6.067
3 65 32.439 -87.089 8.541 31.135 -87.638 9.126 44.473 -116.840 11.326
3 65 44.473 -116.840 11.326 45.774 -116.283 10.741 32.439 -87.089 8.541
3 65 33.015 -86.939 7.131 32.439 -87.089 8.541 45.774 -116.283 10.741
3 65 45.774 -116.283 10.741 46.340 -116.114 9.329 33.015 -86.939 7.131
3 65 32.524 -87.275 5.720 33.015 -86.939 7.131 46.340 -116.114 9.329
3 65 46.340 -116.114 9.329 45.842 -116.432 7.917 32.524 -87.275 5.720
3 65 31.255 -87.901 5.136 32.524 -87.275 5.720 45.842 -116.432 7.917
3 65 45.842 -116.432 7.917 44.569 -117.050 7.332 31.255 -87.901 5.136
3 65 29.952 -88.450 5.720 31.255 -87.901 5.136 44.569 -117.050 7.332
3 65 44.569 -117.050 7.332 43.269 -117.607 7.917 29.952 -88.450 5.720
3 65 29.376 -88.600 7.131 29.952 -88.450 5.720 43.269 -117.607 7.917
3 65 43.269 -117.607 7.917 42.702 -117.776 9.329 29.376 -88.600 7.131
3 65 29.867 -88.264 8.541 29.376 -88.600 7.131 42.702 -117.776 9.329
3 65 42.702 -117.776 9.329 43.201 -117.458 10.741 29.867 -88.264 8.541
3 65 31.135 -87.638 9.126 29.867 -88.264 8.541 43.201 -117.458 10.741
3 65 43.201 -117.458 10.741 44.473 -116.840 11.326 31.135 -87.638 9.126
3 65 45.774 -116.283 10.741 44.473 -116.840 11.326 49.496 -127.834 11.895
3 65 49.496 -127.834 11.895 50.791 -127.266 11.310 45.774 -116.283 10.741
3 65 46.340 -116.114 9.329 45.774 -116.283 10.741 50.791 -127.266 11.310
3 65 50.791 -127.266 11.310 51.345 -127.067 9.897 46.340 -116.114 9.329
3 65 45.842 -116.432 7.917 46.340 -116.114 9.329 51.345 -127.067 9.897
3 65 51.345 -127.067 9.897 50.833 -127.356 8.483 45.842 -116.432 7.917
3 65 44.569 -117.050 7.332 45.842 -116.432 7.917 50.833 -127.356 8.483
3 65 50.833 -127.356 8.483 49.555 -127.963 7.898 44.569 -117.050 7.332
3 65 43.269 -117.607 7.917 44.569 -117.050 7.332 49.555 -127.963 7.898
3 65 49.555 -127.963 7.898 48.260 -128.532 8.483 43.269 -117.607 7.917
3 65 42.702 -117.776 9.329 43.269 -117.607 7.917 48.260 -128.532 8.483
3 65 48.260 -128.532 8.483 47.707 -128.730 9.897 42.702 -117.776 9.329
3 65 43.201 -117.458 10.741 42.702 -117.776 9.329 47.707 -128.730 9.897
3 65 47.707 -128.730 9.897 48.219 -128.441 11.310 43.201 -117.458 10.741
3 65 44.473 -116.840 11.326 43.201 -117.458 10.741 48.219 -128.441 11.310
3 65 48.219 -128.441 11.310 49.496 -127.834 11.895 44.473 -116.840 11.326
3 65 50.791 -127.266 11.310 49.496 -127.834 11.895 51.185 -131.529 11.991
3 65 51.185 -131.529 11.991 52.467 -130.932 11.405 50.791 -127.266 11.310
3 65 51.345 -127.067 9.897 50.791 -127.266 11.310 52.467 -130.932 11.405
3 65 52.467 -130.932 11.405 53.004 -130.698 9.991 51.345 -127.067 9.897
3 65 50.833 -127.356 8.483 51.345 -127.067 9.897 53.004 -130.698 9.991
3 65 53.004 -130.698 9.991 52.482 -130.965 8.577 50.833 -127.356 8.483
3 65 49.555 -127.963 7.898 50.833 -127.356 8.483 52.482 -130.965 8.577
3 65 52.482 -130.965 8.577 51.207 -131.576 7.991 49.555 -127.963 7.898
3 65 48.260 -128.532 8.483 49.555 -127.963 7.898 51.207 -131.576 7.991
3 65 51.207 -131.576 7.991 49.925 -132.174 8.577 48.260 -128.532 8.483
3 65 47.707 -128.730 9.897 48.260 -128.532 8.483 49.925 -132.174 8.577
3 65 49.925 -132.174 8.577 49.388 -132.408 9.991 47.707 -128.730 9.897
3 65 48.219 -128.441 11.310 47.707 -128.730 9.897 49.388 -132.408 9.991
3 65 49.388 -132.408 9.991 49.909 -132.141 11.405 48.219 -128.441 11.310
3 65 49.496 -127.834 11.895 48.219 -128.441 11.310 49.909 -132.141 11.405
3 65 49.909 -132.141 11.405 51.185 -131.529 11.991 49.496 -127.834 11.895
3 65 52.467 -130.932 11.405 51.185 -131.529 11.991 52.959 -135.160 12.000
3 65 52.959 -135.160 12.000 54.189 -134.464 11.414 52.467 -130.932 11.405
3 65 53.004 -130.698 9.991 52.467 -130.932 11.405 54.189 -134.464 11.414
3 65 54.189 -134.464 11.414 54.700 -134.177 10.000 53.004 -130.698 9.991
3 65 52.482 -130.965 8.577 53.004 -130.698 9.991 54.700 -134.177 10.000
3 65 54.700 -134.177 10.000 54.191 -134.467 8.586 52.482 -130.965 8.577
3 65 51.207 -131.576 7.991 52.482 -130.965 8.577 54.191 -134.467 8.586
3 65 54.191 -134.467 8.586 52.960 -135.164 8.000 51.207 -131.576 7.991
3 65 49.925 -132.174 8.577 51.207 -131.576 7.991 52.960 -135.164 8.000
3 65 52.960 -135.164 8.000 51.730 -135.861 8.586 49.925 -132.174 8.577
3 65 49.388 -132.408 9.991 49.925 -132.174 8.577 51.730 -135.861 8.586
3 65 51.730 -135.861 8.586 51.219 -136.148 10.000 49.388 -132.408 9.991
3 65 49.909 -132.141 11.405 49.388 -132.408 9.991 51.219 -136.148 10.000
3 65 51.219 -136.148 10.000 51.728 -135.858 11.414 49.909 -132.141 11.405
3 65 51.185 -131.529 11.991 49.909 -132.141 11.405 51.728 -135.858 11.414
3 65 51.728 -135.858 11.414 52.959 -135.160 12.000 51.185 -131.529 11.991
3 65 54.189 -134.464 11.414 52.959 -135.160 12.000 55.147 -138.531 12.000
3 65 55.147 -138.531 12.000 56.281 -137.685 11.414 54.189 -134.464 11.414
3 65 54.700 -134.177 10.000 54.189 -134.464 11.414 56.281 -137.685 11.414
3 65 56.281 -137.685 11.414 56.750 -137.335 10.000 54.700 -134.177 10.000
3 65 54.191 -134.467 8.586 54.700 -134.177 10.000 56.750 -137.335 10.000
3 65 56.750 -137.335 10.000 56.281 -137.685 8.586 54.191 -134.467 8.586
3 65 52.960 -135.164 8.000 54.191 -134.467 8.586 56.281 -137.685 8.586
3 65 56.281 -137.685 8.586 55.147 -138.531 8.000 52.960 -135.164 8.000
3 65 51.730 -135.861 8.586 52.960 -135.164 8.000 55.147 -138.531 8.000
3 65 55.147 -138.531 8.000 54.013 -139.376 8.586 51.730 -135.861 8.586
3 65 51.219 -136.148 10.000 51.730 -135.861 8.586 54.013 -139.376 8.586
3 65 54.013 -139.376 8.586 53.544 -139.726 10.000 51.219 -136.148 10.000
3 65 51.728 -135.858 11.414 51.219 -136.148 10.000 53.544 -139.726 10.000
3 65 53.544 -139.726 10.000 54.013 -139.376 11.414 51.728 -135.858 11.414
3 65 52.959 -135.160 12.000 51.728 -135.858 11.414 54.013 -139.376 11.414
3 65 54.013 -139.376 11.414 55.147 -138.531 12.000 52.959 -135.160 12.000
3 65 56.281 -137.685 11.414 55.147 -138.531 12.000 57.752 -141.588 12.000
3 65 57.752 -141.588 12.000 58.766 -140.603 11.414 56.281 -137.685 11.414
3 65 56.750 -137.335 10.000 56.281 -137.685 11.414 58.766 -140.603 11.414
3 65 58.766 -140.603 11.414 59.187 -140.195 10.000 56.750 -137.335 10.000
3 65 56.281 -137.685 8.586 56.750 -137.335 10.000 59.187 -140.195 10.000
3 65 59.187 -140.195 10.000 58.766 -140.603 8.586 56.281 -137.685 8.586
3 65 55.147 -138.531 8.000 56.281 -137.685 8.586 58.766 -140.603 8.586
3 65 58.766 -140.603 8.586 57.752 -141.588 8.000 55.147 -138.531 8.000
3 65 54.013 -139.376 8.586 55.147 -138.531 8.000 57.752 -141.588 8.000
3 65 57.752 -141.588 8.000 56.737 -142.573 8.586 54.013 -139.376 8.586
3 65 53.544 -139.726 10.000 54.013 -139.376 8.586 56.737 -142.573 8.586
3 65 56.737 -142.573 8.586 56.316 -142.981 10.000 53.544 -139.726 10.000
3 65 54.013 -139.376 11.414 53.544 -139.726 10.000 56.316 -142.981 10.000
3 65 56.316 -142.981 10.000 56.737 -142.573 11.414 54.013 -139.376 11.414
3 65 55.147 -138.531 12.000 54.013 -139.376 11.414 56.737 -142.573 11.414
3 65 56.737 -142.573 11.414 57.752 -141.588 12.000 55.147 -138.531 12.000
3 65 58.766 -140.603 11.414 57.752 -141.588 12.000 60.730 -144.283 12.000
3 65 60.730 -144.283 12.000 61.609 -143.175 11.414 58.766 -140.603 11.414
3 65 59.187 -140.195 10.000 58.766 -140.603 11.414 61.609 -143.175 11.414
3 65 61.609 -143.175 11.414 61.973 -142.716 10.000 59.187 -140.195 10.000
3 65 58.766 -140.603 8.586 59.187 -140.195 10.000 61.973 -142.716 10.000
3 65 61.973 -142.716 10.000 61.609 -143.175 8.586 58.766 -140.603 8.586
3 65 57.752 -141.588 8.000 58.766 -140.603 8.586 61.609 -143.175 8.586
3 65 61.609 -143.175 8.586 60.730 -144.283 8.000 57.752 -141.588 8.000
3 65 56.737 -142.573 8.586 57.752 -141.588 8.000 60.730 -144.283 8.000
3 65 60.730 -144.283 8.000 59.850 -145.390 8.586 56.737 -142.573 8.586
3 65 56.316 -142.981 10.000 56.737 -142.573 8.586 59.850 -145.390 8.586
3 65 59.850 -145.390 8.586 59.486 -145.849 10.000 56.316 -142.981 10.000
3 65 56.737 -142.573 11.414 56.316 -142.981 10.000 59.486 -145.849 10.000
3 65 59.486 -145.849 10.000 59.850 -145.390 11.414 56.737 -142.573 11.414
3 65 57.752 -141.588 12.000 56.737 -142.573 11.414 59.850 -145.390 11.414
3 65 59.850 -145.390 11.414 60.730 -144.283 12.000 57.752 -141.588 12.000
3 65 61.609 -143.175 11.414 60.730 -144.283 12.000 64.029 -146.573 12.000
3 65 64.029 -146.573 12.000 64.758 -145.361 11.414 61.609 -143.175 11.414
3 65 61.973 -142.716 10.000 61.609 -143.175 11.414 64.758 -145.361 11.414
3 65 64.758 -145.361 11.414 65.060 -144.859 10.000 61.973 -142.716 10.000
3 65 61.609 -143.175 8.586 61.973 -142.716 10.000 65.060 -144.859 10.000
3 65 65.060 -144.859 10.000 64.758 -145.361 8.586 61.609 -143.175 8.586
3 65 60.730 -144.283 8.000 61.609 -143.175 8.586 64.758 -145.361 8.586
3 65 64.758 -145.361 8.586 64.029 -146.573 8.000 60.730 -144.283 8.000
3 65 59.850 -145.390 8.586 60.730 -144.283 8.000 64.029 -146.573 8.000
3 65 64.029 -146.573 8.000 63.300 -147.785 8.586 59.850 -145.390 8.586
3 65 59.486 -145.849 10.000 59.850 -145.390 8.586 63.300 -147.785 8.586
3 65 63.300 -147.785 8.586 62.998 -148.287 10.000 59.486 -145.849 10.000
3 65 59.850 -145.390 11.414 59.486 -145.849 10.000 62.998 -148.287 10.000
3 65 62.998 -148.287 10.000 63.300 -147.785 11.414 59.850 -145.390 11.414
3 65 60.730 -144.283 12.000 59.850 -145.390 11.414 63.300 -147.785 11.414
3 65 63.300 -147.785 11.414 64.029 -146.573 12.000 60.730 -144.283 12.000
3 65 64.758 -145.361 11.414 64.029 -146.573 12.000 67.599 -148.414 12.000
3 65 67.599 -148.414 12.000 68.164 -147.118 11.414 64.758 -145.361 11.414
3 65 65.060 -144.859 10.000 64.758 -145.361 11.414 68.164 -147.118 11.414
3 65 68.164 -147.118 11.414 68.399 -146.581 10.000 65.060 -144.859 10.000
3 65 64.758 -145.361 8.586 65.060 -144.859 10.000 68.399 -146.581 10.000
3 65 68.399 -146.581 10.000 68.164 -147.118 8.586 64.758 -145.361 8.586
3 65 64.029 -146.573 8.000 64.758 -145.361 8.586 68.164 -147.118 8.586
3 65 68.164 -147.118 8.586 67.599 -148.414 8.000 64.029 -146.573 8.000
3 65 63.300 -147.785 8.586 64.029 -146.573 8.000 67.599 -148.414 8.000
3 65 67.599 -148.414 8.000 67.033 -149.710 8.586 63.300 -147.785 8.586
3 65 62.998 -148.287 10.000 63.300 -147.785 8.586 67.033 -149.710 8.586
3 65 67.033 -149.710 8.586 66.799 -150.247 10.000 62.998 -148.287 10.000
3 65 63.300 -147.785 11.414 62.998 -148.287 10.000 66.799 -150.247 10.000
3 65 66.799 -150.247 10.000 67.033 -149.710 11.414 63.300 -147.785 11.414
3 65 64.029 -146.573 12.000 63.300 -147.785 11.414 67.033 -149.710 11.414
3 65 67.033 -149.710 11.414 67.599 -148.414 12.000 64.029 -146.573 12.000
3 65 68.164 -147.118 11.414 67.599 -148.414 12.000 71.376 -149.779 12.000
3 65 71.376 -149.779 12.000 71.769 -148.420 11.414 68.164 -147.118 11.414
3 65 68.399 -146.581 10.000 68.164 -147.118 11.414 71.769 -148.420 11.414
3 65 71.769 -148.420 11.414 71.932 -147.857 10.000 68.399 -146.581 10.000
3 65 68.164 -147.118 8.586 68.399 -146.581 10.000 71.932 -147.857 10.000
3 65 71.932 -147.857 10.000 71.769 -148.420 8.586 68.164 -147.118 8.586
3 65 67.599 -148.414 8.000 68.164 -147.118 8.586 71.769 -148.420 8.586
3 65 71.769 -148.420 8.586 71.376 -149.779 8.000 67.599 -148.414 8.000
3 65 67.033 -149.710 8.586 67.599 -148.414 8.000 71.376 -149.779 8.000
3 65 71.376 -149.779 8.000 70.983 -151.137 8.586 67.033 -149.710 8.586
3 65 66.799 -150.247 10.000 67.033 -149.710 8.586 70.983 -151.137 8.586
3 65 70.983 -151.137 8.586 70.820 -151.700 10.000 66.799 -150.247 10.000
3 65 67.033 -149.710 11.414 66.799 -150.247 10.000 70.820 -151.700 10.000
3 65 70.820 -151.700 10.000 70.983 -151.137 11.414 67.033 -149.710 11.414
3 65 67.599 -148.414 12.000 67.033 -149.710 11.414 70.983 -151.137 11.414
3 65 70.983 -151.137 11.414 71.376 -149.779 12.000 67.599 -148.414 12.000
3 65 71.769 -148.420 11.414 71.376 -149.779 12.000 75.299 -150.643 12.000
3 65 75.299 -150.643 12.000 75.514 -149.245 11.414 71.769 -148.420 11.414
3 65 71.932 -147.857 10.000 71.769 -148.420 11.414 75.514 -149.245 11.414
3 65 75.514 -149.245 11.414 75.603 -148.666 10.000 71.932 -147.857 10.000
3 65 71.769 -148.420 8.586 71.932 -147.857 10.000 75.603 -148.666 10.000
3 65 75.603 -148.666 10.000 75.514 -149.245 8.586 71.769 -148.420 8.586
3 65 71.376 -149.779 8.000 71.769 -148.420 8.586 75.514 -149.245 8.586
3 65 75.514 -149.245 8.586 75.299 -150.643 8.000 71.376 -149.779 8.000
3 65 70.983 -151.137 8.586 71.376 -149.779 8.000 75.299 -150.643 8.000
3 65 75.299 -150.643 8.000 75.083 -152.041 8.586 70.983 -151.137 8.586
3 65 70.820 -151.700 10.000 70.983 -151.137 8.586 75.083 -152.041 8.586
3 65 75.083 -152.041 8.586 74.994 -152.620 10.000 70.820 -151.700 10.000
3 65 70.983 -151.137 11.414 70.820 -151.700 10.000 74.994 -152.620 10.000
3 65 74.994 -152.620 10.000 75.083 -152.041 11.414 70.983 -151.137 11.414
3 65 71.376 -149.779 12.000 70.983 -151.137 11.414 75.083 -152.041 11.414
3 65 75.083 -152.041 11.414 75.299 -150.643 12.000 71.376 -149.779 12.000
3 65 75.514 -149.245 11.414 75.299 -150.643 12.000 79.299 -150.998 12.000
3 65 79.299 -150.998 12.000 79.332 -149.585 11.414 75.514 -149.245 11.414
3 65 75.603 -148.666 10.000 75.514 -149.245 11.414 79.332 -149.585 11.414
3 65 79.332 -149.585 11.414 79.345 -148.999 10.000 75.603 -148.666 10.000
3 65 75.514 -149.245 8.586 75.603 -148.666 10.000 79.345 -148.999 10.000
3 65 79.345 -148.999 10.000 79.332 -149.585 8.586 75.514 -149.245 8.586
3 65 75.299 -150.643 8.000 75.514 -149.245 8.586 79.332 -149.585 8.586
3 65 79.332 -149.585 8.586 79.299 -150.998 8.000 75.299 -150.643 8.000
3 65 75.083 -152.041 8.586 75.299 -150.643 8.000 79.299 -150.998 8.000
3 65 79.299 -150.998 8.000 79.267 -152.412 8.586 75.083 -152.041 8.586
3 65 74.994 -152.620 10.000 75.083 -152.041 8.586 79.267 -152.412 8.586
3 65 79.267 -152.412 8.586 79.254 -152.998 10.000 74.994 -152.620 10.000
3 65 75.083 -152.041 11.414 74.994 -152.620 10.000 79.254 -152.998 10.000
3 65 79.254 -152.998 10.000 79.267 -152.412 11.414 75.083 -152.041 11.414
3 65 75.299 -150.643 12.000 75.083 -152.041 11.414 79.267 -152.412 11.414
3 65 79.267 -152.412 11.414 79.299 -150.998 12.000 75.299 -150.643 12.000
3 65 79.332 -149.585 11.414 79.299 -150.998 12.000 83.313 -150.827 12.000
3 65 83.313 -150.827 12.000 83.161 -149.421 11.414 79.332 -149.585 11.414
3 65 79.345 -148.999 10.000 79.332 -149.585 11.414 83.161 -149.421 11.414
3 65 83.161 -149.421 11.414 83.098 -148.838 10.000 79.345 -148.999 10.000
3 65 79.332 -149.585 8.586 79.345 -148.999 10.000 83.098 -148.838 10.000
3 65 83.098 -148.838 10.000 83.161 -149.421 8.586 79.332 -149.585 8.586
3 65 79.299 -150.998 8.000 79.332 -149.585 8.586 83.161 -149.421 8.586
3 65 83.161 -149.421 8.586 83.313 -150.827 8.000 79.299 -150.998 8.000
3 65 79.267 -152.412 8.586 79.299 -150.998 8.000 83.313 -150.827 8.000
3 65 83.313 -150.827 8.000 83.464 -152.233 8.586 79.267 -152.412 8.586
3 65 79.254 -152.998 10.000 79.267 -152.412 8.586 83.464 -152.233 8.586
3 65 83.464 -152.233 8.586 83.527 -152.815 10.000 79.254 -152.998 10.000
3 65 79.267 -152.412 11.414 79.254 -152.998 10.000 83.527 -152.815 10.000
3 65 83.527 -152.815 10.000 83.464 -152.233 11.414 79.267 -152.412 11.414
3 65 79.299 -150.998 12.000 79.267 -152.412 11.414 83.464 -152.233 11.414
3 65 83.464 -152.233 11.414 83.313 -150.827 12.000 79.299 -150.998 12.000
3 65 83.161 -149.421 11.414 83.313 -150.827 12.000 87.270 -150.139 12.000
3 65 87.270 -150.139 12.000 86.938 -148.765 11.414 83.161 -149.421 11.414
3 65 83.098 -148.838 10.000 83.161 -149.421 11.414 86.938 -148.765 11.414
3 65 86.938 -148.765 11.414 86.801 -148.195 10.000 83.098 -148.838 10.000
3 65 83.161 -149.421 8.586 83.098 -148.838 10.000 86.801 -148.195 10.000
3 65 86.801 -148.195 10.000 86.938 -148.765 8.586 83.161 -149.421 8.586
3 65 83.313 -150.827 8.000 83.161 -149.421 8.586 86.938 -148.765 8.586
3 65 86.938 -148.765 8.586 87.270 -150.139 8.000 83.313 -150.827 8.000
3 65 83.464 -152.233 8.586 83.313 -150.827 8.000 87.270 -150.139 8.000
3 65 87.270 -150.139 8.000 87.602 -151.514 8.586 83.464 -152.233 8.586
3 65 83.527 -152.815 10.000 83.464 -152.233 8.586 87.602 -151.514 8.586
3 65 87.602 -151.514 8.586 87.739 -152.084 10.000 83.527 -152.815 10.000
3 65 83.464 -152.233 11.414 83.527 -152.815 10.000 87.739 -152.084 10.000
3 65 87.739 -152.084 10.000 87.602 -151.514 11.414 83.464 -152.233 11.414
3 65 83.313 -150.827 12.000 83.464 -152.233 11.414 87.602 -151.514 11.414
3 65 87.602 -151.514 11.414 87.270 -150.139 12.000 83.313 -150.827 12.000
3 65 86.938 -148.765 11.414 87.270 -150.139 12.000 91.105 -148.946 12.000
3 65 91.105 -148.946 12.000 90.599 -147.626 11.414 86.938 -148.765 11.414
3 65 86.801 -148.195 10.000 86.938 -148.765 11.414 90.599 -147.626 11.414
3 65 90.599 -147.626 11.414 90.389 -147.079 10.000 86.801 -148.195 10.000
3 65 86.938 -148.765 8.586 86.801 -148.195 10.000 90.389 -147.079 10.000
3 65 90.389 -147.079 10.000 90.599 -147.626 8.586 86.938 -148.765 8.586
3 65 87.270 -150.139 8.000 86.938 -148.765 8.586 90.599 -147.626 8.586
3 65 90.599 -147.626 8.586 91.105 -148.946 8.000 87.270 -150.139 8.000
3 65 87.602 -151.514 8.586 87.270 -150.139 8.000 91.105 -148.946 8.000
3 65 91.105 -148.946 8.000 91.612 -150.267 8.586 87.602 -151.514 8.586
3 65 87.739 -152.084 10.000 87.602 -151.514 8.586 91.612 -150.267 8.586
3 65 91.612 -150.267 8.586 91.822 -150.813 10.000 87.739 -152.084 10.000
3 65 87.602 -151.514 11.414 87.739 -152.084 10.000 91.822 -150.813 10.000
3 65 91.822 -150.813 10.000 91.612 -150.267 11.414 87.602 -151.514 11.414
3 65 87.270 -150.139 12.000 87.602 -151.514 11.414 91.612 -150.267 11.414
3 65 91.612 -150.267 11.414 91.105 -148.946 12.000 87.270 -150.139 12.000
3 65 90.599 -147.626 11.414 91.105 -148.946 12.000 94.754 -147.267 12.000
3 65 94.754 -147.267 12.000 94.082 -146.023 11.414 90.599 -147.626 11.414
3 65 90.389 -147.079 10.000 90.599 -147.626 11.414 94.082 -146.023 11.414
3 65 94.082 -146.023 11.414 93.804 -145.508 10.000 90.389 -147.079 10.000
3 65 90.599 -147.626 8.586 90.389 -147.079 10.000 93.804 -145.508 10.000
3 65 93.804 -145.508 10.000 94.082 -146.023 8.586 90.599 -147.626 8.586
3 65 91.105 -148.946 8.000 90.599 -147.626 8.586 94.082 -146.023 8.586
3 65 94.082 -146.023 8.586 94.754 -147.267 8.000 91.105 -148.946 8.000
3 65 91.612 -150.267 8.586 91.105 -148.946 8.000 94.754 -147.267 8.000
3 65 94.754 -147.267 8.000 95.427 -148.511 8.586 91.612 -150.267 8.586
3 65 91.822 -150.813 10.000 91.612 -150.267 8.586 95.427 -148.511 8.586
3 65 95.427 -148.511 8.586 95.705 -149.027 10.000 91.822 -150.813 10.000
3 65 91.612 -150.267 11.414 91.822 -150.813 10.000 95.705 -149.027 10.000
3 65 95.705 -149.027 10.000 95.427 -148.511 11.414 91.612 -150.267 11.414
3 65 91.105 -148.946 12.000 91.612 -150.267 11.414 95.427 -148.511 11.414
3 65 95.427 -148.511 11.414 94.754 -147.267 12.000 91.105 -148.946 12.000
3 65 94.082 -146.023 11.414 94.754 -147.267 12.000 98.159 -145.135 12.000
3 65 98.159 -145.135 12.000 97.331 -143.989 11.414 94.082 -146.023 11.414
3 65 93.804 -145.508 10.000 94.082 -146.023 11.414 97.331 -143.989 11.414
3 65 97.331 -143.989 11.414 96.988 -143.514 10.000 93.804 -145.508 10.000
3 65 94.082 -146.023 8.586 93.804 -145.508 10.000 96.988 -143.514 10.000
3 65 96.988 -143.514 10.000 97.331 -143.989 8.586 94.082 -146.023 8.586
3 65 94.754 -147.267 8.000 94.082 -146.023 8.586 97.331 -143.989 8.586
3 65 97.331 -143.989 8.586 98.159 -145.135 8.000 94.754 -147.267 8.000
3 65 95.427 -148.511 8.586 94.754 -147.267 8.000 98.159 -145.135 8.000
3 65 98.159 -145.135 8.000 98.986 -146.282 8.586 95.427 -148.511 8.586
3 65 95.705 -149.027 10.000 95.427 -148.511 8.586 98.986 -146.282 8.586
3 65 98.986 -146.282 8.586 99.329 -146.757 10.000 95.705 -149.027 10.000
3 65 95.427 -148.511 11.414 95.705 -149.027 10.000 99.329 -146.757 10.000
3 65 99.329 -146.757 10.000 98.986 -146.282 11.414 95.427 -148.511 11.414
3 65 94.754 -147.267 12.000 95.427 -148.511 11.414 98.986 -146.282 11.414
3 65 98.986 -146.282 11.414 98.159 -145.135 12.000 94.754 -147.267 12.000
3 65 97.331 -143.989 11.414 98.159 -145.135 12.000 101.254 -142.575 12.000
3 65 101.254 -142.575 12.000 100.284 -141.546 11.414 97.331 -143.989 11.414
3 65 96.988 -143.514 10.000 97.331 -143.989 11.414 100.284 -141.546 11.414
3 65 100.284 -141.546 11.414 99.883 -141.119 10.000 96.988 -143.514 10.000
3 65 97.331 -143.989 8.586 96.988 -143.514 10.000 99.883 -141.119 10.000
3 65 99.883 -141.119 10.000 100.284 -141.546 8.586 97.331 -143.989 8.586
3 65 98.159 -145.135 8.000 97.331 -143.989 8.586 100.284 -141.546 8.586
3 65 100.284 -141.546 8.586 101.254 -142.575 8.000 98.159 -145.135 8.000
3 65 98.986 -146.282 8.586 98.159 -145.135 8.000 101.254 -142.575 8.000
3 65 101.254 -142.575 8.000 102.224 -143.604 8.586 98.986 -146.282 8.586
3 65 99.329 -146.757 10.000 98.986 -146.282 8.586 102.224 -143.604 8.586
3 65 102.224 -143.604 8.586 102.626 -144.031 10.000 99.329 -146.757 10.000
3 65 98.986 -146.282 11.414 99.329 -146.757 10.000 102.626 -144.031 10.000
3 65 102.626 -144.031 10.000 102.224 -143.604 11.414 98.986 -146.282 11.414
3 65 98.159 -145.135 12.000 98.986 -146.282 11.414 102.224 -143.604 11.414
3 65 102.224 -143.604 11.414 101.254 -142.575 12.000 98.159 -145.135 12.000
3 65 100.284 -141.546 11.414 101.254 -142.575 12.000 103.994 -139.637 12.000
3 65 103.994 -139.637 12.000 102.900 -138.742 11.414 100.284 -141.546 11.414
3 65 99.883 -141.119 10.000 100.284 -141.546 11.414 102.900 -138.742 11.414
3 65 102.900 -138.742 11.414 102.446 -138.371 10.000 99.883 -141.119 10.000
3 65 100.284 -141.546 8.586 99.883 -141.119 10.000 102.446 -138.371 10.000
3 65 102.446 -138.371 10.000 102.900 -138.742 8.586 100.284 -141.546 8.586
3 65 101.254 -142.575 8.000 100.284 -141.546 8.586 102.900 -138.742 8.586
3 65 102.900 -138.742 8.586 103.994 -139.637 8.000 101.254 -142.575 8.000
3 65 102.224 -143.604 8.586 101.254 -142.575 8.000 103.994 -139.637 8.000
3 65 103.994 -139.637 8.000 105.089 -140.533 8.586 102.224 -143.604 8.586
3 65 102.626 -144.031 10.000 102.224 -143.604 8.586 105.089 -140.533 8.586
3 65 105.089 -140.533 8.586 105.542 -140.904 10.000 102.626 -144.031 10.000
3 65 102.224 -143.604 11.414 102.626 -144.031 10.000 105.542 -140.904 10.000
3 65 105.542 -140.904 10.000 105.089 -140.533 11.414 102.224 -143.604 11.414
3 65 101.254 -142.575 12.000 102.224 -143.604 11.414 105.089 -140.533 11.414
3 65 105.089 -140.533 11.414 103.994 -139.637 12.000 101.254 -142.575 12.000
3 65 102.900 -138.742 11.414 103.994 -139.637 12.000 106.331 -136.370 12.000
3 65 106.331 -136.370 12.000 105.133 -135.620 11.414 102.900 -138.742 11.414
3 65 102.446 -138.371 10.000 102.900 -138.742 11.414 105.133 -135.620 11.414
3 65 105.133 -135.620 11.414 104.636 -135.309 10.000 102.446 -138.371 10.000
3 65 102.900 -138.742 8.586 102.446 -138.371 10.000 104.636 -135.309 10.000
3 65 104.636 -135.309 10.000 105.133 -135.620 8.586 102.900 -138.742 8.586
3 65 103.994 -139.637 8.000 102.900 -138.742 8.586 105.133 -135.620 8.586
3 65 105.133 -135.620 8.586 106.331 -136.370 8.000 103.994 -139.637 8.000
3 65 105.089 -140.533 8.586 103.994 -139.637 8.000 106.331 -136.370 8.000
3 65 106.331 -136.370 8.000 107.530 -137.121 8.586 105.089 -140.533 8.586
3 65 105.542 -140.904 10.000 105.089 -140.533 8.586 107.530 -137.121 8.586
3 65 107.530 -137.121 8.586 108.026 -137.432 10.000 105.542 -140.904 10.000
3 65 105.089 -140.533 11.414 105.542 -140.904 10.000 108.026 -137.432 10.000
3 65 108.026 -137.432 10.000 107.530 -137.121 11.414 105.089 -140.533 11.414
3 65 103.994 -139.637 12.000 105.089 -140.533 11.414 107.530 -137.121 11.414
3 65 107.530 -137.121 11.414 106.331 -136.370 12.000 103.994 -139.637 12.000
3 65 105.133 -135.620 11.414 106.331 -136.370 12.000 108.011 -133.280 12.000
3 65 108.011 -133.280 12.000 106.730 -132.680 11.414 105.133 -135.620 11.414
3 65 104.636 -135.309 10.000 105.133 -135.620 11.414 106.730 -132.680 11.414
3 65 106.730 -132.680 11.414 106.200 -132.432 10.000 104.636 -135.309 10.000
3 65 105.133 -135.620 8.586 104.636 -135.309 10.000 106.200 -132.432 10.000
3 65 106.200 -132.432 10.000 106.730 -132.680 8.586 105.133 -135.620 8.586
3 65 106.331 -136.370 8.000 105.133 -135.620 8.586 106.730 -132.680 8.586
3 65 106.730 -132.680 8.586 108.011 -133.280 8.000 106.331 -136.370 8.000
3 65 107.530 -137.121 8.586 106.331 -136.370 8.000 108.011 -133.280 8.000
3 65 108.011 -133.280 8.000 109.292 -133.880 8.586 107.530 -137.121 8.586
3 65 108.026 -137.432 10.000 107.530 -137.121 8.586 109.292 -133.880 8.586
3 65 109.292 -133.880 8.586 109.823 -134.128 10.000 108.026 -137.432 10.000
3 65 107.530 -137.121 11.414 108.026 -137.432 10.000 109.823 -134.128 10.000
3 65 109.823 -134.128 10.000 109.292 -133.880 11.414 107.530 -137.121 11.414
3 65 106.331 -136.370 12.000 107.530 -137.121 11.414 109.292 -133.880 11.414
3 65 109.292 -133.880 11.414 108.011 -133.280 12.000 106.331 -136.370 12.000
3 65 106.730 -132.680 11.414 108.011 -133.280 12.000 109.492 -129.547 12.000
3 65 109.492 -129.547 12.000 108.147 -129.112 11.414 106.730 -132.680 11.414
3 65 106.200 -132.432 10.000 106.730 -132.680 11.414 108.147 -129.112 11.414
3 65 108.147 -129.112 11.414 107.590 -128.931 10.000 106.200 -132.432 10.000
3 65 106.730 -132.680 8.586 106.200 -132.432 10.000 107.590 -128.931 10.000
3 65 107.590 -128.931 10.000 108.147 -129.112 8.586 106.730 -132.680 8.586
3 65 108.011 -133.280 8.000 106.730 -132.680 8.586 108.147 -129.112 8.586
3 65 108.147 -129.112 8.586 109.492 -129.547 8.000 108.011 -133.280 8.000
3 65 109.292 -133.880 8.586 108.011 -133.280 8.000 109.492 -129.547 8.000
3 65 109.492 -129.547 8.000 110.838 -129.982 8.586 109.292 -133.880 8.586
3 65 109.823 -134.128 10.000 109.292 -133.880 8.586 110.838 -129.982 8.586
3 65 110.838 -129.982 8.586 111.395 -130.163 10.000 109.823 -134.128 10.000
3 65 109.292 -133.880 11.414 109.823 -134.128 10.000 111.395 -130.163 10.000
3 65 111.395 -130.163 10.000 110.838 -129.982 11.414 109.292 -133.880 11.414
3 65 108.011 -133.280 12.000 109.292 -133.880 11.414 110.838 -129.982 11.414
3 65 110.838 -129.982 11.414 109.492 -129.547 12.000 108.011 -133.280 12.000
3 65 108.147 -129.112 11.414 109.492 -129.547 12.000 110.478 -125.654 12.000
3 65 110.478 -125.654 12.000 109.088 -125.396 11.414 108.147 -129.112 11.414
3 65 107.590 -128.931 10.000 108.147 -129.112 11.414 109.088 -125.396 11.414
3 65 109.088 -125.396 11.414 108.512 -125.290 10.000 107.590 -128.931 10.000
3 65 108.147 -129.112 8.586 107.590 -128.931 10.000 108.512 -125.290 10.000
3 65 108.512 -125.290 10.000 109.088 -125.396 8.586 108.147 -129.112 8.586
3 65 109.492 -129.547 8.000 108.147 -129.112 8.586 109.088 -125.396 8.586
3 65 109.088 -125.396 8.586 110.478 -125.654 8.000 109.492 -129.547 8.000
3 65 110.838 -129.982 8.586 109.492 -129.547 8.000 110.478 -125.654 8.000
3 65 110.478 -125.654 8.000 111.869 -125.912 8.586 110.838 -129.982 8.586
3 65 111.395 -130.163 10.000 110.838 -129.982 8.586 111.869 -125.912 8.586
3 65 111.869 -125.912 8.586 112.445 -126.018 10.000 111.395 -130.163 10.000
3 65 110.838 -129.982 11.414 111.395 -130.163 10.000 112.445 -126.018 10.000
3 65 112.445 -126.018 10.000 111.869 -125.912 11.414 110.838 -129.982 11.414
3 65 109.492 -129.547 12.000 110.838 -129.982 11.414 111.869 -125.912 11.414
3 65 111.869 -125.912 11.414 110.478 -125.654 12.000 109.492 -129.547 12.000
3 65 109.088 -125.396 11.414 110.478 -125.654 12.000 110.953 -121.666 12.000
3 65 110.953 -121.666 12.000 109.541 -121.590 11.414 109.088 -125.396 11.414
3 65 108.512 -125.290 10.000 109.088 -125.396 11.414 109.541 -121.590 11.414
3 65 109.541 -121.590 11.414 108.956 -121.559 10.000 108.512 -125.290 10.000
3 65 109.088 -125.396 8.586 108.512 -125.290 10.000 108.956 -121.559 10.000
3 65 108.956 -121.559 10.000 109.541 -121.590 8.586 109.088 -125.396 8.586
3 65 110.478 -125.654 8.000 109.088 -125.396 8.586 109.541 -121.590 8.586
3 65 109.541 -121.590 8.586 110.953 -121.666 8.000 110.478 -125.654 8.000
3 65 111.869 -125.912 8.586 110.478 -125.654 8.000 110.953 -121.666 8.000
3 65 110.953 -121.666 8.000 112.365 -121.742 8.586 111.869 -125.912 8.586
3 65 112.445 -126.018 10.000 111.869 -125.912 8.586 112.365 -121.742 8.586
3 65 112.365 -121.742 8.586 112.950 -121.773 10.000 112.445 -126.018 10.000
3 65 111.869 -125.912 11.414 112.445 -126.018 10.000 112.950 -121.773 10.000
3 65 112.950 -121.773 10.000 112.365 -121.742 11.414 111.869 -125.912 11.414
3 65 110.478 -125.654 12.000 111.869 -125.912 11.414 112.365 -121.742 11.414
3 65 112.365 -121.742 11.414 110.953 -121.666 12.000 110.478 -125.654 12.000
3 65 109.541 -121.590 11.414 110.953 -121.666 12.000 110.908 -117.651 12.000
3 65 110.908 -117.651 12.000 109.498 -117.758 11.414 109.541 -121.590 11.414
3 65 108.956 -121.559 10.000 109.541 -121.590 11.414 109.498 -117.758 11.414
3 65 109.498 -117.758 11.414 108.914 -117.802 10.000 108.956 -121.559 10.000
3 65 109.541 -121.590 8.586 108.956 -121.559 10.000 108.914 -117.802 10.000
3 65 108.914 -117.802 10.000 109.498 -117.758 8.586 109.541 -121.590 8.586
3 65 110.953 -121.666 8.000 109.541 -121.590 8.586 109.498 -117.758 8.586
3 65 109.498 -117.758 8.586 110.908 -117.651 8.000 110.953 -121.666 8.000
3 65 112.365 -121.742 8.586 110.953 -121.666 8.000 110.908 -117.651 8.000
3 65 110.908 -117.651 8.000 112.318 -117.544 8.586 112.365 -121.742 8.586
3 65 112.950 -121.773 10.000 112.365 -121.742 8.586 112.318 -117.544 8.586
3 65 112.318 -117.544 8.586 112.902 -117.499 10.000 112.950 -121.773 10.000
3 65 112.365 -121.742 11.414 112.950 -121.773 10.000 112.902 -117.499 10.000
3 65 112.902 -117.499 10.000 112.318 -117.544 11.414 112.365 -121.742 11.414
3 65 110.953 -121.666 12.000 112.365 -121.742 11.414 112.318 -117.544 11.414
3 65 112.318 -117.544 11.414 110.908 -117.651 12.000 110.953 -121.666 12.000
3 65 109.498 -117.758 11.414 110.908 -117.651 12.000 110.347 -113.674 12.000
3 65 110.347 -113.674 12.000 108.962 -113.963 11.414 109.498 -117.758 11.414
3 65 108.914 -117.802 10.000 109.498 -117.758 11.414 108.962 -113.963 11.414
3 65 108.962 -113.963 11.414 108.389 -114.082 10.000 108.914 -117.802 10.000
3 65 109.498 -117.758 8.586 108.914 -117.802 10.000 108.389 -114.082 10.000
3 65 108.389 -114.082 10.000 108.962 -113.963 8.586 109.498 -117.758 8.586
3 65 110.908 -117.651 8.000 109.498 -117.758 8.586 108.962 -113.963 8.586
3 65 108.962 -113.963 8.586 110.347 -113.674 8.000 110.908 -117.651 8.000
3 65 112.318 -117.544 8.586 110.908 -117.651 8.000 110.347 -113.674 8.000
3 65 110.347 -113.674 8.000 111.731 -113.386 8.586 112.318 -117.544 8.586
3 65 112.902 -117.499 10.000 112.318 -117.544 8.586 111.731 -113.386 8.586
3 65 111.731 -113.386 8.586 112.305 -113.266 10.000 112.902 -117.499 10.000
3 65 112.318 -117.544 11.414 112.902 -117.499 10.000 112.305 -113.266 10.000
3 65 112.305 -113.266 10.000 111.731 -113.386 11.414 112.318 -117.544 11.414
3 65 110.908 -117.651 12.000 112.318 -117.544 11.414 111.731 -113.386 11.414
3 65 111.731 -113.386 11.414 110.347 -113.674 12.000 110.908 -117.651 12.000
3 65 108.962 -113.963 11.414 110.347 -113.674 12.000 109.274 -109.804 12.000
3 65 109.274 -109.804 12.000 107.938 -110.270 11.414 108.962 -113.963 11.414
3 65 108.389 -114.082 10.000 108.962 -113.963 11.414 107.938 -110.270 11.414
3 65 107.938 -110.270 11.414 107.385 -110.462 10.000 108.389 -114.082 10.000
3 65 108.962 -113.963 8.586 108.389 -114.082 10.000 107.385 -110.462 10.000
3 65 107.385 -110.462 10.000 107.938 -110.270 8.586 108.962 -113.963 8.586
3 65 110.347 -113.674 8.000 108.962 -113.963 8.586 107.938 -110.270 8.586
3 65 107.938 -110.270 8.586 109.274 -109.804 8.000 110.347 -113.674 8.000
3 65 111.731 -113.386 8.586 110.347 -113.674 8.000 109.274 -109.804 8.000
3 65 109.274 -109.804 8.000 110.609 -109.339 8.586 111.731 -113.386 8.586
3 65 112.305 -113.266 10.000 111.731 -113.386 8.586 110.609 -109.339 8.586
3 65 110.609 -109.339 8.586 111.162 -109.146 10.000 112.305 -113.266 10.000
3 65 111.731 -113.386 11.414 112.305 -113.266 10.000 111.162 -109.146 10.000
3 65 111.162 -109.146 10.000 110.609 -109.339 11.414 111.731 -113.386 11.414
3 65 110.347 -113.674 12.000 111.731 -113.386 11.414 110.609 -109.339 11.414
3 65 110.609 -109.339 11.414 109.274 -109.804 12.000 110.347 -113.674 12.000
3 65 107.938 -110.270 11.414 109.274 -109.804 12.000 107.709 -106.105 12.000
3 65 107.709 -106.105 12.000 106.445 -106.740 11.414 107.938 -110.270 11.414
3 65 107.385 -110.462 10.000 107.938 -110.270 11.414 106.445 -106.740 11.414
3 65 106.445 -106.740 11.414 105.921 -107.002 10.000 107.385 -110.462 10.000
3 65 107.938 -110.270 8.586 107.385 -110.462 10.000 105.921 -107.002 10.000
3 65 105.921 -107.002 10.000 106.445 -106.740 8.586 107.938 -110.270 8.586
3 65 109.274 -109.804 8.000 107.938 -110.270 8.586 106.445 -106.740 8.586
3 65 106.445 -106.740 8.586 107.709 -106.105 8.000 109.274 -109.804 8.000
3 65 110.609 -109.339 8.586 109.274 -109.804 8.000 107.709 -106.105 8.000
3 65 107.709 -106.105 8.000 108.973 -105.471 8.586 110.609 -109.339 8.586
3 65 111.162 -109.146 10.000 110.609 -109.339 8.586 108.973 -105.471 8.586
3 65 108.973 -105.471 8.586 109.497 -105.209 10.000 111.162 -109.146 10.000
3 65 110.609 -109.339 11.414 111.162 -109.146 10.000 109.497 -105.209 10.000
3 65 109.497 -105.209 10.000 108.973 -105.471 11.414 110.609 -109.339 11.414
3 65 109.274 -109.804 12.000 110.609 -109.339 11.414 108.973 -105.471 11.414
3 65 108.973 -105.471 11.414 107.709 -106.105 12.000 109.274 -109.804 12.000
3 65 106.445 -106.740 11.414 107.709 -106.105 12.000 105.680 -102.640 12.000
3 65 105.680 -102.640 12.000 104.508 -103.432 11.414 106.445 -106.740 11.414
3 65 105.921 -107.002 10.000 106.445 -106.740 11.414 104.508 -103.432 11.414
3 65 104.508 -103.432 11.414 104.022 -103.760 10.000 105.921 -107.002 10.000
3 65 106.445 -106.740 8.586 105.921 -107.002 10.000 104.022 -103.760 10.000
3 65 104.022 -103.760 10.000 104.508 -103.432 8.586 106.445 -106.740 8.586
3 65 107.709 -106.105 8.000 106.445 -106.740 8.586 104.508 -103.432 8.586
3 65 104.508 -103.432 8.586 105.680 -102.640 8.000 107.709 -106.105 8.000
3 65 108.973 -105.471 8.586 107.709 -106.105 8.000 105.680 -102.640 8.000
3 65 105.680 -102.640 8.000 106.851 -101.848 8.586 108.973 -105.471 8.586
3 65 109.497 -105.209 10.000 108.973 -105.471 8.586 106.851 -101.848 8.586
3 65 106.851 -101.848 8.586 107.337 -101.520 10.000 109.497 -105.209 10.000
3 65 108.973 -105.471 11.414 109.497 -105.209 10.000 107.337 -101.520 10.000
3 65 107.337 -101.520 10.000 106.851 -101.848 11.414 108.973 -105.471 11.414
3 65 107.709 -106.105 12.000 108.973 -105.471 11.414 106.851 -101.848 11.414
3 65 106.851 -101.848 11.414 105.680 -102.640 12.000 107.709 -106.105 12.000
3 65 104.508 -103.432 11.414 105.680 -102.640 12.000 103.213 -99.455 12.000
3 65 103.213 -99.455 12.000 102.131 -100.365 11.414 104.508 -103.432 11.414
3 65 104.022 -103.760 10.000 104.508 -103.432 11.414 102.131 -100.365 11.414
3 65 102.131 -100.365 11.414 101.688 -100.748 10.000 104.022 -103.760 10.000
3 65 104.508 -103.432 8.586 104.022 -103.760 10.000 101.688 -100.748 10.000
3 65 101.688 -100.748 10.000 102.143 -100.379 8.586 104.508 -103.432 8.586
3 65 105.680 -102.640 8.000 104.508 -103.432 8.586 102.143 -100.379 8.586
3 65 102.143 -100.379 8.586 103.230 -99.474 8.000 105.680 -102.640 8.000
3 65 106.851 -101.848 8.586 105.680 -102.640 8.000 103.230 -99.474 8.000
3 65 103.230 -99.474 8.000 104.312 -98.564 8.586 106.851 -101.848 8.586
3 65 107.337 -101.520 10.000 106.851 -101.848 8.586 104.312 -98.564 8.586
3 65 104.312 -98.564 8.586 104.755 -98.181 10.000 107.337 -101.520 10.000
3 65 106.851 -101.848 11.414 107.337 -101.520 10.000 104.755 -98.181 10.000
3 65 104.755 -98.181 10.000 104.300 -98.550 11.414 106.851 -101.848 11.414
3 65 105.680 -102.640 12.000 106.851 -101.848 11.414 104.300 -98.550 11.414
3 65 104.300 -98.550 11.414 103.213 -99.455 12.000 105.680 -102.640 12.000
3 65 102.131 -100.365 11.414 103.213 -99.455 12.000 100.493 -96.445 11.948
3 65 100.493 -96.445 11.948 99.454 -97.405 11.362 102.131 -100.365 11.414
3 65 101.688 -100.748 10.000 102.131 -100.365 11.414 99.454 -97.405 11.362
3 65 99.454 -97.405 11.362 99.044 -97.825 9.948 101.688 -100.748 10.000
3 65 102.143 -100.379 8.586 101.688 -100.748 10.000 99.044 -97.825 9.948
3 65 99.044 -97.825 9.948 99.502 -97.459 8.534 102.143 -100.379 8.586
3 65 103.230 -99.474 8.000 102.143 -100.379 8.586 99.502 -97.459 8.534
3 65 99.502 -97.459 8.534 100.561 -96.521 7.949 103.230 -99.474 8.000
3 65 104.312 -98.564 8.586 103.230 -99.474 8.000 100.561 -96.521 7.949
3 65 100.561 -96.521 7.949 101.600 -95.562 8.534 104.312 -98.564 8.586
3 65 104.755 -98.181 10.000 104.312 -98.564 8.586 101.600 -95.562 8.534
3 65 101.600 -95.562 8.534 102.010 -95.142 9.948 104.755 -98.181 10.000
3 65 104.300 -98.550 11.414 104.755 -98.181 10.000 102.010 -95.142 9.948
3 65 102.010 -95.142 9.948 101.551 -95.508 11.362 104.300 -98.550 11.414
3 65 103.213 -99.455 12.000 104.300 -98.550 11.414 101.551 -95.508 11.362
3 65 101.551 -95.508 11.362 100.493 -96.445 11.948 103.213 -99.455 12.000
3 65 99.454 -97.405 11.362 100.493 -96.445 11.948 95.070 -90.457 11.638
3 65 95.070 -90.457 11.638 94.041 -91.427 11.053 99.454 -97.405 11.362
3 65 99.044 -97.825 9.948 99.454 -97.405 11.362 94.041 -91.427 11.053
3 65 94.041 -91.427 11.053 93.654 -91.872 9.640 99.044 -97.825 9.948
3 65 99.502 -97.459 8.534 99.044 -97.825 9.948 93.654 -91.872 9.640
3 65 93.654 -91.872 9.640 94.135 -91.531 8.228 99.502 -97.459 8.534
3 65 100.561 -96.521 7.949 99.502 -97.459 8.534 94.135 -91.531 8.228
3 65 94.135 -91.531 8.228 95.203 -90.603 7.643 100.561 -96.521 7.949
3 65 101.600 -95.562 8.534 100.561 -96.521 7.949 95.203 -90.603 7.643
3 65 95.203 -90.603 7.643 96.231 -89.632 8.228 101.600 -95.562 8.534
3 65 102.010 -95.142 9.948 101.600 -95.562 8.534 96.231 -89.632 8.228
3 65 96.231 -89.632 8.228 96.619 -89.187 9.640 102.010 -95.142 9.948
3 65 101.551 -95.508 11.362 102.010 -95.142 9.948 96.619 -89.187 9.640
3 65 96.619 -89.187 9.640 96.137 -89.529 11.053 101.551 -95.508 11.362
3 65 100.493 -96.445 11.948 101.551 -95.508 11.362 96.137 -89.529 11.053
3 65 96.137 -89.529 11.053 95.070 -90.457 11.638 100.493 -96.445 11.948
3 65 94.041 -91.427 11.053 95.070 -90.457 11.638 81.583 -75.565 10.417
3 65 81.583 -75.565 10.417 80.561 -76.543 9.832 94.041 -91.427 11.053
3 65 93.654 -91.872 9.640 94.041 -91.427 11.053 80.561 -76.543 9.832
3 65 80.561 -76.543 9.832 80.190 -77.006 8.421 93.654 -91.872 9.640
3 65 94.135 -91.531 8.228 93.654 -91.872 9.640 80.190 -77.006 8.421
3 65 80.190 -77.006 8.421 80.688 -76.683 7.010 94.135 -91.531 8.228
3 65 95.203 -90.603 7.643 94.135 -91.531 8.228 80.688 -76.683 7.010
3 65 80.688 -76.683 7.010 81.762 -75.762 6.426 95.203 -90.603 7.643
3 65 96.231 -89.632 8.228 95.203 -90.603 7.643 81.762 -75.762 6.426
3 65 81.762 -75.762 6.426 82.784 -74.784 7.010 96.231 -89.632 8.228
3 65 96.619 -89.187 9.640 96.231 -89.632 8.228 82.784 -74.784 7.010
3 65 82.784 -74.784 7.010 83.155 -74.321 8.421 96.619 -89.187 9.640
3 65 96.137 -89.529 11.053 96.619 -89.187 9.640 83.155 -74.321 8.421
3 65 83.155 -74.321 8.421 82.658 -74.645 9.832 96.137 -89.529 11.053
3 65 95.070 -90.457 11.638 96.137 -89.529 11.053 82.658 -74.645 9.832
3 65 82.658 -74.645 9.832 81.583 -75.565 10.417 95.070 -90.457 11.638
3 65 80.561 -76.543 9.832 81.583 -75.565 10.417 68.119 -60.700 8.961
3 65 68.119 -60.700 8.961 67.100 -61.682 8.377 80.561 -76.543 9.832
3 65 80.190 -77.006 8.421 80.561 -76.543 9.832 67.100 -61.682 8.377
3 65 67.100 -61.682 8.377 66.736 -62.153 6.967 80.190 -77.006 8.421
3 65 80.688 -76.683 7.010 80.190 -77.006 8.421 66.736 -62.153 6.967
3 65 66.736 -62.153 6.967 67.241 -61.837 5.557 80.688 -76.683 7.010
3 65 81.762 -75.762 6.426 80.688 -76.683 7.010 67.241 -61.837 5.557
3 65 67.241 -61.837 5.557 68.318 -60.920 4.972 81.762 -75.762 6.426
3 65 82.784 -74.784 7.010 81.762 -75.762 6.426 68.318 -60.920 4.972
3 65 68.318 -60.920 4.972 69.337 -59.938 5.557 82.784 -74.784 7.010
3 65 83.155 -74.321 8.421 82.784 -74.784 7.010 69.337 -59.938 5.557
3 65 69.337 -59.938 5.557 69.701 -59.467 6.967 83.155 -74.321 8.421
3 65 82.658 -74.645 9.832 83.155 -74.321 8.421 69.701 -59.467 6.967
3 65 69.701 -59.467 6.967 69.196 -59.783 8.377 82.658 -74.645 9.832
3 65 81.583 -75.565 10.417 82.658 -74.645 9.832 69.196 -59.783 8.377
3 65 69.196 -59.783 8.377 68.119 -60.700 8.961 81.583 -75.565 10.417
3 65 67.100 -61.682 8.377 68.119 -60.700 8.961 41.220 -31.004 5.903
3 65 41.220 -31.004 5.903 40.201 -31.984 5.318 67.100 -61.682 8.377
3 65 66.736 -62.153 6.967 67.100 -61.682 8.377 40.201 -31.984 5.318
3 65 40.201 -31.984 5.318 39.835 -32.454 3.908 66.736 -62.153 6.967
3 65 67.241 -61.837 5.557 66.736 -62.153 6.967 39.835 -32.454 3.908
3 65 39.835 -32.454 3.908 40.338 -32.136 2.497 67.241 -61.837 5.557
3 65 68.318 -60.920 4.972 67.241 -61.837 5.557 40.338 -32.136 2.497
3 65 40.338 -32.136 2.497 41.415 -31.218 1.913 68.318 -60.920 4.972
3 65 69.337 -59.938 5.557 68.318 -60.920 4.972 41.415 -31.218 1.913
3 65 41.415 -31.218 1.913 42.434 -30.237 2.497 69.337 -59.938 5.557
3 65 69.701 -59.467 6.967 69.337 -59.938 5.557 42.434 -30.237 2.497
3 65 42.434 -30.237 2.497 42.800 -29.768 3.908 69.701 -59.467 6.967
3 65 69.196 -59.783 8.377 69.701 -59.467 6.967 42.800 -29.768 3.908
3 65 42.800 -29.768 3.908 42.297 -30.086 5.318 69.196 -59.783 8.377
3 65 68.119 -60.700 8.961 69.196 -59.783 8.377 42.297 -30.086 5.318
3 65 42.297 -30.086 5.318 41.220 -31.004 5.903 68.119 -60.700 8.961
3 65 40.201 -31.984 5.318 41.220 -31.004 5.903 19.707 -7.252 3.697
3 65 19.707 -7.252 3.697 18.682 -8.226 3.112 40.201 -31.984 5.318
3 65 39.835 -32.454 3.908 40.201 -31.984 5.318 18.682 -8.226 3.112
3 65 18.682 -8.226 3.112 18.303 -8.681 1.701 39.835 -32.454 3.908
3 65 40.338 -32.136 2.497 39.835 -32.454 3.908 18.303 -8.681 1.701
3 65 18.303 -8.681 1.701 18.793 -8.349 0.289 40.338 -32.136 2.497
3 65 41.415 -31.218 1.913 40.338 -32.136 2.497 18.793 -8.349 0.289
3 65 18.793 -8.349 0.289 19.864 -7.425 -0.296 41.415 -31.218 1.913
3 65 42.434 -30.237 2.497 41.415 -31.218 1.913 19.864 -7.425 -0.296
3 65 19.864 -7.425 -0.296 20.890 -6.450 0.289 42.434 -30.237 2.497
3 65 42.800 -29.768 3.908 42.434 -30.237 2.497 20.890 -6.450 0.289
3 65 20.890 -6.450 0.289 21.268 -5.996 1.701 42.800 -29.768 3.908
3 65 42.297 -30.086 5.318 42.800 -29.768 3.908 21.268 -5.996 1.701
3 65 21.268 -5.996 1.701 20.779 -6.328 3.112 42.297 -30.086 5.318
3 65 41.220 -31.004 5.903 42.297 -30.086 5.318 20.779 -6.328 3.112
3 65 20.779 -6.328 3.112 19.707 -7.252 3.697 41.220 -31.004 5.903
3 65 18.682 -8.226 3.112 19.707 -7.252 3.697 11.653 1.642 3.118
3 65 11.653 1.642 3.118 10.620 0.677 2.533 18.682 -8.226 3.112
3 65 18.303 -8.681 1.701 18.682 -8.226 3.112 10.620 0.677 2.533
3 65 10.620 0.677 2.533 10.220 0.245 1.119 18.303 -8.681 1.701
3 65 18.793 -8.349 0.289 18.303 -8.681 1.701 10.220 0.245 1.119
3 65 10.220 0.245 1.119 10.689 0.600 -0.294 18.793 -8.349 0.289
3 65 19.864 -7.425 -0.296 18.793 -8.349 0.289 10.689 0.600 -0.294
3 65 10.689 0.600 -0.294 11.752 1.533 -0.879 19.864 -7.425 -0.296
3 65 20.890 -6.450 0.289 19.864 -7.425 -0.296 11.752 1.533 -0.879
3 65 11.752 1.533 -0.879 12.786 2.499 -0.294 20.890 -6.450 0.289
3 65 21.268 -5.996 1.701 20.890 -6.450 0.289 12.786 2.499 -0.294
3 65 12.786 2.499 -0.294 13.185 2.930 1.119 21.268 -5.996 1.701
3 65 20.779 -6.328 3.112 21.268 -5.996 1.701 13.185 2.930 1.119
3 65 13.185 2.930 1.119 12.716 2.576 2.533 20.779 -6.328 3.112
3 65 19.707 -7.252 3.697 20.779 -6.328 3.112 12.716 2.576 2.533
3 65 12.716 2.576 2.533 11.653 1.642 3.118 19.707 -7.252 3.697
3 65 10.620 0.677 2.533 11.653 1.642 3.118 8.986 4.588 3.017
3 65 8.986 4.588 3.017 7.969 3.605 2.432 10.620 0.677 2.533
3 65 10.220 0.245 1.119 10.620 0.677 2.533 7.969 3.605 2.432
3 65 7.969 3.605 2.432 7.560 3.185 1.018 10.220 0.245 1.119
3 65 10.689 0.600 -0.294 10.220 0.245 1.119 7.560 3.185 1.018
3 65 7.560 3.185 1.018 7.998 3.574 -0.396 10.689 0.600 -0.294
3 65 11.752 1.533 -0.879 10.689 0.600 -0.294 7.998 3.574 -0.396
3 65 7.998 3.574 -0.396 9.027 4.544 -0.982 11.752 1.533 -0.879
3 65 12.786 2.499 -0.294 11.752 1.533 -0.879 9.027 4.544 -0.982
3 65 9.027 4.544 -0.982 10.043 5.527 -0.397 12.786 2.499 -0.294
3 65 13.185 2.930 1.119 12.786 2.499 -0.294 10.043 5.527 -0.397
3 65 10.043 5.527 -0.397 10.453 5.947 1.017 13.185 2.930 1.119
3 65 12.716 2.576 2.533 13.185 2.930 1.119 10.453 5.947 1.017
3 65 10.453 5.947 1.017 10.015 5.558 2.431 12.716 2.576 2.533
3 65 11.653 1.642 3.118 12.716 2.576 2.533 10.015 5.558 2.431
3 65 10.015 5.558 2.431 8.986 4.588 3.017 11.653 1.642 3.118
3 65 7.969 3.605 2.432 8.986 4.588 3.017 6.157 7.394 3.000
3 65 6.157 7.394 3.000 5.378 6.214 2.415 7.969 3.605 2.432
3 65 7.560 3.185 1.018 7.969 3.605 2.432 5.378 6.214 2.415
3 65 5.378 6.214 2.415 5.058 5.723 1.001 7.560 3.185 1.018
3 65 7.998 3.574 -0.396 7.560 3.185 1.018 5.058 5.723 1.001
3 65 5.058 5.723 1.001 5.383 6.209 -0.414 7.998 3.574 -0.396
3 65 9.027 4.544 -0.982 7.998 3.574 -0.396 5.383 6.209 -0.414
3 65 5.383 6.209 -0.414 6.164 7.388 -1.000 9.027 4.544 -0.982
3 65 10.043 5.527 -0.397 9.027 4.544 -0.982 6.164 7.388 -1.000
3 65 6.164 7.388 -1.000 6.943 8.569 -0.415 10.043 5.527 -0.397
3 65 10.453 5.947 1.017 10.043 5.527 -0.397 6.943 8.569 -0.415
3 65 6.943 8.569 -0.415 7.263 9.060 0.999 10.453 5.947 1.017
3 65 10.015 5.558 2.431 10.453 5.947 1.017 7.263 9.060 0.999
3 65 7.263 9.060 0.999 6.938 8.573 2.414 10.015 5.558 2.431
3 65 8.986 4.588 3.017 10.015 5.558 2.431 6.938 8.573 2.414
3 65 6.938 8.573 2.414 6.157 7.394 3.000 8.986 4.588 3.017
3 65 5.378 6.214 2.415 6.157 7.394 3.000 2.462 8.896 3.000
3 65 2.462 8.896 3.000 2.232 7.501 2.414 5.378 6.214 2.415
3 65 5.058 5.723 1.001 5.378 6.214 2.415 2.232 7.501 2.414
3 65 2.232 7.501 2.414 2.136 6.923 1.000 5.058 5.723 1.001
3 65 5.383 6.209 -0.414 5.058 5.723 1.001 2.136 6.923 1.000
3 65 2.136 6.923 1.000 2.232 7.501 -0.414 5.383 6.209 -0.414
3 65 6.164 7.388 -1.000 5.383 6.209 -0.414 2.232 7.501 -0.414
3 65 2.232 7.501 -0.414 2.462 8.896 -1.000 6.164 7.388 -1.000
3 65 6.943 8.569 -0.415 6.164 7.388 -1.000 2.462 8.896 -1.000
3 65 2.462 8.896 -1.000 2.692 10.291 -0.414 6.943 8.569 -0.415
3 65 7.263 9.060 0.999 6.943 8.569 -0.415 2.692 10.291 -0.414
3 65 2.692 10.291 -0.414 2.787 10.869 1.000 7.263 9.060 0.999
3 65 6.938 8.573 2.414 7.263 9.060 0.999 2.787 10.869 1.000
3 65 2.787 10.869 1.000 2.692 10.291 2.414 6.938 8.573 2.414
3 65 6.157 7.394 3.000 6.938 8.573 2.414 2.692 10.291 2.414
3 65 2.692 10.291 2.414 2.462 8.896 3.000 6.157 7.394 3.000
3 65 2.232 7.501 2.414 2.462 8.896 3.000 -1.525 8.659 3.000
3 65 -1.525 8.659 3.000 -1.130 7.302 2.414 2.232 7.501 2.414
3 65 2.136 6.923 1.000 2.232 7.501 2.414 -1.130 7.302 2.414
3 65 -1.130 7.302 2.414 -0.967 6.739 1.000 2.136 6.923 1.000
3 65 2.232 7.501 -0.414 2.136 6.923 1.000 -0.967 6.739 1.000
3 65 -0.967 6.739 1.000 -1.130 7.302 -0.414 2.232 7.501 -0.414
3 65 2.462 8.896 -1.000 2.232 7.501 -0.414 -1.130 7.302 -0.414
3 65 -1.130 7.302 -0.414 -1.525 8.659 -1.000 2.462 8.896 -1.000
3 65 2.692 10.291 -0.414 2.462 8.896 -1.000 -1.525 8.659 -1.000
3 65 -1.525 8.659 -1.000 -1.920 10.017 -0.414 2.692 10.291 -0.414
3 65 2.787 10.869 1.000 2.692 10.291 -0.414 -1.920 10.017 -0.414
3 65 -1.920 10.017 -0.414 -2.084 10.580 1.000 2.787 10.869 1.000
3 65 2.692 10.291 2.414 2.787 10.869 1.000 -2.084 10.580 1.000
3 65 -2.084 10.580 1.000 -1.920 10.017 2.414 2.692 10.291 2.414
3 65 2.462 8.896 3.000 2.692 10.291 2.414 -1.920 10.017 2.414
3 65 -1.920 10.017 2.414 -1.525 8.659 3.000 2.462 8.896 3.000
3 65 -1.130 7.302 2.414 -1.525 8.659 3.000 -5.018 6.720 3.000
3 65 -5.018 6.720 3.000 -4.075 5.666 2.414 -1.130 7.302 2.414
3 65 -0.967 6.739 1.000 -1.130 7.302 2.414 -4.075 5.666 2.414
3 65 -4.075 5.666 2.414 -3.684 5.230 1.000 -0.967 6.739 1.000
3 65 -1.130 7.302 -0.414 -0.967 6.739 1.000 -3.684 5.230 1.000
3 65 -3.684 5.230 1.000 -4.075 5.666 -0.414 -1.130 7.302 -0.414
3 65 -1.525 8.659 -1.000 -1.130 7.302 -0.414 -4.075 5.666 -0.414
3 65 -4.075 5.666 -0.414 -5.018 6.720 -1.000 -1.525 8.659 -1.000
3 65 -1.920 10.017 -0.414 -1.525 8.659 -1.000 -5.018 6.720 -1.000
3 65 -5.018 6.720 -1.000 -5.962 7.774 -0.414 -1.920 10.017 -0.414
3 65 -2.084 10.580 1.000 -1.920 10.017 -0.414 -5.962 7.774 -0.414
3 65 -5.962 7.774 -0.414 -6.352 8.210 1.000 -2.084 10.580 1.000
3 65 -1.920 10.017 2.414 -2.084 10.580 1.000 -6.352 8.210 1.000
3 65 -6.352 8.210 1.000 -5.962 7.774 2.414 -1.920 10.017 2.414
3 65 -1.525 8.659 3.000 -1.920 10.017 2.414 -5.962 7.774 2.414
3 65 -5.962 7.774 2.414 -5.018 6.720 3.000 -1.525 8.659 3.000
3 65 -4.075 5.666 2.414 -5.018 6.720 3.000 -7.331 3.461 3.000
3 65 -7.331 3.461 3.000 -6.031 2.905 2.414 -4.075 5.666 2.414
3 65 -3.684 5.230 1.000 -4.075 5.666 2.414 -6.031 2.905 2.414
3 65 -6.031 2.905 2.414 -5.493 2.675 1.000 -3.684 5.230 1.000
3 65 -4.075 5.666 -0.414 -3.684 5.230 1.000 -5.493 2.675 1.000
3 65 -5.493 2.675 1.000 -6.031 2.905 -0.414 -4.075 5.666 -0.414
3 65 -5.018 6.720 -1.000 -4.075 5.666 -0.414 -6.031 2.905 -0.414
3 65 -6.031 2.905 -0.414 -7.331 3.461 -1.000 -5.018 6.720 -1.000
3 65 -5.962 7.774 -0.414 -5.018 6.720 -1.000 -7.331 3.461 -1.000
3 65 -7.331 3.461 -1.000 -8.632 4.017 -0.414 -5.962 7.774 -0.414
3 65 -6.352 8.210 1.000 -5.962 7.774 -0.414 -8.632 4.017 -0.414
3 65 -8.632 4.017 -0.414 -9.170 4.248 1.000 -6.352 8.210 1.000
3 65 -5.962 7.774 2.414 -6.352 8.210 1.000 -9.170 4.248 1.000
3 65 -9.170 4.248 1.000 -8.632 4.017 2.414 -5.962 7.774 2.414
3 65 -5.018 6.720 3.000 -5.962 7.774 2.414 -8.632 4.017 2.414
3 65 -8.632 4.017 2.414 -7.331 3.461 3.000 -5.018 6.720 3.000
3 65 -6.031 2.905 2.414 -7.331 3.461 3.000 -8.000 0.000 3.000
3 65 -8.000 0.000 3.000 -6.586 0.000 2.414 -6.031 2.905 2.414
3 65 -5.493 2.675 1.000 -6.031 2.905 2.414 -6.586 0.000 2.414
3 65 -6.586 0.000 2.414 -6.000 0.000 1.000 -5.493 2.675 1.000
3 65 -6.031 2.905 -0.414 -5.493 2.675 1.000 -6.000 0.000 1.000
3 65 -6.000 0.000 1.000 -6.586 0.000 -0.414 -6.031 2.905 -0.414
3 65 -7.331 3.461 -1.000 -6.031 2.905 -0.414 -6.586 0.000 -0.414
3 65 -6.586 0.000 -0.414 -8.000 0.000 -1.000 -7.331 3.461 -1.000
3 65 -8.632 4.017 -0.414 -7.331 3.461 -1.000 -8.000 0.000 -1.000
3 65 -8.000 0.000 -1.000 -9.414 0.000 -0.414 -8.632 4.017 -0.414
3 65 -9.170 4.248 1.000 -8.632 4.017 -0.414 -9.414 0.000 -0.414
3 65 -9.414 0.000 -0.414 -10.000 0.000 1.000 -9.170 4.248 1.000
3 65 -8.632 4.017 2.414 -9.170 4.248 1.000 -10.000 0.000 1.000
3 65 -10.000 0.000 1.000 -9.414 0.000 2.414 -8.632 4.017 2.414
3 65 -7.331 3.461 3.000 -8.632 4.017 2.414 -9.414 0.000 2.414
3 65 -9.414 0.000 2.414 -8.000 0.000 3.000 -7.331 3.461 3.000
