0 FILE xpj106.dat
0 xpj106
0 Name:  UntitledModel
0 Author:  
0 BL_Item_No xpj106.dat
0 BFC CERTIFY CCW
3 65 -7.086 0.000 1.414 -8.500 0.000 2.000 -7.572 -3.860 2.000
3 65 -7.572 -3.860 2.000 -6.312 -3.218 1.414 -7.086 0.000 1.414
3 65 -6.500 0.000 0.000 -7.086 0.000 1.414 -6.312 -3.218 1.414
3 65 -6.312 -3.218 1.414 -5.790 -2.951 0.000 -6.500 0.000 0.000
3 65 -7.086 0.000 -1.414 -6.500 0.000 0.000 -5.790 -2.951 0.000
3 65 -5.790 -2.951 0.000 -6.312 -3.218 -1.414 -7.086 0.000 -1.414
3 65 -8.500 0.000 -2.000 -7.086 0.000 -1.414 -6.312 -3.218 -1.414
3 65 -6.312 -3.218 -1.414 -7.572 -3.860 -2.000 -8.500 0.000 -2.000
3 65 -9.914 0.000 -1.414 -8.500 0.000 -2.000 -7.572 -3.860 -2.000
3 65 -7.572 -3.860 -2.000 -8.831 -4.503 -1.414 -9.914 0.000 -1.414
3 65 -10.500 0.000 0.000 -9.914 0.000 -1.414 -8.831 -4.503 -1.414
3 65 -8.831 -4.503 -1.414 -9.353 -4.769 0.000 -10.500 0.000 0.000
3 65 -9.914 0.000 1.414 -10.500 0.000 0.000 -9.353 -4.769 0.000
3 65 -9.353 -4.769 0.000 -8.831 -4.503 1.414 -9.914 0.000 1.414
3 65 -8.500 0.000 2.000 -9.914 0.000 1.414 -8.831 -4.503 1.414
3 65 -8.831 -4.503 1.414 -7.572 -3.860 2.000 -8.500 0.000 2.000
3 65 -6.312 -3.218 1.414 -7.572 -3.860 2.000 -4.991 -6.878 2.000
3 65 -4.991 -6.878 2.000 -4.148 -5.742 1.414 -6.312 -3.218 1.414
3 65 -5.790 -2.951 0.000 -6.312 -3.218 1.414 -4.148 -5.742 1.414
3 65 -4.148 -5.742 1.414 -3.800 -5.271 0.000 -5.790 -2.951 0.000
3 65 -6.312 -3.218 -1.414 -5.790 -2.951 0.000 -3.800 -5.271 0.000
3 65 -3.800 -5.271 0.000 -4.149 -5.741 -1.414 -6.312 -3.218 -1.414
3 65 -7.572 -3.860 -2.000 -6.312 -3.218 -1.414 -4.149 -5.741 -1.414
3 65 -4.149 -5.741 -1.414 -4.992 -6.877 -2.000 -7.572 -3.860 -2.000
3 65 -8.831 -4.503 -1.414 -7.572 -3.860 -2.000 -4.992 -6.877 -2.000
3 65 -4.992 -6.877 -2.000 -5.835 -8.013 -1.414 -8.831 -4.503 -1.414
3 65 -9.353 -4.769 0.000 -8.831 -4.503 -1.414 -5.835 -8.013 -1.414
3 65 -5.835 -8.013 -1.414 -6.183 -8.483 0.000 -9.353 -4.769 0.000
3 65 -8.831 -4.503 1.414 -9.353 -4.769 0.000 -6.183 -8.483 0.000
3 65 -6.183 -8.483 0.000 -5.834 -8.013 1.414 -8.831 -4.503 1.414
3 65 -7.572 -3.860 2.000 -8.831 -4.503 1.414 -5.834 -8.013 1.414
3 65 -5.834 -8.013 1.414 -4.991 -6.878 2.000 -7.572 -3.860 2.000
3 65 -4.148 -5.742 1.414 -4.991 -6.878 2.000 -1.326 -8.484 1.997
3 65 -1.326 -8.484 1.997 -0.839 -7.156 1.411 -4.148 -5.742 1.414
3 65 -3.800 -5.271 0.000 -4.148 -5.742 1.414 -0.839 -7.156 1.411
3 65 -0.839 -7.156 1.411 -0.649 -6.602 -0.003 -3.800 -5.271 0.000
3 65 -4.149 -5.741 -1.414 -3.800 -5.271 0.000 -0.649 -6.602 -0.003
3 65 -0.649 -6.602 -0.003 -0.866 -7.147 -1.417 -4.149 -5.741 -1.414
3 65 -4.992 -6.877 -2.000 -4.149 -5.741 -1.414 -0.866 -7.147 -1.417
3 65 -0.866 -7.147 -1.417 -1.364 -8.471 -2.003 -4.992 -6.877 -2.000
3 65 -5.835 -8.013 -1.414 -4.992 -6.877 -2.000 -1.364 -8.471 -2.003
3 65 -1.364 -8.471 -2.003 -1.850 -9.799 -1.416 -5.835 -8.013 -1.414
3 65 -6.183 -8.483 0.000 -5.835 -8.013 -1.414 -1.850 -9.799 -1.416
3 65 -1.850 -9.799 -1.416 -2.040 -10.353 -0.002 -6.183 -8.483 0.000
3 65 -5.834 -8.013 1.414 -6.183 -8.483 0.000 -2.040 -10.353 -0.002
3 65 -2.040 -10.353 -0.002 -1.823 -9.808 1.412 -5.834 -8.013 1.414
3 65 -4.991 -6.878 2.000 -5.834 -8.013 1.414 -1.823 -9.808 1.412
3 65 -1.823 -9.808 1.412 -1.326 -8.484 1.997 -4.991 -6.878 2.000
3 65 -0.839 -7.156 1.411 -1.326 -8.484 1.997 6.380 -10.842 1.840
3 65 6.380 -10.842 1.840 6.775 -9.484 1.254 -0.839 -7.156 1.411
3 65 -0.649 -6.602 -0.003 -0.839 -7.156 1.411 6.775 -9.484 1.254
3 65 6.775 -9.484 1.254 6.901 -8.910 -0.159 -0.649 -6.602 -0.003
3 65 -0.866 -7.147 -1.417 -0.649 -6.602 -0.003 6.901 -8.910 -0.159
3 65 6.901 -8.910 -0.159 6.684 -9.456 -1.573 -0.866 -7.147 -1.417
3 65 -1.364 -8.471 -2.003 -0.866 -7.147 -1.417 6.684 -9.456 -1.573
3 65 6.684 -9.456 -1.573 6.251 -10.803 -2.158 -1.364 -8.471 -2.003
3 65 -1.850 -9.799 -1.416 -1.364 -8.471 -2.003 6.251 -10.803 -2.158
3 65 6.251 -10.803 -2.158 5.856 -12.161 -1.573 -1.850 -9.799 -1.416
3 65 -2.040 -10.353 -0.002 -1.850 -9.799 -1.416 5.856 -12.161 -1.573
3 65 5.856 -12.161 -1.573 5.730 -12.735 -0.159 -2.040 -10.353 -0.002
3 65 -1.823 -9.808 1.412 -2.040 -10.353 -0.002 5.730 -12.735 -0.159
3 65 5.730 -12.735 -0.159 5.947 -12.189 1.254 -1.823 -9.808 1.412
3 65 -1.326 -8.484 1.997 -1.823 -9.808 1.412 5.947 -12.189 1.254
3 65 5.947 -12.189 1.254 6.380 -10.842 1.840 -1.326 -8.484 1.997
3 65 6.775 -9.484 1.254 6.380 -10.842 1.840 10.256 -12.029 1.645
3 65 10.256 -12.029 1.645 10.636 -10.666 1.060 6.775 -9.484 1.254
3 65 6.901 -8.910 -0.159 6.775 -9.484 1.254 10.636 -10.666 1.060
3 65 10.636 -10.666 1.060 10.727 -10.082 -0.352 6.901 -8.910 -0.159
3 65 6.684 -9.456 -1.573 6.901 -8.910 -0.159 10.727 -10.082 -0.352
3 65 10.727 -10.082 -0.352 10.476 -10.617 -1.764 6.684 -9.456 -1.573
3 65 6.251 -10.803 -2.158 6.684 -9.456 -1.573 10.476 -10.617 -1.764
3 65 10.476 -10.617 -1.764 10.028 -11.959 -2.348 6.251 -10.803 -2.158
3 65 5.856 -12.161 -1.573 6.251 -10.803 -2.158 10.028 -11.959 -2.348
3 65 10.028 -11.959 -2.348 9.648 -13.322 -1.764 5.856 -12.161 -1.573
3 65 5.730 -12.735 -0.159 5.856 -12.161 -1.573 9.648 -13.322 -1.764
3 65 9.648 -13.322 -1.764 9.557 -13.906 -0.352 5.730 -12.735 -0.159
3 65 5.947 -12.189 1.254 5.730 -12.735 -0.159 9.557 -13.906 -0.352
3 65 9.557 -13.906 -0.352 9.808 -13.371 1.060 5.947 -12.189 1.254
3 65 6.380 -10.842 1.840 5.947 -12.189 1.254 9.808 -13.371 1.060
3 65 9.808 -13.371 1.060 10.256 -12.029 1.645 6.380 -10.842 1.840
3 65 10.636 -10.666 1.060 10.256 -12.029 1.645 14.128 -13.214 1.358
3 65 14.128 -13.214 1.358 14.494 -11.847 0.774 10.636 -10.666 1.060
3 65 10.727 -10.082 -0.352 10.636 -10.666 1.060 14.494 -11.847 0.774
3 65 14.494 -11.847 0.774 14.549 -11.251 -0.635 10.727 -10.082 -0.352
3 65 10.476 -10.617 -1.764 10.727 -10.082 -0.352 14.549 -11.251 -0.635
3 65 14.549 -11.251 -0.635 14.261 -11.776 -2.044 10.476 -10.617 -1.764
3 65 10.028 -11.959 -2.348 10.476 -10.617 -1.764 14.261 -11.776 -2.044
3 65 14.261 -11.776 -2.044 13.799 -13.113 -2.627 10.028 -11.959 -2.348
3 65 9.648 -13.322 -1.764 10.028 -11.959 -2.348 13.799 -13.113 -2.627
3 65 13.799 -13.113 -2.627 13.433 -14.480 -2.044 9.648 -13.322 -1.764
3 65 9.557 -13.906 -0.352 9.648 -13.322 -1.764 13.433 -14.480 -2.044
3 65 13.433 -14.480 -2.044 13.378 -15.076 -0.635 9.557 -13.906 -0.352
3 65 9.808 -13.371 1.060 9.557 -13.906 -0.352 13.378 -15.076 -0.635
3 65 13.378 -15.076 -0.635 13.666 -14.552 0.774 9.808 -13.371 1.060
3 65 10.256 -12.029 1.645 9.808 -13.371 1.060 13.666 -14.552 0.774
3 65 13.666 -14.552 0.774 14.128 -13.214 1.358 10.256 -12.029 1.645
3 65 14.494 -11.847 0.774 14.128 -13.214 1.358 21.783 -15.558 0.540
3 65 21.783 -15.558 0.540 22.139 -14.188 -0.042 14.494 -11.847 0.774
3 65 14.549 -11.251 -0.635 14.494 -11.847 0.774 22.139 -14.188 -0.042
3 65 22.139 -14.188 -0.042 22.171 -13.585 -1.449 14.549 -11.251 -0.635
3 65 14.261 -11.776 -2.044 14.549 -11.251 -0.635 22.171 -13.585 -1.449
3 65 22.171 -13.585 -1.449 21.860 -14.102 -2.856 14.261 -11.776 -2.044
3 65 13.799 -13.113 -2.627 14.261 -11.776 -2.044 21.860 -14.102 -2.856
3 65 21.860 -14.102 -2.856 21.388 -15.437 -3.438 13.799 -13.113 -2.627
3 65 13.433 -14.480 -2.044 13.799 -13.113 -2.627 21.388 -15.437 -3.438
3 65 21.388 -15.437 -3.438 21.032 -16.807 -2.856 13.433 -14.480 -2.044
3 65 13.378 -15.076 -0.635 13.433 -14.480 -2.044 21.032 -16.807 -2.856
3 65 21.032 -16.807 -2.856 21.000 -17.410 -1.449 13.378 -15.076 -0.635
3 65 13.666 -14.552 0.774 13.378 -15.076 -0.635 21.000 -17.410 -1.449
3 65 21.000 -17.410 -1.449 21.311 -16.892 -0.042 13.666 -14.552 0.774
3 65 14.128 -13.214 1.358 13.666 -14.552 0.774 21.311 -16.892 -0.042
3 65 21.311 -16.892 -0.042 21.783 -15.558 0.540 14.128 -13.214 1.358
3 65 22.139 -14.188 -0.042 21.783 -15.558 0.540 29.378 -17.883 -0.297
3 65 29.378 -17.883 -0.297 29.741 -16.515 -0.880 22.139 -14.188 -0.042
3 65 22.171 -13.585 -1.449 22.139 -14.188 -0.042 29.741 -16.515 -0.880
3 65 29.741 -16.515 -0.880 29.791 -15.917 -2.288 22.171 -13.585 -1.449
3 65 21.860 -14.102 -2.856 22.171 -13.585 -1.449 29.791 -15.917 -2.288
3 65 29.791 -15.917 -2.288 29.497 -16.440 -3.697 21.860 -14.102 -2.856
3 65 21.388 -15.437 -3.438 21.860 -14.102 -2.856 29.497 -16.440 -3.697
3 65 29.497 -16.440 -3.697 29.032 -17.777 -4.280 21.388 -15.437 -3.438
3 65 21.032 -16.807 -2.856 21.388 -15.437 -3.438 29.032 -17.777 -4.280
3 65 29.032 -17.777 -4.280 28.669 -19.145 -3.697 21.032 -16.807 -2.856
3 65 21.000 -17.410 -1.449 21.032 -16.807 -2.856 28.669 -19.145 -3.697
3 65 28.669 -19.145 -3.697 28.620 -19.742 -2.288 21.000 -17.410 -1.449
3 65 21.311 -16.892 -0.042 21.000 -17.410 -1.449 28.620 -19.742 -2.288
3 65 28.620 -19.742 -2.288 28.914 -19.219 -0.880 21.311 -16.892 -0.042
3 65 21.783 -15.558 0.540 21.311 -16.892 -0.042 28.914 -19.219 -0.880
3 65 28.914 -19.219 -0.880 29.378 -17.883 -0.297 21.783 -15.558 0.540
3 65 29.741 -16.515 -0.880 29.378 -17.883 -0.297 33.148 -19.037 -0.598
3 65 33.148 -19.037 -0.598 33.526 -17.673 -1.182 29.741 -16.515 -0.880
3 65 29.791 -15.917 -2.288 29.741 -16.515 -0.880 33.526 -17.673 -1.182
3 65 33.526 -17.673 -1.182 33.610 -17.087 -2.594 29.791 -15.917 -2.288
3 65 29.497 -16.440 -3.697 29.791 -15.917 -2.288 33.610 -17.087 -2.594
3 65 33.610 -17.087 -2.594 33.352 -17.620 -4.005 29.497 -16.440 -3.697
3 65 29.032 -17.777 -4.280 29.497 -16.440 -3.697 33.352 -17.620 -4.005
3 65 33.352 -17.620 -4.005 32.902 -18.961 -4.589 29.032 -17.777 -4.280
3 65 28.669 -19.145 -3.697 29.032 -17.777 -4.280 32.902 -18.961 -4.589
3 65 32.902 -18.961 -4.589 32.524 -20.325 -4.005 28.669 -19.145 -3.697
3 65 28.620 -19.742 -2.288 28.669 -19.145 -3.697 32.524 -20.325 -4.005
3 65 32.524 -20.325 -4.005 32.440 -20.911 -2.594 28.620 -19.742 -2.288
3 65 28.914 -19.219 -0.880 28.620 -19.742 -2.288 32.440 -20.911 -2.594
3 65 32.440 -20.911 -2.594 32.698 -20.378 -1.182 28.914 -19.219 -0.880
3 65 29.378 -17.883 -0.297 28.914 -19.219 -0.880 32.698 -20.378 -1.182
3 65 32.698 -20.378 -1.182 33.148 -19.037 -0.598 29.378 -17.883 -0.297
3 65 33.526 -17.673 -1.182 33.148 -19.037 -0.598 36.923 -20.192 -0.806
3 65 36.923 -20.192 -0.806 37.316 -18.834 -1.391 33.526 -17.673 -1.182
3 65 33.610 -17.087 -2.594 33.526 -17.673 -1.182 37.316 -18.834 -1.391
3 65 37.316 -18.834 -1.391 37.436 -18.258 -2.805 33.610 -17.087 -2.594
3 65 33.352 -17.620 -4.005 33.610 -17.087 -2.594 37.436 -18.258 -2.805
3 65 37.436 -18.258 -2.805 37.213 -18.802 -4.218 33.352 -17.620 -4.005
3 65 32.902 -18.961 -4.589 33.352 -17.620 -4.005 37.213 -18.802 -4.218
3 65 37.213 -18.802 -4.218 36.778 -20.148 -4.803 32.902 -18.961 -4.589
3 65 32.524 -20.325 -4.005 32.902 -18.961 -4.589 36.778 -20.148 -4.803
3 65 36.778 -20.148 -4.803 36.385 -21.507 -4.218 32.524 -20.325 -4.005
3 65 32.440 -20.911 -2.594 32.524 -20.325 -4.005 36.385 -21.507 -4.218
3 65 36.385 -21.507 -4.218 36.265 -22.083 -2.805 32.440 -20.911 -2.594
3 65 32.698 -20.378 -1.182 32.440 -20.911 -2.594 36.265 -22.083 -2.805
3 65 36.265 -22.083 -2.805 36.488 -21.538 -1.391 32.698 -20.378 -1.182
3 65 33.148 -19.037 -0.598 32.698 -20.378 -1.182 36.488 -21.538 -1.391
3 65 36.488 -21.538 -1.391 36.923 -20.192 -0.806 33.148 -19.037 -0.598
3 65 37.316 -18.834 -1.391 36.923 -20.192 -0.806 44.534 -22.522 -0.993
3 65 44.534 -22.522 -0.993 44.904 -21.157 -1.578 37.316 -18.834 -1.391
3 65 37.436 -18.258 -2.805 37.316 -18.834 -1.391 44.904 -21.157 -1.578
3 65 44.904 -21.157 -1.578 45.043 -20.587 -2.992 37.436 -18.258 -2.805
3 65 37.213 -18.802 -4.218 37.436 -18.258 -2.805 45.043 -20.587 -2.992
3 65 45.043 -20.587 -2.992 44.870 -21.147 -4.406 37.213 -18.802 -4.218
3 65 36.778 -20.148 -4.803 37.213 -18.802 -4.218 44.870 -21.147 -4.406
3 65 44.870 -21.147 -4.406 44.486 -22.508 -4.992 36.778 -20.148 -4.803
3 65 36.385 -21.507 -4.218 36.778 -20.148 -4.803 44.486 -22.508 -4.992
3 65 44.486 -22.508 -4.992 44.116 -23.873 -4.407 36.385 -21.507 -4.218
3 65 36.265 -22.083 -2.805 36.385 -21.507 -4.218 44.116 -23.873 -4.407
3 65 44.116 -23.873 -4.407 43.977 -24.443 -2.993 36.265 -22.083 -2.805
3 65 36.488 -21.538 -1.391 36.265 -22.083 -2.805 43.977 -24.443 -2.993
3 65 43.977 -24.443 -2.993 44.150 -23.883 -1.579 36.488 -21.538 -1.391
3 65 36.923 -20.192 -0.806 36.488 -21.538 -1.391 44.150 -23.883 -1.579
3 65 44.150 -23.883 -1.579 44.534 -22.522 -0.993 36.923 -20.192 -0.806
3 65 44.904 -21.157 -1.578 44.534 -22.522 -0.993 48.391 -23.474 -1.000
3 65 48.391 -23.474 -1.000 48.446 -22.061 -1.586 44.904 -21.157 -1.578
3 65 45.043 -20.587 -2.992 44.904 -21.157 -1.578 48.446 -22.061 -1.586
3 65 48.446 -22.061 -1.586 48.468 -21.476 -3.000 45.043 -20.587 -2.992
3 65 44.870 -21.147 -4.406 45.043 -20.587 -2.992 48.468 -21.476 -3.000
3 65 48.468 -21.476 -3.000 48.443 -22.061 -4.414 44.870 -21.147 -4.406
3 65 44.486 -22.508 -4.992 44.870 -21.147 -4.406 48.443 -22.061 -4.414
3 65 48.443 -22.061 -4.414 48.387 -23.474 -5.000 44.486 -22.508 -4.992
3 65 44.116 -23.873 -4.407 44.486 -22.508 -4.992 48.387 -23.474 -5.000
3 65 48.387 -23.474 -5.000 48.332 -24.887 -4.414 44.116 -23.873 -4.407
3 65 43.977 -24.443 -2.993 44.116 -23.873 -4.407 48.332 -24.887 -4.414
3 65 48.332 -24.887 -4.414 48.311 -25.473 -3.000 43.977 -24.443 -2.993
3 65 44.150 -23.883 -1.579 43.977 -24.443 -2.993 48.311 -25.473 -3.000
3 65 48.311 -25.473 -3.000 48.335 -24.887 -1.586 44.150 -23.883 -1.579
3 65 44.534 -22.522 -0.993 44.150 -23.883 -1.579 48.335 -24.887 -1.586
3 65 48.335 -24.887 -1.586 48.391 -23.474 -1.000 44.534 -22.522 -0.993
3 65 48.446 -22.061 -1.586 48.391 -23.474 -1.000 52.305 -22.827 -1.000
3 65 52.305 -22.827 -1.000 51.755 -21.524 -1.586 48.446 -22.061 -1.586
3 65 48.468 -21.476 -3.000 48.446 -22.061 -1.586 51.755 -21.524 -1.586
3 65 51.755 -21.524 -1.586 51.527 -20.984 -3.000 48.468 -21.476 -3.000
3 65 48.443 -22.061 -4.414 48.468 -21.476 -3.000 51.527 -20.984 -3.000
3 65 51.527 -20.984 -3.000 51.755 -21.524 -4.414 48.443 -22.061 -4.414
3 65 48.387 -23.474 -5.000 48.443 -22.061 -4.414 51.755 -21.524 -4.414
3 65 51.755 -21.524 -4.414 52.305 -22.827 -5.000 48.387 -23.474 -5.000
3 65 48.332 -24.887 -4.414 48.387 -23.474 -5.000 52.305 -22.827 -5.000
3 65 52.305 -22.827 -5.000 52.855 -24.129 -4.414 48.332 -24.887 -4.414
3 65 48.311 -25.473 -3.000 48.332 -24.887 -4.414 52.855 -24.129 -4.414
3 65 52.855 -24.129 -4.414 53.083 -24.669 -3.000 48.311 -25.473 -3.000
3 65 48.335 -24.887 -1.586 48.311 -25.473 -3.000 53.083 -24.669 -3.000
3 65 53.083 -24.669 -3.000 52.855 -24.129 -1.586 48.335 -24.887 -1.586
3 65 48.391 -23.474 -1.000 48.335 -24.887 -1.586 52.855 -24.129 -1.586
3 65 52.855 -24.129 -1.586 52.305 -22.827 -1.000 48.391 -23.474 -1.000
3 65 51.755 -21.524 -1.586 52.305 -22.827 -1.000 55.499 -20.471 -1.000
3 65 55.499 -20.471 -1.000 54.417 -19.561 -1.586 51.755 -21.524 -1.586
3 65 51.527 -20.984 -3.000 51.755 -21.524 -1.586 54.417 -19.561 -1.586
3 65 54.417 -19.561 -1.586 53.969 -19.183 -3.000 51.527 -20.984 -3.000
3 65 51.755 -21.524 -4.414 51.527 -20.984 -3.000 53.969 -19.183 -3.000
3 65 53.969 -19.183 -3.000 54.417 -19.561 -4.414 51.755 -21.524 -4.414
3 65 52.305 -22.827 -5.000 51.755 -21.524 -4.414 54.417 -19.561 -4.414
3 65 54.417 -19.561 -4.414 55.499 -20.471 -5.000 52.305 -22.827 -5.000
3 65 52.855 -24.129 -4.414 52.305 -22.827 -5.000 55.499 -20.471 -5.000
3 65 55.499 -20.471 -5.000 56.581 -21.382 -4.414 52.855 -24.129 -4.414
3 65 53.083 -24.669 -3.000 52.855 -24.129 -4.414 56.581 -21.382 -4.414
3 65 56.581 -21.382 -4.414 57.029 -21.760 -3.000 53.083 -24.669 -3.000
3 65 52.855 -24.129 -1.586 53.083 -24.669 -3.000 57.029 -21.760 -3.000
3 65 57.029 -21.760 -3.000 56.581 -21.382 -1.586 52.855 -24.129 -1.586
3 65 52.305 -22.827 -1.000 52.855 -24.129 -1.586 56.581 -21.382 -1.586
3 65 56.581 -21.382 -1.586 55.499 -20.471 -1.000 52.305 -22.827 -1.000
3 65 54.417 -19.561 -1.586 55.499 -20.471 -1.000 57.275 -16.923 -1.000
3 65 57.275 -16.923 -1.000 55.898 -16.603 -1.586 54.417 -19.561 -1.586
3 65 53.969 -19.183 -3.000 54.417 -19.561 -1.586 55.898 -16.603 -1.586
3 65 55.898 -16.603 -1.586 55.327 -16.470 -3.000 53.969 -19.183 -3.000
3 65 54.417 -19.561 -4.414 53.969 -19.183 -3.000 55.327 -16.470 -3.000
3 65 55.327 -16.470 -3.000 55.898 -16.603 -4.414 54.417 -19.561 -4.414
3 65 55.499 -20.471 -5.000 54.417 -19.561 -4.414 55.898 -16.603 -4.414
3 65 55.898 -16.603 -4.414 57.275 -16.923 -5.000 55.499 -20.471 -5.000
3 65 56.581 -21.382 -4.414 55.499 -20.471 -5.000 57.275 -16.923 -5.000
3 65 57.275 -16.923 -5.000 58.653 -17.243 -4.414 56.581 -21.382 -4.414
3 65 57.029 -21.760 -3.000 56.581 -21.382 -4.414 58.653 -17.243 -4.414
3 65 58.653 -17.243 -4.414 59.224 -17.375 -3.000 57.029 -21.760 -3.000
3 65 56.581 -21.382 -1.586 57.029 -21.760 -3.000 59.224 -17.375 -3.000
3 65 59.224 -17.375 -3.000 58.653 -17.243 -1.586 56.581 -21.382 -1.586
3 65 55.499 -20.471 -1.000 56.581 -21.382 -1.586 58.653 -17.243 -1.586
3 65 58.653 -17.243 -1.586 57.275 -16.923 -1.000 55.499 -20.471 -1.000
3 65 55.898 -16.603 -1.586 57.275 -16.923 -1.000 57.246 -12.954 -1.000
3 65 57.246 -12.954 -1.000 55.873 -13.295 -1.586 55.898 -16.603 -1.586
3 65 55.327 -16.470 -3.000 55.898 -16.603 -1.586 55.873 -13.295 -1.586
3 65 55.873 -13.295 -1.586 55.304 -13.436 -3.000 55.327 -16.470 -3.000
3 65 55.898 -16.603 -4.414 55.327 -16.470 -3.000 55.304 -13.436 -3.000
3 65 55.304 -13.436 -3.000 55.873 -13.295 -4.414 55.898 -16.603 -4.414
3 65 57.275 -16.923 -5.000 55.898 -16.603 -4.414 55.873 -13.295 -4.414
3 65 55.873 -13.295 -4.414 57.246 -12.954 -5.000 57.275 -16.923 -5.000
3 65 58.653 -17.243 -4.414 57.275 -16.923 -5.000 57.246 -12.954 -5.000
3 65 57.246 -12.954 -5.000 58.618 -12.614 -4.414 58.653 -17.243 -4.414
3 65 59.224 -17.375 -3.000 58.653 -17.243 -4.414 58.618 -12.614 -4.414
3 65 58.618 -12.614 -4.414 59.187 -12.472 -3.000 59.224 -17.375 -3.000
3 65 58.653 -17.243 -1.586 59.224 -17.375 -3.000 59.187 -12.472 -3.000
3 65 59.187 -12.472 -3.000 58.618 -12.614 -1.586 58.653 -17.243 -1.586
3 65 57.275 -16.923 -1.000 58.653 -17.243 -1.586 58.618 -12.614 -1.586
3 65 58.618 -12.614 -1.586 57.246 -12.954 -1.000 57.275 -16.923 -1.000
3 65 55.873 -13.295 -1.586 57.246 -12.954 -1.000 55.417 -9.432 -1.000
3 65 55.417 -9.432 -1.000 54.348 -10.359 -1.586 55.873 -13.295 -1.586
3 65 55.304 -13.436 -3.000 55.873 -13.295 -1.586 54.348 -10.359 -1.586
3 65 54.348 -10.359 -1.586 53.906 -10.743 -3.000 55.304 -13.436 -3.000
3 65 55.873 -13.295 -4.414 55.304 -13.436 -3.000 53.906 -10.743 -3.000
3 65 53.906 -10.743 -3.000 54.348 -10.359 -4.414 55.873 -13.295 -4.414
3 65 57.246 -12.954 -5.000 55.873 -13.295 -4.414 54.348 -10.359 -4.414
3 65 54.348 -10.359 -4.414 55.417 -9.432 -5.000 57.246 -12.954 -5.000
3 65 58.618 -12.614 -4.414 57.246 -12.954 -5.000 55.417 -9.432 -5.000
3 65 55.417 -9.432 -5.000 56.485 -8.505 -4.414 58.618 -12.614 -4.414
3 65 59.187 -12.472 -3.000 58.618 -12.614 -4.414 56.485 -8.505 -4.414
3 65 56.485 -8.505 -4.414 56.927 -8.121 -3.000 59.187 -12.472 -3.000
3 65 58.618 -12.614 -1.586 59.187 -12.472 -3.000 56.927 -8.121 -3.000
3 65 56.927 -8.121 -3.000 56.485 -8.505 -1.586 58.618 -12.614 -1.586
3 65 57.246 -12.954 -1.000 58.618 -12.614 -1.586 56.485 -8.505 -1.586
3 65 56.485 -8.505 -1.586 55.417 -9.432 -1.000 57.246 -12.954 -1.000
3 65 54.348 -10.359 -1.586 55.417 -9.432 -1.000 52.199 -7.130 -1.000
3 65 52.199 -7.130 -1.000 51.566 -8.395 -1.585 54.348 -10.359 -1.586
3 65 53.906 -10.743 -3.000 54.348 -10.359 -1.586 51.566 -8.395 -1.585
3 65 51.566 -8.395 -1.585 51.298 -8.917 -2.999 53.906 -10.743 -3.000
3 65 54.348 -10.359 -4.414 53.906 -10.743 -3.000 51.298 -8.917 -2.999
3 65 51.298 -8.917 -2.999 51.550 -8.389 -4.414 54.348 -10.359 -4.414
3 65 55.417 -9.432 -5.000 54.348 -10.359 -4.414 51.550 -8.389 -4.414
3 65 51.550 -8.389 -4.414 52.176 -7.121 -5.000 55.417 -9.432 -5.000
3 65 56.485 -8.505 -4.414 55.417 -9.432 -5.000 52.176 -7.121 -5.000
3 65 52.176 -7.121 -5.000 52.809 -5.856 -4.415 56.485 -8.505 -4.414
3 65 56.927 -8.121 -3.000 56.485 -8.505 -4.414 52.809 -5.856 -4.415
3 65 52.809 -5.856 -4.415 53.077 -5.334 -3.001 56.927 -8.121 -3.000
3 65 56.485 -8.505 -1.586 56.927 -8.121 -3.000 53.077 -5.334 -3.001
3 65 53.077 -5.334 -3.001 52.824 -5.862 -1.586 56.485 -8.505 -1.586
3 65 55.417 -9.432 -1.000 56.485 -8.505 -1.586 52.824 -5.862 -1.586
3 65 52.824 -5.862 -1.586 52.199 -7.130 -1.000 55.417 -9.432 -1.000
3 65 51.566 -8.395 -1.585 52.199 -7.130 -1.000 44.586 -4.759 -0.904
3 65 44.586 -4.759 -0.904 44.155 -6.106 -1.490 51.566 -8.395 -1.585
3 65 51.298 -8.917 -2.999 51.566 -8.395 -1.585 44.155 -6.106 -1.490
3 65 44.155 -6.106 -1.490 43.948 -6.656 -2.904 51.298 -8.917 -2.999
3 65 51.550 -8.389 -4.414 51.298 -8.917 -2.999 43.948 -6.656 -2.904
3 65 43.948 -6.656 -2.904 44.087 -6.086 -4.317 51.550 -8.389 -4.414
3 65 52.176 -7.121 -5.000 51.550 -8.389 -4.414 44.087 -6.086 -4.317
3 65 44.087 -6.086 -4.317 44.491 -4.730 -4.903 52.176 -7.121 -5.000
3 65 52.809 -5.856 -4.415 52.176 -7.121 -5.000 44.491 -4.730 -4.903
3 65 44.491 -4.730 -4.903 44.922 -3.383 -4.317 52.809 -5.856 -4.415
3 65 53.077 -5.334 -3.001 52.809 -5.856 -4.415 44.922 -3.383 -4.317
3 65 44.922 -3.383 -4.317 45.128 -2.834 -2.904 53.077 -5.334 -3.001
3 65 52.824 -5.862 -1.586 53.077 -5.334 -3.001 45.128 -2.834 -2.904
3 65 45.128 -2.834 -2.904 44.989 -3.404 -1.490 52.824 -5.862 -1.586
3 65 52.199 -7.130 -1.000 52.824 -5.862 -1.586 44.989 -3.404 -1.490
3 65 44.989 -3.404 -1.490 44.586 -4.759 -0.904 52.199 -7.130 -1.000
3 65 44.155 -6.106 -1.490 44.586 -4.759 -0.904 40.803 -3.601 -0.754
3 65 40.803 -3.601 -0.754 40.362 -4.945 -1.339 44.155 -6.106 -1.490
3 65 43.948 -6.656 -2.904 44.155 -6.106 -1.490 40.362 -4.945 -1.339
3 65 40.362 -4.945 -1.339 40.125 -5.485 -2.752 43.948 -6.656 -2.904
3 65 44.087 -6.086 -4.317 43.948 -6.656 -2.904 40.125 -5.485 -2.752
3 65 40.125 -5.485 -2.752 40.230 -4.905 -4.165 44.087 -6.086 -4.317
3 65 44.491 -4.730 -4.903 44.087 -6.086 -4.317 40.230 -4.905 -4.165
3 65 40.230 -4.905 -4.165 40.617 -3.544 -4.750 44.491 -4.730 -4.903
3 65 44.922 -3.383 -4.317 44.491 -4.730 -4.903 40.617 -3.544 -4.750
3 65 40.617 -3.544 -4.750 41.058 -2.200 -4.165 44.922 -3.383 -4.317
3 65 45.128 -2.834 -2.904 44.922 -3.383 -4.317 41.058 -2.200 -4.165
3 65 41.058 -2.200 -4.165 41.295 -1.660 -2.752 45.128 -2.834 -2.904
3 65 44.989 -3.404 -1.490 45.128 -2.834 -2.904 41.295 -1.660 -2.752
3 65 41.295 -1.660 -2.752 41.190 -2.241 -1.339 44.989 -3.404 -1.490
3 65 44.586 -4.759 -0.904 44.989 -3.404 -1.490 41.190 -2.241 -1.339
3 65 41.190 -2.241 -1.339 40.803 -3.601 -0.754 44.586 -4.759 -0.904
3 65 40.362 -4.945 -1.339 40.803 -3.601 -0.754 37.022 -2.444 -0.519
3 65 37.022 -2.444 -0.519 36.568 -3.784 -1.103 40.362 -4.945 -1.339
3 65 40.125 -5.485 -2.752 40.362 -4.945 -1.339 36.568 -3.784 -1.103
3 65 36.568 -3.784 -1.103 36.300 -4.315 -2.513 40.125 -5.485 -2.752
3 65 40.230 -4.905 -4.165 40.125 -5.485 -2.752 36.300 -4.315 -2.513
3 65 36.300 -4.315 -2.513 36.376 -3.725 -3.924 40.230 -4.905 -4.165
3 65 40.617 -3.544 -4.750 40.230 -4.905 -4.165 36.376 -3.725 -3.924
3 65 36.376 -3.725 -3.924 36.750 -2.361 -4.508 40.617 -3.544 -4.750
3 65 41.058 -2.200 -4.165 40.617 -3.544 -4.750 36.750 -2.361 -4.508
3 65 36.750 -2.361 -4.508 37.204 -1.021 -3.924 41.058 -2.200 -4.165
3 65 41.295 -1.660 -2.752 41.058 -2.200 -4.165 37.204 -1.021 -3.924
3 65 37.204 -1.021 -3.924 37.471 -0.490 -2.513 41.295 -1.660 -2.752
3 65 41.190 -2.241 -1.339 41.295 -1.660 -2.752 37.471 -0.490 -2.513
3 65 37.471 -0.490 -2.513 37.396 -1.079 -1.103 41.190 -2.241 -1.339
3 65 40.803 -3.601 -0.754 41.190 -2.241 -1.339 37.396 -1.079 -1.103
3 65 37.396 -1.079 -1.103 37.022 -2.444 -0.519 40.803 -3.601 -0.754
3 65 36.568 -3.784 -1.103 37.022 -2.444 -0.519 33.245 -1.288 -0.191
3 65 33.245 -1.288 -0.191 32.779 -2.624 -0.774 36.568 -3.784 -1.103
3 65 36.300 -4.315 -2.513 36.568 -3.784 -1.103 32.779 -2.624 -0.774
3 65 32.779 -2.624 -0.774 32.483 -3.146 -2.182 36.300 -4.315 -2.513
3 65 36.376 -3.725 -3.924 36.300 -4.315 -2.513 32.483 -3.146 -2.182
3 65 32.483 -3.146 -2.182 32.529 -2.547 -3.590 36.376 -3.725 -3.924
3 65 36.750 -2.361 -4.508 36.376 -3.725 -3.924 32.529 -2.547 -3.590
3 65 32.529 -2.547 -3.590 32.891 -1.179 -4.174 36.750 -2.361 -4.508
3 65 37.204 -1.021 -3.924 36.750 -2.361 -4.508 32.891 -1.179 -4.174
3 65 32.891 -1.179 -4.174 33.357 0.157 -3.590 37.204 -1.021 -3.924
3 65 37.471 -0.490 -2.513 37.204 -1.021 -3.924 33.357 0.157 -3.590
3 65 33.357 0.157 -3.590 33.653 0.679 -2.182 37.471 -0.490 -2.513
3 65 37.396 -1.079 -1.103 37.471 -0.490 -2.513 33.653 0.679 -2.182
3 65 33.653 0.679 -2.182 33.607 0.080 -0.774 37.396 -1.079 -1.103
3 65 37.022 -2.444 -0.519 37.396 -1.079 -1.103 33.607 0.080 -0.774
3 65 33.607 0.080 -0.774 33.245 -1.288 -0.191 37.022 -2.444 -0.519
3 65 32.779 -2.624 -0.774 33.245 -1.288 -0.191 17.984 3.384 1.451
3 65 17.984 3.384 1.451 17.524 2.046 0.867 32.779 -2.624 -0.774
3 65 32.483 -3.146 -2.182 32.779 -2.624 -0.774 17.524 2.046 0.867
3 65 17.524 2.046 0.867 17.240 1.520 -0.543 32.483 -3.146 -2.182
3 65 32.529 -2.547 -3.590 32.483 -3.146 -2.182 17.240 1.520 -0.543
3 65 17.240 1.520 -0.543 17.299 2.115 -1.952 32.529 -2.547 -3.590
3 65 32.891 -1.179 -4.174 32.529 -2.547 -3.590 17.299 2.115 -1.952
3 65 17.299 2.115 -1.952 17.666 3.481 -2.536 32.891 -1.179 -4.174
3 65 33.357 0.157 -3.590 32.891 -1.179 -4.174 17.666 3.481 -2.536
3 65 17.666 3.481 -2.536 18.127 4.819 -1.952 33.357 0.157 -3.590
3 65 33.653 0.679 -2.182 33.357 0.157 -3.590 18.127 4.819 -1.952
3 65 18.127 4.819 -1.952 18.411 5.345 -0.543 33.653 0.679 -2.182
3 65 33.607 0.080 -0.774 33.653 0.679 -2.182 18.411 5.345 -0.543
3 65 18.411 5.345 -0.543 18.352 4.751 0.867 33.607 0.080 -0.774
3 65 33.245 -1.288 -0.191 33.607 0.080 -0.774 18.352 4.751 0.867
3 65 18.352 4.751 0.867 17.984 3.384 1.451 33.245 -1.288 -0.191
3 65 17.524 2.046 0.867 17.984 3.384 1.451 14.103 4.572 1.711
3 65 14.103 4.572 1.711 13.660 3.229 1.126 17.524 2.046 0.867
3 65 17.240 1.520 -0.543 17.524 2.046 0.867 13.660 3.229 1.126
3 65 13.660 3.229 1.126 13.417 2.691 -0.286 17.240 1.520 -0.543
3 65 17.299 2.115 -1.952 17.240 1.520 -0.543 13.417 2.691 -0.286
3 65 13.417 2.691 -0.286 13.517 3.273 -1.699 17.299 2.115 -1.952
3 65 17.666 3.481 -2.536 17.299 2.115 -1.952 13.517 3.273 -1.699
3 65 13.517 3.273 -1.699 13.901 4.634 -2.284 17.666 3.481 -2.536
3 65 18.127 4.819 -1.952 17.666 3.481 -2.536 13.901 4.634 -2.284
3 65 13.901 4.634 -2.284 14.345 5.977 -1.699 18.127 4.819 -1.952
3 65 18.411 5.345 -0.543 18.127 4.819 -1.952 14.345 5.977 -1.699
3 65 14.345 5.977 -1.699 14.587 6.515 -0.286 18.411 5.345 -0.543
3 65 18.352 4.751 0.867 18.411 5.345 -0.543 14.587 6.515 -0.286
3 65 14.587 6.515 -0.286 14.487 5.933 1.126 18.352 4.751 0.867
3 65 17.984 3.384 1.451 18.352 4.751 0.867 14.487 5.933 1.126
3 65 14.487 5.933 1.126 14.103 4.572 1.711 17.984 3.384 1.451
3 65 13.660 3.229 1.126 14.103 4.572 1.711 10.229 5.758 1.880
3 65 10.229 5.758 1.880 9.799 4.411 1.294 13.660 3.229 1.126
3 65 13.417 2.691 -0.286 13.660 3.229 1.126 9.799 4.411 1.294
3 65 9.799 4.411 1.294 9.589 3.862 -0.119 13.417 2.691 -0.286
3 65 13.517 3.273 -1.699 13.417 2.691 -0.286 9.589 3.862 -0.119
3 65 9.589 3.862 -0.119 9.722 4.434 -1.533 13.517 3.273 -1.699
3 65 13.901 4.634 -2.284 13.517 3.273 -1.699 9.722 4.434 -1.533
3 65 9.722 4.434 -1.533 10.120 5.791 -2.118 13.901 4.634 -2.284
3 65 14.345 5.977 -1.699 13.901 4.634 -2.284 10.120 5.791 -2.118
3 65 10.120 5.791 -2.118 10.550 7.139 -1.533 14.345 5.977 -1.699
3 65 14.587 6.515 -0.286 14.345 5.977 -1.699 10.550 7.139 -1.533
3 65 10.550 7.139 -1.533 10.760 7.687 -0.119 14.587 6.515 -0.286
3 65 14.487 5.933 1.126 14.587 6.515 -0.286 10.760 7.687 -0.119
3 65 10.760 7.687 -0.119 10.626 7.115 1.294 14.487 5.933 1.126
3 65 14.103 4.572 1.711 14.487 5.933 1.126 10.626 7.115 1.294
3 65 10.626 7.115 1.294 10.229 5.758 1.880 14.103 4.572 1.711
3 65 9.799 4.411 1.294 10.229 5.758 1.880 2.527 8.114 2.000
3 65 2.527 8.114 2.000 2.270 6.724 1.413 9.799 4.411 1.294
3 65 9.589 3.862 -0.119 9.799 4.411 1.294 2.270 6.724 1.413
3 65 2.270 6.724 1.413 2.154 6.150 -0.001 9.589 3.862 -0.119
3 65 9.722 4.434 -1.533 9.589 3.862 -0.119 2.154 6.150 -0.001
3 65 2.154 6.150 -0.001 2.249 6.729 -1.415 9.722 4.434 -1.533
3 65 10.120 5.791 -2.118 9.722 4.434 -1.533 2.249 6.729 -1.415
3 65 2.249 6.729 -1.415 2.498 8.121 -2.000 10.120 5.791 -2.118
3 65 10.550 7.139 -1.533 10.120 5.791 -2.118 2.498 8.121 -2.000
3 65 2.498 8.121 -2.000 2.756 9.512 -1.414 10.550 7.139 -1.533
3 65 10.760 7.687 -0.119 10.550 7.139 -1.533 2.756 9.512 -1.414
3 65 2.756 9.512 -1.414 2.871 10.085 0.001 10.760 7.687 -0.119
3 65 10.626 7.115 1.294 10.760 7.687 -0.119 2.871 10.085 0.001
3 65 2.871 10.085 0.001 2.777 9.507 1.415 10.626 7.115 1.294
3 65 10.229 5.758 1.880 10.626 7.115 1.294 2.777 9.507 1.415
3 65 2.777 9.507 1.415 2.527 8.114 2.000 10.229 5.758 1.880
3 65 2.270 6.724 1.413 2.527 8.114 2.000 -1.448 8.371 2.000
3 65 -1.448 8.371 2.000 -1.206 6.977 1.414 2.270 6.724 1.413
3 65 2.154 6.150 -0.001 2.270 6.724 1.413 -1.206 6.977 1.414
3 65 -1.206 6.977 1.414 -1.106 6.400 0.000 2.154 6.150 -0.001
3 65 2.249 6.729 -1.415 2.154 6.150 -0.001 -1.106 6.400 0.000
3 65 -1.106 6.400 0.000 -1.206 6.977 -1.414 2.249 6.729 -1.415
3 65 2.498 8.121 -2.000 2.249 6.729 -1.415 -1.206 6.977 -1.414
3 65 -1.206 6.977 -1.414 -1.448 8.371 -2.000 2.498 8.121 -2.000
3 65 2.756 9.512 -1.414 2.498 8.121 -2.000 -1.448 8.371 -2.000
3 65 -1.448 8.371 -2.000 -1.690 9.764 -1.414 2.756 9.512 -1.414
3 65 2.871 10.085 0.001 2.756 9.512 -1.414 -1.690 9.764 -1.414
3 65 -1.690 9.764 -1.414 -1.790 10.341 0.000 2.871 10.085 0.001
3 65 2.777 9.507 1.415 2.871 10.085 0.001 -1.790 10.341 0.000
3 65 -1.790 10.341 0.000 -1.690 9.764 1.414 2.777 9.507 1.415
3 65 2.527 8.114 2.000 2.777 9.507 1.415 -1.690 9.764 1.414
3 65 -1.690 9.764 1.414 -1.448 8.371 2.000 2.527 8.114 2.000
3 65 -1.206 6.977 1.414 -1.448 8.371 2.000 -5.092 6.799 2.000
3 65 -5.092 6.799 2.000 -4.244 5.668 1.414 -1.206 6.977 1.414
3 65 -1.106 6.400 0.000 -1.206 6.977 1.414 -4.244 5.668 1.414
3 65 -4.244 5.668 1.414 -3.893 5.199 0.000 -1.106 6.400 0.000
3 65 -1.206 6.977 -1.414 -1.106 6.400 0.000 -3.893 5.199 0.000
3 65 -3.893 5.199 0.000 -4.244 5.668 -1.414 -1.206 6.977 -1.414
3 65 -1.448 8.371 -2.000 -1.206 6.977 -1.414 -4.244 5.668 -1.414
3 65 -4.244 5.668 -1.414 -5.092 6.799 -2.000 -1.448 8.371 -2.000
3 65 -1.690 9.764 -1.414 -1.448 8.371 -2.000 -5.092 6.799 -2.000
3 65 -5.092 6.799 -2.000 -5.940 7.931 -1.414 -1.690 9.764 -1.414
3 65 -1.790 10.341 0.000 -1.690 9.764 -1.414 -5.940 7.931 -1.414
3 65 -5.940 7.931 -1.414 -6.291 8.400 0.000 -1.790 10.341 0.000
3 65 -1.690 9.764 1.414 -1.790 10.341 0.000 -6.291 8.400 0.000
3 65 -6.291 8.400 0.000 -5.940 7.931 1.414 -1.690 9.764 1.414
3 65 -1.448 8.371 2.000 -1.690 9.764 1.414 -5.940 7.931 1.414
3 65 -5.940 7.931 1.414 -5.092 6.799 2.000 -1.448 8.371 2.000
3 65 -4.244 5.668 1.414 -5.092 6.799 2.000 -7.625 3.745 2.000
3 65 -7.625 3.745 2.000 -6.358 3.116 1.414 -4.244 5.668 1.414
3 65 -3.893 5.199 0.000 -4.244 5.668 1.414 -6.358 3.116 1.414
3 65 -6.358 3.116 1.414 -5.833 2.855 0.000 -3.893 5.199 0.000
3 65 -4.244 5.668 -1.414 -3.893 5.199 0.000 -5.833 2.855 0.000
3 65 -5.833 2.855 0.000 -6.358 3.116 -1.414 -4.244 5.668 -1.414
3 65 -5.092 6.799 -2.000 -4.244 5.668 -1.414 -6.358 3.116 -1.414
3 65 -6.358 3.116 -1.414 -7.625 3.745 -2.000 -5.092 6.799 -2.000
3 65 -5.940 7.931 -1.414 -5.092 6.799 -2.000 -7.625 3.745 -2.000
3 65 -7.625 3.745 -2.000 -8.891 4.374 -1.414 -5.940 7.931 -1.414
3 65 -6.291 8.400 0.000 -5.940 7.931 -1.414 -8.891 4.374 -1.414
3 65 -8.891 4.374 -1.414 -9.416 4.634 0.000 -6.291 8.400 0.000
3 65 -5.940 7.931 1.414 -6.291 8.400 0.000 -9.416 4.634 0.000
3 65 -9.416 4.634 0.000 -8.891 4.374 1.414 -5.940 7.931 1.414
3 65 -5.092 6.799 2.000 -5.940 7.931 1.414 -8.891 4.374 1.414
3 65 -8.891 4.374 1.414 -7.625 3.745 2.000 -5.092 6.799 2.000
3 65 -6.358 3.116 1.414 -7.625 3.745 2.000 -8.500 0.000 2.000
3 65 -8.500 0.000 2.000 -7.086 0.000 1.414 -6.358 3.116 1.414
3 65 -5.833 2.855 0.000 -6.358 3.116 1.414 -7.086 0.000 1.414
3 65 -7.086 0.000 1.414 -6.500 0.000 0.000 -5.833 2.855 0.000
3 65 -6.358 3.116 -1.414 -5.833 2.855 0.000 -6.500 0.000 0.000
3 65 -6.500 0.000 0.000 -7.086 0.000 -1.414 -6.358 3.116 -1.414
3 65 -7.625 3.745 -2.000 -6.358 3.116 -1.414 -7.086 0.000 -1.414
3 65 -7.086 0.000 -1.414 -8.500 0.000 -2.000 -7.625 3.745 -2.000
3 65 -8.891 4.374 -1.414 -7.625 3.745 -2.000 -8.500 0.000 -2.000
3 65 -8.500 0.000 -2.000 -9.914 0.000 -1.414 -8.891 4.374 -1.414
3 65 -9.416 4.634 0.000 -8.891 4.374 -1.414 -9.914 0.000 -1.414
3 65 -9.914 0.000 -1.414 -10.500 0.000 0.000 -9.416 4.634 0.000
3 65 -8.891 4.374 1.414 -9.416 4.634 0.000 -10.500 0.000 0.000
3 65 -10.500 0.000 0.000 -9.914 0.000 1.414 -8.891 4.374 1.414
3 65 -7.625 3.745 2.000 -8.891 4.374 1.414 -9.914 0.000 1.414
3 65 -9.914 0.000 1.414 -8.500 0.000 2.000 -7.625 3.745 2.000
