0 FILE XPJ110.DAT.dat
0 XPJ110
0 Name:  UntitledModel
0 Author:  
0 BL_Item_No XPJ110.DAT
0 BFC CERTIFY CCW
3 65 -89.586 22.000 66.414 -91.000 22.000 67.000 -90.671 17.531 67.000
3 65 -90.671 17.531 67.000 -89.271 17.735 66.414 -89.586 22.000 66.414
3 65 -89.000 22.000 65.000 -89.586 22.000 66.414 -89.271 17.735 66.414
3 65 -89.271 17.735 66.414 -88.692 17.819 65.000 -89.000 22.000 65.000
3 65 -89.586 22.000 63.586 -89.000 22.000 65.000 -88.692 17.819 65.000
3 65 -88.692 17.819 65.000 -89.271 17.735 63.586 -89.586 22.000 63.586
3 65 -91.000 22.000 63.000 -89.586 22.000 63.586 -89.271 17.735 63.586
3 65 -89.271 17.735 63.586 -90.671 17.531 63.000 -91.000 22.000 63.000
3 65 -92.414 22.000 63.586 -91.000 22.000 63.000 -90.671 17.531 63.000
3 65 -90.671 17.531 63.000 -92.070 17.327 63.586 -92.414 22.000 63.586
3 65 -93.000 22.000 65.000 -92.414 22.000 63.586 -92.070 17.327 63.586
3 65 -92.070 17.327 63.586 -92.650 17.243 65.000 -93.000 22.000 65.000
3 65 -92.414 22.000 66.414 -93.000 22.000 65.000 -92.650 17.243 65.000
3 65 -92.650 17.243 65.000 -92.070 17.327 66.414 -92.414 22.000 66.414
3 65 -91.000 22.000 67.000 -92.414 22.000 66.414 -92.070 17.327 66.414
3 65 -92.070 17.327 66.414 -90.671 17.531 67.000 -91.000 22.000 67.000
3 65 -89.271 17.735 66.414 -90.671 17.531 67.000 -89.818 13.641 67.000
3 65 -89.818 13.641 67.000 -88.460 14.034 66.414 -89.271 17.735 66.414
3 65 -88.692 17.819 65.000 -89.271 17.735 66.414 -88.460 14.034 66.414
3 65 -88.460 14.034 66.414 -87.897 14.198 65.000 -88.692 17.819 65.000
3 65 -89.271 17.735 63.586 -88.692 17.819 65.000 -87.897 14.198 65.000
3 65 -87.897 14.198 65.000 -88.460 14.034 63.586 -89.271 17.735 63.586
3 65 -90.671 17.531 63.000 -89.271 17.735 63.586 -88.460 14.034 63.586
3 65 -88.460 14.034 63.586 -89.818 13.641 63.000 -90.671 17.531 63.000
3 65 -92.070 17.327 63.586 -90.671 17.531 63.000 -89.818 13.641 63.000
3 65 -89.818 13.641 63.000 -91.176 13.247 63.586 -92.070 17.327 63.586
3 65 -92.650 17.243 65.000 -92.070 17.327 63.586 -91.176 13.247 63.586
3 65 -91.176 13.247 63.586 -91.739 13.084 65.000 -92.650 17.243 65.000
3 65 -92.070 17.327 66.414 -92.650 17.243 65.000 -91.739 13.084 65.000
3 65 -91.739 13.084 65.000 -91.176 13.247 66.414 -92.070 17.327 66.414
3 65 -90.671 17.531 67.000 -92.070 17.327 66.414 -91.176 13.247 66.414
3 65 -91.176 13.247 66.414 -89.818 13.641 67.000 -90.671 17.531 67.000
3 65 -88.460 14.034 66.414 -89.818 13.641 67.000 -88.457 9.897 67.000
3 65 -88.457 9.897 67.000 -87.163 10.467 66.414 -88.460 14.034 66.414
3 65 -87.897 14.198 65.000 -88.460 14.034 66.414 -87.163 10.467 66.414
3 65 -87.163 10.467 66.414 -86.627 10.703 65.000 -87.897 14.198 65.000
3 65 -88.460 14.034 63.586 -87.897 14.198 65.000 -86.627 10.703 65.000
3 65 -86.627 10.703 65.000 -87.163 10.467 63.586 -88.460 14.034 63.586
3 65 -89.818 13.641 63.000 -88.460 14.034 63.586 -87.163 10.467 63.586
3 65 -87.163 10.467 63.586 -88.457 9.897 63.000 -89.818 13.641 63.000
3 65 -91.176 13.247 63.586 -89.818 13.641 63.000 -88.457 9.897 63.000
3 65 -88.457 9.897 63.000 -89.752 9.327 63.586 -91.176 13.247 63.586
3 65 -91.739 13.084 65.000 -91.176 13.247 63.586 -89.752 9.327 63.586
3 65 -89.752 9.327 63.586 -90.288 9.091 65.000 -91.739 13.084 65.000
3 65 -91.176 13.247 66.414 -91.739 13.084 65.000 -90.288 9.091 65.000
3 65 -90.288 9.091 65.000 -89.752 9.327 66.414 -91.176 13.247 66.414
3 65 -89.818 13.641 67.000 -91.176 13.247 66.414 -89.752 9.327 66.414
3 65 -89.752 9.327 66.414 -88.457 9.897 67.000 -89.818 13.641 67.000
3 65 -87.163 10.467 66.414 -88.457 9.897 67.000 -86.615 6.366 67.000
3 65 -86.615 6.366 67.000 -85.408 7.103 66.414 -87.163 10.467 66.414
3 65 -86.627 10.703 65.000 -87.163 10.467 66.414 -85.408 7.103 66.414
3 65 -85.408 7.103 66.414 -84.908 7.408 65.000 -86.627 10.703 65.000
3 65 -87.163 10.467 63.586 -86.627 10.703 65.000 -84.908 7.408 65.000
3 65 -84.908 7.408 65.000 -85.408 7.103 63.586 -87.163 10.467 63.586
3 65 -88.457 9.897 63.000 -87.163 10.467 63.586 -85.408 7.103 63.586
3 65 -85.408 7.103 63.586 -86.615 6.366 63.000 -88.457 9.897 63.000
3 65 -89.752 9.327 63.586 -88.457 9.897 63.000 -86.615 6.366 63.000
3 65 -86.615 6.366 63.000 -87.822 5.629 63.586 -89.752 9.327 63.586
3 65 -90.288 9.091 65.000 -89.752 9.327 63.586 -87.822 5.629 63.586
3 65 -87.822 5.629 63.586 -88.322 5.324 65.000 -90.288 9.091 65.000
3 65 -89.752 9.327 66.414 -90.288 9.091 65.000 -88.322 5.324 65.000
3 65 -88.322 5.324 65.000 -87.822 5.629 66.414 -89.752 9.327 66.414
3 65 -88.457 9.897 67.000 -89.752 9.327 66.414 -87.822 5.629 66.414
3 65 -87.822 5.629 66.414 -86.615 6.366 67.000 -88.457 9.897 67.000
3 65 -85.408 7.103 66.414 -86.615 6.366 67.000 -84.315 3.114 67.000
3 65 -84.315 3.114 67.000 -83.216 4.005 66.414 -85.408 7.103 66.414
3 65 -84.908 7.408 65.000 -85.408 7.103 66.414 -83.216 4.005 66.414
3 65 -83.216 4.005 66.414 -82.761 4.374 65.000 -84.908 7.408 65.000
3 65 -85.408 7.103 63.586 -84.908 7.408 65.000 -82.761 4.374 65.000
3 65 -82.761 4.374 65.000 -83.216 4.005 63.586 -85.408 7.103 63.586
3 65 -86.615 6.366 63.000 -85.408 7.103 63.586 -83.216 4.005 63.586
3 65 -83.216 4.005 63.586 -84.315 3.114 63.000 -86.615 6.366 63.000
3 65 -87.822 5.629 63.586 -86.615 6.366 63.000 -84.315 3.114 63.000
3 65 -84.315 3.114 63.000 -85.413 2.224 63.586 -87.822 5.629 63.586
3 65 -88.322 5.324 65.000 -87.822 5.629 63.586 -85.413 2.224 63.586
3 65 -85.413 2.224 63.586 -85.868 1.855 65.000 -88.322 5.324 65.000
3 65 -87.822 5.629 66.414 -88.322 5.324 65.000 -85.868 1.855 65.000
3 65 -85.868 1.855 65.000 -85.413 2.224 66.414 -87.822 5.629 66.414
3 65 -86.615 6.366 67.000 -87.822 5.629 66.414 -85.413 2.224 66.414
3 65 -85.413 2.224 66.414 -84.315 3.114 67.000 -86.615 6.366 67.000
3 65 -83.216 4.005 66.414 -84.315 3.114 67.000 -81.609 0.193 67.000
3 65 -81.609 0.193 67.000 -80.637 1.220 66.414 -83.216 4.005 66.414
3 65 -82.761 4.374 65.000 -83.216 4.005 66.414 -80.637 1.220 66.414
3 65 -80.637 1.220 66.414 -80.235 1.646 65.000 -82.761 4.374 65.000
3 65 -83.216 4.005 63.586 -82.761 4.374 65.000 -80.235 1.646 65.000
3 65 -80.235 1.646 65.000 -80.637 1.220 63.586 -83.216 4.005 63.586
3 65 -84.315 3.114 63.000 -83.216 4.005 63.586 -80.637 1.220 63.586
3 65 -80.637 1.220 63.586 -81.609 0.193 63.000 -84.315 3.114 63.000
3 65 -85.413 2.224 63.586 -84.315 3.114 63.000 -81.609 0.193 63.000
3 65 -81.609 0.193 63.000 -82.580 -0.835 63.586 -85.413 2.224 63.586
3 65 -85.868 1.855 65.000 -85.413 2.224 63.586 -82.580 -0.835 63.586
3 65 -82.580 -0.835 63.586 -82.982 -1.261 65.000 -85.868 1.855 65.000
3 65 -85.413 2.224 66.414 -85.868 1.855 65.000 -82.982 -1.261 65.000
3 65 -82.982 -1.261 65.000 -82.580 -0.835 66.414 -85.413 2.224 66.414
3 65 -84.315 3.114 67.000 -85.413 2.224 66.414 -82.580 -0.835 66.414
3 65 -82.580 -0.835 66.414 -81.609 0.193 67.000 -84.315 3.114 67.000
3 65 -80.637 1.220 66.414 -81.609 0.193 67.000 -78.539 -2.345 67.000
3 65 -78.539 -2.345 67.000 -77.712 -1.198 66.414 -80.637 1.220 66.414
3 65 -80.235 1.646 65.000 -80.637 1.220 66.414 -77.712 -1.198 66.414
3 65 -77.712 -1.198 66.414 -77.369 -0.723 65.000 -80.235 1.646 65.000
3 65 -80.637 1.220 63.586 -80.235 1.646 65.000 -77.369 -0.723 65.000
3 65 -77.369 -0.723 65.000 -77.712 -1.198 63.586 -80.637 1.220 63.586
3 65 -81.609 0.193 63.000 -80.637 1.220 63.586 -77.712 -1.198 63.586
3 65 -77.712 -1.198 63.586 -78.539 -2.345 63.000 -81.609 0.193 63.000
3 65 -82.580 -0.835 63.586 -81.609 0.193 63.000 -78.539 -2.345 63.000
3 65 -78.539 -2.345 63.000 -79.366 -3.492 63.586 -82.580 -0.835 63.586
3 65 -82.982 -1.261 65.000 -82.580 -0.835 63.586 -79.366 -3.492 63.586
3 65 -79.366 -3.492 63.586 -79.709 -3.967 65.000 -82.982 -1.261 65.000
3 65 -82.580 -0.835 66.414 -82.982 -1.261 65.000 -79.709 -3.967 65.000
3 65 -79.709 -3.967 65.000 -79.366 -3.492 66.414 -82.580 -0.835 66.414
3 65 -81.609 0.193 67.000 -82.580 -0.835 66.414 -79.366 -3.492 66.414
3 65 -79.366 -3.492 66.414 -78.539 -2.345 67.000 -81.609 0.193 67.000
3 65 -77.712 -1.198 66.414 -78.539 -2.345 67.000 -75.161 -4.456 67.000
3 65 -75.161 -4.456 67.000 -74.494 -3.209 66.414 -77.712 -1.198 66.414
3 65 -77.369 -0.723 65.000 -77.712 -1.198 66.414 -74.494 -3.209 66.414
3 65 -74.494 -3.209 66.414 -74.218 -2.692 65.000 -77.369 -0.723 65.000
3 65 -77.712 -1.198 63.586 -77.369 -0.723 65.000 -74.218 -2.692 65.000
3 65 -74.218 -2.692 65.000 -74.494 -3.209 63.586 -77.712 -1.198 63.586
3 65 -78.539 -2.345 63.000 -77.712 -1.198 63.586 -74.494 -3.209 63.586
3 65 -74.494 -3.209 63.586 -75.161 -4.456 63.000 -78.539 -2.345 63.000
3 65 -79.366 -3.492 63.586 -78.539 -2.345 63.000 -75.161 -4.456 63.000
3 65 -75.161 -4.456 63.000 -75.828 -5.703 63.586 -79.366 -3.492 63.586
3 65 -79.709 -3.967 65.000 -79.366 -3.492 63.586 -75.828 -5.703 63.586
3 65 -75.828 -5.703 63.586 -76.105 -6.219 65.000 -79.709 -3.967 65.000
3 65 -79.366 -3.492 66.414 -79.709 -3.967 65.000 -76.105 -6.219 65.000
3 65 -76.105 -6.219 65.000 -75.828 -5.703 66.414 -79.366 -3.492 66.414
3 65 -78.539 -2.345 67.000 -79.366 -3.492 66.414 -75.828 -5.703 66.414
3 65 -75.828 -5.703 66.414 -75.161 -4.456 67.000 -78.539 -2.345 67.000
3 65 -74.494 -3.209 66.414 -75.161 -4.456 67.000 -71.531 -6.094 67.000
3 65 -71.531 -6.094 67.000 -71.035 -4.769 66.414 -74.494 -3.209 66.414
3 65 -74.218 -2.692 65.000 -74.494 -3.209 66.414 -71.035 -4.769 66.414
3 65 -71.035 -4.769 66.414 -70.830 -4.221 65.000 -74.218 -2.692 65.000
3 65 -74.494 -3.209 63.586 -74.218 -2.692 65.000 -70.830 -4.221 65.000
3 65 -70.830 -4.221 65.000 -71.035 -4.769 63.586 -74.494 -3.209 63.586
3 65 -75.161 -4.456 63.000 -74.494 -3.209 63.586 -71.035 -4.769 63.586
3 65 -71.035 -4.769 63.586 -71.531 -6.094 63.000 -75.161 -4.456 63.000
3 65 -75.828 -5.703 63.586 -75.161 -4.456 63.000 -71.531 -6.094 63.000
3 65 -71.531 -6.094 63.000 -72.027 -7.418 63.586 -75.828 -5.703 63.586
3 65 -76.105 -6.219 65.000 -75.828 -5.703 63.586 -72.027 -7.418 63.586
3 65 -72.027 -7.418 63.586 -72.232 -7.967 65.000 -76.105 -6.219 65.000
3 65 -75.828 -5.703 66.414 -76.105 -6.219 65.000 -72.232 -7.967 65.000
3 65 -72.232 -7.967 65.000 -72.027 -7.418 66.414 -75.828 -5.703 66.414
3 65 -75.161 -4.456 67.000 -75.828 -5.703 66.414 -72.027 -7.418 66.414
3 65 -72.027 -7.418 66.414 -71.531 -6.094 67.000 -75.161 -4.456 67.000
3 65 -71.035 -4.769 66.414 -71.531 -6.094 67.000 -67.718 -7.242 67.000
3 65 -67.718 -7.242 67.000 -67.401 -5.863 66.414 -71.035 -4.769 66.414
3 65 -70.830 -4.221 65.000 -71.035 -4.769 66.414 -67.401 -5.863 66.414
3 65 -67.401 -5.863 66.414 -67.270 -5.292 65.000 -70.830 -4.221 65.000
3 65 -71.035 -4.769 63.586 -70.830 -4.221 65.000 -67.270 -5.292 65.000
3 65 -67.270 -5.292 65.000 -67.401 -5.863 63.586 -71.035 -4.769 63.586
3 65 -71.531 -6.094 63.000 -71.035 -4.769 63.586 -67.401 -5.863 63.586
3 65 -67.401 -5.863 63.586 -67.718 -7.242 63.000 -71.531 -6.094 63.000
3 65 -72.027 -7.418 63.586 -71.531 -6.094 63.000 -67.718 -7.242 63.000
3 65 -67.718 -7.242 63.000 -68.034 -8.620 63.586 -72.027 -7.418 63.586
3 65 -72.232 -7.967 65.000 -72.027 -7.418 63.586 -68.034 -8.620 63.586
3 65 -68.034 -8.620 63.586 -68.166 -9.191 65.000 -72.232 -7.967 65.000
3 65 -72.027 -7.418 66.414 -72.232 -7.967 65.000 -68.166 -9.191 65.000
3 65 -68.166 -9.191 65.000 -68.034 -8.620 66.414 -72.027 -7.418 66.414
3 65 -71.531 -6.094 67.000 -72.027 -7.418 66.414 -68.034 -8.620 66.414
3 65 -68.034 -8.620 66.414 -67.718 -7.242 67.000 -71.531 -6.094 67.000
3 65 -67.401 -5.863 66.414 -67.718 -7.242 67.000 -63.786 -7.874 67.000
3 65 -63.786 -7.874 67.000 -63.654 -6.466 66.414 -67.401 -5.863 66.414
3 65 -67.270 -5.292 65.000 -67.401 -5.863 66.414 -63.654 -6.466 66.414
3 65 -63.654 -6.466 66.414 -63.599 -5.883 65.000 -67.270 -5.292 65.000
3 65 -67.401 -5.863 63.586 -67.270 -5.292 65.000 -63.599 -5.883 65.000
3 65 -63.599 -5.883 65.000 -63.654 -6.466 63.586 -67.401 -5.863 63.586
3 65 -67.718 -7.242 63.000 -67.401 -5.863 63.586 -63.654 -6.466 63.586
3 65 -63.654 -6.466 63.586 -63.786 -7.874 63.000 -67.718 -7.242 63.000
3 65 -68.034 -8.620 63.586 -67.718 -7.242 63.000 -63.786 -7.874 63.000
3 65 -63.786 -7.874 63.000 -63.917 -9.282 63.586 -68.034 -8.620 63.586
3 65 -68.166 -9.191 65.000 -68.034 -8.620 63.586 -63.917 -9.282 63.586
3 65 -63.917 -9.282 63.586 -63.972 -9.866 65.000 -68.166 -9.191 65.000
3 65 -68.034 -8.620 66.414 -68.166 -9.191 65.000 -63.972 -9.866 65.000
3 65 -63.972 -9.866 65.000 -63.917 -9.282 66.414 -68.034 -8.620 66.414
3 65 -67.718 -7.242 67.000 -68.034 -8.620 66.414 -63.917 -9.282 66.414
3 65 -63.917 -9.282 66.414 -63.786 -7.874 67.000 -67.718 -7.242 67.000
3 65 -63.654 -6.466 66.414 -63.786 -7.874 67.000 -59.804 -7.982 67.000
3 65 -59.804 -7.982 67.000 -59.861 -6.569 66.414 -63.654 -6.466 66.414
3 65 -63.599 -5.883 65.000 -63.654 -6.466 66.414 -59.861 -6.569 66.414
3 65 -59.861 -6.569 66.414 -59.885 -5.984 65.000 -63.599 -5.883 65.000
3 65 -63.654 -6.466 63.586 -63.599 -5.883 65.000 -59.885 -5.984 65.000
3 65 -59.885 -5.984 65.000 -59.861 -6.569 63.586 -63.654 -6.466 63.586
3 65 -63.786 -7.874 63.000 -63.654 -6.466 63.586 -59.861 -6.569 63.586
3 65 -59.861 -6.569 63.586 -59.804 -7.982 63.000 -63.786 -7.874 63.000
3 65 -63.917 -9.282 63.586 -63.786 -7.874 63.000 -59.804 -7.982 63.000
3 65 -59.804 -7.982 63.000 -59.748 -9.395 63.586 -63.917 -9.282 63.586
3 65 -63.972 -9.866 65.000 -63.917 -9.282 63.586 -59.748 -9.395 63.586
3 65 -59.748 -9.395 63.586 -59.724 -9.981 65.000 -63.972 -9.866 65.000
3 65 -63.917 -9.282 66.414 -63.972 -9.866 65.000 -59.724 -9.981 65.000
3 65 -59.724 -9.981 65.000 -59.748 -9.395 66.414 -63.917 -9.282 66.414
3 65 -63.786 -7.874 67.000 -63.917 -9.282 66.414 -59.748 -9.395 66.414
3 65 -59.748 -9.395 66.414 -59.804 -7.982 67.000 -63.786 -7.874 67.000
3 65 -59.861 -6.569 66.414 -59.804 -7.982 67.000 -55.845 -7.555 67.000
3 65 -55.845 -7.555 67.000 -56.088 -6.162 66.414 -59.861 -6.569 66.414
3 65 -59.885 -5.984 65.000 -59.861 -6.569 66.414 -56.088 -6.162 66.414
3 65 -56.088 -6.162 66.414 -56.189 -5.585 65.000 -59.885 -5.984 65.000
3 65 -59.861 -6.569 63.586 -59.885 -5.984 65.000 -56.189 -5.585 65.000
3 65 -56.189 -5.585 65.000 -56.088 -6.162 63.586 -59.861 -6.569 63.586
3 65 -59.804 -7.982 63.000 -59.861 -6.569 63.586 -56.088 -6.162 63.586
3 65 -56.088 -6.162 63.586 -55.845 -7.555 63.000 -59.804 -7.982 63.000
3 65 -59.748 -9.395 63.586 -59.804 -7.982 63.000 -55.845 -7.555 63.000
3 65 -55.845 -7.555 63.000 -55.601 -8.948 63.586 -59.748 -9.395 63.586
3 65 -59.724 -9.981 65.000 -59.748 -9.395 63.586 -55.601 -8.948 63.586
3 65 -55.601 -8.948 63.586 -55.500 -9.525 65.000 -59.724 -9.981 65.000
3 65 -59.748 -9.395 66.414 -59.724 -9.981 65.000 -55.500 -9.525 65.000
3 65 -55.500 -9.525 65.000 -55.601 -8.948 66.414 -59.748 -9.395 66.414
3 65 -59.804 -7.982 67.000 -59.748 -9.395 66.414 -55.601 -8.948 66.414
3 65 -55.601 -8.948 66.414 -55.845 -7.555 67.000 -59.804 -7.982 67.000
3 65 -56.088 -6.162 66.414 -55.845 -7.555 67.000 -51.976 -6.613 67.000
3 65 -51.976 -6.613 67.000 -52.401 -5.264 66.414 -56.088 -6.162 66.414
3 65 -56.189 -5.585 65.000 -56.088 -6.162 66.414 -52.401 -5.264 66.414
3 65 -52.401 -5.264 66.414 -52.577 -4.705 65.000 -56.189 -5.585 65.000
3 65 -56.088 -6.162 63.586 -56.189 -5.585 65.000 -52.577 -4.705 65.000
3 65 -52.577 -4.705 65.000 -52.401 -5.264 63.586 -56.088 -6.162 63.586
3 65 -55.845 -7.555 63.000 -56.088 -6.162 63.586 -52.401 -5.264 63.586
3 65 -52.401 -5.264 63.586 -51.976 -6.613 63.000 -55.845 -7.555 63.000
3 65 -55.601 -8.948 63.586 -55.845 -7.555 63.000 -51.976 -6.613 63.000
3 65 -51.976 -6.613 63.000 -51.551 -7.962 63.586 -55.601 -8.948 63.586
3 65 -55.500 -9.525 65.000 -55.601 -8.948 63.586 -51.551 -7.962 63.586
3 65 -51.551 -7.962 63.586 -51.374 -8.520 65.000 -55.500 -9.525 65.000
3 65 -55.601 -8.948 66.414 -55.500 -9.525 65.000 -51.374 -8.520 65.000
3 65 -51.374 -8.520 65.000 -51.551 -7.962 66.414 -55.601 -8.948 66.414
3 65 -55.845 -7.555 67.000 -55.601 -8.948 66.414 -51.551 -7.962 66.414
3 65 -51.551 -7.962 66.414 -51.976 -6.613 67.000 -55.845 -7.555 67.000
3 65 -52.401 -5.264 66.414 -51.976 -6.613 67.000 -48.265 -5.166 67.000
3 65 -48.265 -5.166 67.000 -48.865 -3.885 66.414 -52.401 -5.264 66.414
3 65 -52.577 -4.705 65.000 -52.401 -5.264 66.414 -48.865 -3.885 66.414
3 65 -48.865 -3.885 66.414 -49.114 -3.355 65.000 -52.577 -4.705 65.000
3 65 -52.401 -5.264 63.586 -52.577 -4.705 65.000 -49.114 -3.355 65.000
3 65 -49.114 -3.355 65.000 -48.865 -3.885 63.586 -52.401 -5.264 63.586
3 65 -51.976 -6.613 63.000 -52.401 -5.264 63.586 -48.865 -3.885 63.586
3 65 -48.865 -3.885 63.586 -48.265 -5.166 63.000 -51.976 -6.613 63.000
3 65 -51.551 -7.962 63.586 -51.976 -6.613 63.000 -48.265 -5.166 63.000
3 65 -48.265 -5.166 63.000 -47.666 -6.447 63.586 -51.551 -7.962 63.586
3 65 -51.374 -8.520 65.000 -51.551 -7.962 63.586 -47.666 -6.447 63.586
3 65 -47.666 -6.447 63.586 -47.417 -6.977 65.000 -51.374 -8.520 65.000
3 65 -51.551 -7.962 66.414 -51.374 -8.520 65.000 -47.417 -6.977 65.000
3 65 -47.417 -6.977 65.000 -47.666 -6.447 66.414 -51.551 -7.962 66.414
3 65 -51.976 -6.613 67.000 -51.551 -7.962 66.414 -47.666 -6.447 66.414
3 65 -47.666 -6.447 66.414 -48.265 -5.166 67.000 -51.976 -6.613 67.000
3 65 -48.865 -3.885 66.414 -48.265 -5.166 67.000 -44.779 -3.242 67.000
3 65 -44.779 -3.242 67.000 -45.544 -2.052 66.414 -48.865 -3.885 66.414
3 65 -49.114 -3.355 65.000 -48.865 -3.885 66.414 -45.544 -2.052 66.414
3 65 -45.544 -2.052 66.414 -45.860 -1.559 65.000 -49.114 -3.355 65.000
3 65 -48.865 -3.885 63.586 -49.114 -3.355 65.000 -45.860 -1.559 65.000
3 65 -45.860 -1.559 65.000 -45.544 -2.052 63.586 -48.865 -3.885 63.586
3 65 -48.265 -5.166 63.000 -48.865 -3.885 63.586 -45.544 -2.052 63.586
3 65 -45.544 -2.052 63.586 -44.779 -3.242 63.000 -48.265 -5.166 63.000
3 65 -47.666 -6.447 63.586 -48.265 -5.166 63.000 -44.779 -3.242 63.000
3 65 -44.779 -3.242 63.000 -44.014 -4.431 63.586 -47.666 -6.447 63.586
3 65 -47.417 -6.977 65.000 -47.666 -6.447 63.586 -44.014 -4.431 63.586
3 65 -44.014 -4.431 63.586 -43.697 -4.924 65.000 -47.417 -6.977 65.000
3 65 -47.666 -6.447 66.414 -47.417 -6.977 65.000 -43.697 -4.924 65.000
3 65 -43.697 -4.924 65.000 -44.014 -4.431 66.414 -47.666 -6.447 66.414
3 65 -48.265 -5.166 67.000 -47.666 -6.447 66.414 -44.014 -4.431 66.414
3 65 -44.014 -4.431 66.414 -44.779 -3.242 67.000 -48.265 -5.166 67.000
3 65 -45.544 -2.052 66.414 -44.779 -3.242 67.000 -41.581 -0.868 67.000
3 65 -41.581 -0.868 67.000 -42.497 0.210 66.414 -45.544 -2.052 66.414
3 65 -45.860 -1.559 65.000 -45.544 -2.052 66.414 -42.497 0.210 66.414
3 65 -42.497 0.210 66.414 -42.876 0.656 65.000 -45.860 -1.559 65.000
3 65 -45.544 -2.052 63.586 -45.860 -1.559 65.000 -42.876 0.656 65.000
3 65 -42.876 0.656 65.000 -42.497 0.210 63.586 -45.544 -2.052 63.586
3 65 -44.779 -3.242 63.000 -45.544 -2.052 63.586 -42.497 0.210 63.586
3 65 -42.497 0.210 63.586 -41.581 -0.868 63.000 -44.779 -3.242 63.000
3 65 -44.014 -4.431 63.586 -44.779 -3.242 63.000 -41.581 -0.868 63.000
3 65 -41.581 -0.868 63.000 -40.665 -1.945 63.586 -44.014 -4.431 63.586
3 65 -43.697 -4.924 65.000 -44.014 -4.431 63.586 -40.665 -1.945 63.586
3 65 -40.665 -1.945 63.586 -40.286 -2.392 65.000 -43.697 -4.924 65.000
3 65 -44.014 -4.431 66.414 -43.697 -4.924 65.000 -40.286 -2.392 65.000
3 65 -40.286 -2.392 65.000 -40.665 -1.945 66.414 -44.014 -4.431 66.414
3 65 -44.779 -3.242 67.000 -44.014 -4.431 66.414 -40.665 -1.945 66.414
3 65 -40.665 -1.945 66.414 -41.581 -0.868 67.000 -44.779 -3.242 67.000
3 65 -42.497 0.210 66.414 -41.581 -0.868 67.000 -38.717 1.912 67.000
3 65 -38.717 1.912 67.000 -39.731 2.898 66.414 -42.497 0.210 66.414
3 65 -42.876 0.656 65.000 -42.497 0.210 66.414 -39.731 2.898 66.414
3 65 -39.731 2.898 66.414 -40.155 3.302 65.000 -42.876 0.656 65.000
3 65 -42.497 0.210 63.586 -42.876 0.656 65.000 -40.155 3.302 65.000
3 65 -40.155 3.302 65.000 -39.740 2.888 63.585 -42.497 0.210 63.586
3 65 -41.581 -0.868 63.000 -42.497 0.210 63.586 -39.740 2.888 63.585
3 65 -39.740 2.888 63.585 -38.730 1.899 63.000 -41.581 -0.868 63.000
3 65 -40.665 -1.945 63.586 -41.581 -0.868 63.000 -38.730 1.899 63.000
3 65 -38.730 1.899 63.000 -37.716 0.913 63.586 -40.665 -1.945 63.586
3 65 -40.286 -2.392 65.000 -40.665 -1.945 63.586 -37.716 0.913 63.586
3 65 -37.716 0.913 63.586 -37.292 0.509 65.000 -40.286 -2.392 65.000
3 65 -40.665 -1.945 66.414 -40.286 -2.392 65.000 -37.292 0.509 65.000
3 65 -37.292 0.509 65.000 -37.707 0.922 66.414 -40.665 -1.945 66.414
3 65 -41.581 -0.868 67.000 -40.665 -1.945 66.414 -37.707 0.922 66.414
3 65 -37.707 0.922 66.414 -38.717 1.912 67.000 -41.581 -0.868 67.000
3 65 -39.731 2.898 66.414 -38.717 1.912 67.000 -11.676 31.194 66.638
3 65 -11.676 31.194 66.638 -12.719 32.148 66.052 -39.731 2.898 66.414
3 65 -40.155 3.302 65.000 -39.731 2.898 66.414 -12.719 32.148 66.052
3 65 -12.719 32.148 66.052 -13.160 32.535 64.638 -40.155 3.302 65.000
3 65 -39.740 2.888 63.585 -40.155 3.302 65.000 -13.160 32.535 64.638
3 65 -13.160 32.535 64.638 -12.739 32.126 63.224 -39.740 2.888 63.585
3 65 -38.730 1.899 63.000 -39.740 2.888 63.585 -12.739 32.126 63.224
3 65 -12.739 32.126 63.224 -11.705 31.162 62.638 -38.730 1.899 63.000
3 65 -37.716 0.913 63.586 -38.730 1.899 63.000 -11.705 31.162 62.638
3 65 -11.705 31.162 62.638 -10.661 30.208 63.224 -37.716 0.913 63.586
3 65 -37.292 0.509 65.000 -37.716 0.913 63.586 -10.661 30.208 63.224
3 65 -10.661 30.208 63.224 -10.221 29.821 64.638 -37.292 0.509 65.000
3 65 -37.707 0.922 66.414 -37.292 0.509 65.000 -10.221 29.821 64.638
3 65 -10.221 29.821 64.638 -10.641 30.230 66.052 -37.707 0.922 66.414
3 65 -38.717 1.912 67.000 -37.707 0.922 66.414 -10.641 30.230 66.052
3 65 -10.641 30.230 66.052 -11.676 31.194 66.638 -38.717 1.912 67.000
3 65 -12.719 32.148 66.052 -11.676 31.194 66.638 15.358 60.469 66.153
3 65 15.358 60.469 66.153 14.314 61.423 65.567 -12.719 32.148 66.052
3 65 -13.160 32.535 64.638 -12.719 32.148 66.052 14.314 61.423 65.567
3 65 14.314 61.423 65.567 13.872 61.808 64.153 -13.160 32.535 64.638
3 65 -12.739 32.126 63.224 -13.160 32.535 64.638 13.872 61.808 64.153
3 65 13.872 61.808 64.153 14.290 61.397 62.739 -12.739 32.126 63.224
3 65 -11.705 31.162 62.638 -12.739 32.126 63.224 14.290 61.397 62.739
3 65 14.290 61.397 62.739 15.324 60.433 62.153 -11.705 31.162 62.638
3 65 -10.661 30.208 63.224 -11.705 31.162 62.638 15.324 60.433 62.153
3 65 15.324 60.433 62.153 16.368 59.478 62.739 -10.661 30.208 63.224
3 65 -10.221 29.821 64.638 -10.661 30.208 63.224 16.368 59.478 62.739
3 65 16.368 59.478 62.739 16.810 59.094 64.153 -10.221 29.821 64.638
3 65 -10.641 30.230 66.052 -10.221 29.821 64.638 16.810 59.094 64.153
3 65 16.810 59.094 64.153 16.392 59.504 65.567 -10.641 30.230 66.052
3 65 -11.676 31.194 66.638 -10.641 30.230 66.052 16.392 59.504 65.567
3 65 16.392 59.504 65.567 15.358 60.469 66.153 -11.676 31.194 66.638
3 65 14.314 61.423 65.567 15.358 60.469 66.153 42.389 89.741 65.656
3 65 42.389 89.741 65.656 41.345 90.695 65.070 14.314 61.423 65.567
3 65 13.872 61.808 64.153 14.314 61.423 65.567 41.345 90.695 65.070
3 65 41.345 90.695 65.070 40.903 91.080 63.656 13.872 61.808 64.153
3 65 14.290 61.397 62.739 13.872 61.808 64.153 40.903 91.080 63.656
3 65 40.903 91.080 63.656 41.322 90.670 62.242 14.290 61.397 62.739
3 65 15.324 60.433 62.153 14.290 61.397 62.739 41.322 90.670 62.242
3 65 41.322 90.670 62.242 42.356 89.706 61.656 15.324 60.433 62.153
3 65 16.368 59.478 62.739 15.324 60.433 62.153 42.356 89.706 61.656
3 65 42.356 89.706 61.656 43.400 88.751 62.242 16.368 59.478 62.739
3 65 16.810 59.094 64.153 16.368 59.478 62.739 43.400 88.751 62.242
3 65 43.400 88.751 62.242 43.842 88.366 63.656 16.810 59.094 64.153
3 65 16.392 59.504 65.567 16.810 59.094 64.153 43.842 88.366 63.656
3 65 43.842 88.366 63.656 43.423 88.776 65.070 16.392 59.504 65.567
3 65 15.358 60.469 66.153 16.392 59.504 65.567 43.423 88.776 65.070
3 65 43.423 88.776 65.070 42.389 89.741 65.656 15.358 60.469 66.153
3 65 41.345 90.695 65.070 42.389 89.741 65.656 69.417 119.011 65.191
3 65 69.417 119.011 65.191 68.374 119.966 64.606 41.345 90.695 65.070
3 65 40.903 91.080 63.656 41.345 90.695 65.070 68.374 119.966 64.606
3 65 68.374 119.966 64.606 67.934 120.353 63.191 40.903 91.080 63.656
3 65 41.322 90.670 62.242 40.903 91.080 63.656 67.934 120.353 63.191
3 65 67.934 120.353 63.191 68.355 119.945 61.777 41.322 90.670 62.242
3 65 42.356 89.706 61.656 41.322 90.670 62.242 68.355 119.945 61.777
3 65 68.355 119.945 61.777 69.390 118.982 61.192 42.356 89.706 61.656
3 65 43.400 88.751 62.242 42.356 89.706 61.656 69.390 118.982 61.192
3 65 69.390 118.982 61.192 70.433 118.027 61.777 43.400 88.751 62.242
3 65 43.842 88.366 63.656 43.400 88.751 62.242 70.433 118.027 61.777
3 65 70.433 118.027 61.777 70.873 117.639 63.191 43.842 88.366 63.656
3 65 43.423 88.776 65.070 43.842 88.366 63.656 70.873 117.639 63.191
3 65 70.873 117.639 63.191 70.452 118.047 64.606 43.423 88.776 65.070
3 65 42.389 89.741 65.656 43.423 88.776 65.070 70.452 118.047 64.606
3 65 70.452 118.047 64.606 69.417 119.011 65.191 42.389 89.741 65.656
3 65 68.374 119.966 64.606 69.417 119.011 65.191 85.629 136.567 65.001
3 65 85.629 136.567 65.001 84.524 137.450 64.415 68.374 119.966 64.606
3 65 67.934 120.353 63.191 68.374 119.966 64.606 84.524 137.450 64.415
3 65 84.524 137.450 64.415 84.063 137.812 63.001 67.934 120.353 63.191
3 65 68.355 119.945 61.777 67.934 120.353 63.191 84.063 137.812 63.001
3 65 84.063 137.812 63.001 84.516 137.441 61.587 68.355 119.945 61.777
3 65 69.390 118.982 61.192 68.355 119.945 61.777 84.516 137.441 61.587
3 65 84.516 137.441 61.587 85.618 136.554 61.001 69.390 118.982 61.192
3 65 70.433 118.027 61.777 69.390 118.982 61.192 85.618 136.554 61.001
3 65 85.618 136.554 61.001 86.723 135.671 61.587 70.433 118.027 61.777
3 65 70.873 117.639 63.191 70.433 118.027 61.777 86.723 135.671 61.587
3 65 86.723 135.671 61.587 87.184 135.309 63.001 70.873 117.639 63.191
3 65 70.452 118.047 64.606 70.873 117.639 63.191 87.184 135.309 63.001
3 65 87.184 135.309 63.001 86.730 135.680 64.415 70.452 118.047 64.606
3 65 69.417 119.011 65.191 70.452 118.047 64.606 86.730 135.680 64.415
3 65 86.730 135.680 64.415 85.629 136.567 65.001 69.417 119.011 65.191
3 65 84.524 137.450 64.415 85.629 136.567 65.001 87.878 139.813 65.000
3 65 87.878 139.813 65.000 86.557 140.320 64.414 84.524 137.450 64.415
3 65 84.063 137.812 63.001 84.524 137.450 64.415 86.557 140.320 64.414
3 65 86.557 140.320 64.414 86.010 140.529 63.000 84.063 137.812 63.001
3 65 84.516 137.441 61.587 84.063 137.812 63.001 86.010 140.529 63.000
3 65 86.010 140.529 63.000 86.557 140.319 61.586 84.516 137.441 61.587
3 65 85.618 136.554 61.001 84.516 137.441 61.587 86.557 140.319 61.586
3 65 86.557 140.319 61.586 87.877 139.812 61.000 85.618 136.554 61.001
3 65 86.723 135.671 61.587 85.618 136.554 61.001 87.877 139.812 61.000
3 65 87.877 139.812 61.000 89.198 139.306 61.586 86.723 135.671 61.587
3 65 87.184 135.309 63.001 86.723 135.671 61.587 89.198 139.306 61.586
3 65 89.198 139.306 61.586 89.745 139.096 63.000 87.184 135.309 63.001
3 65 86.730 135.680 64.415 87.184 135.309 63.001 89.745 139.096 63.000
3 65 89.745 139.096 63.000 89.198 139.306 64.414 86.730 135.680 64.415
3 65 85.629 136.567 65.001 86.730 135.680 64.415 89.198 139.306 64.414
3 65 89.198 139.306 64.414 87.878 139.813 65.000 85.629 136.567 65.001
3 65 86.557 140.320 64.414 87.878 139.813 65.000 88.439 144.216 65.000
3 65 88.439 144.216 65.000 87.036 144.040 64.414 86.557 140.320 64.414
3 65 86.010 140.529 63.000 86.557 140.320 64.414 87.036 144.040 64.414
3 65 87.036 144.040 64.414 86.454 143.967 63.000 86.010 140.529 63.000
3 65 86.557 140.319 61.586 86.010 140.529 63.000 86.454 143.967 63.000
3 65 86.454 143.967 63.000 87.036 144.040 61.586 86.557 140.319 61.586
3 65 87.877 139.812 61.000 86.557 140.319 61.586 87.036 144.040 61.586
3 65 87.036 144.040 61.586 88.439 144.216 61.000 87.877 139.812 61.000
3 65 89.198 139.306 61.586 87.877 139.812 61.000 88.439 144.216 61.000
3 65 88.439 144.216 61.000 89.842 144.392 61.586 89.198 139.306 61.586
3 65 89.745 139.096 63.000 89.198 139.306 61.586 89.842 144.392 61.586
3 65 89.842 144.392 61.586 90.423 144.465 63.000 89.745 139.096 63.000
3 65 89.198 139.306 64.414 89.745 139.096 63.000 90.423 144.465 63.000
3 65 90.423 144.465 63.000 89.842 144.392 64.414 89.198 139.306 64.414
3 65 87.878 139.813 65.000 89.198 139.306 64.414 89.842 144.392 64.414
3 65 89.842 144.392 64.414 88.439 144.216 65.000 87.878 139.813 65.000
3 65 87.036 144.040 64.414 88.439 144.216 65.000 86.981 147.900 65.000
3 65 86.981 147.900 65.000 85.823 147.088 64.414 87.036 144.040 64.414
3 65 86.454 143.967 63.000 87.036 144.040 64.414 85.823 147.088 64.414
3 65 85.823 147.088 64.414 85.344 146.751 63.000 86.454 143.967 63.000
3 65 87.036 144.040 61.586 86.454 143.967 63.000 85.344 146.751 63.000
3 65 85.344 146.751 63.000 85.823 147.088 61.586 87.036 144.040 61.586
3 65 88.439 144.216 61.000 87.036 144.040 61.586 85.823 147.088 61.586
3 65 85.823 147.088 61.586 86.981 147.900 61.000 88.439 144.216 61.000
3 65 89.842 144.392 61.586 88.439 144.216 61.000 86.981 147.900 61.000
3 65 86.981 147.900 61.000 88.139 148.712 61.586 89.842 144.392 61.586
3 65 90.423 144.465 63.000 89.842 144.392 61.586 88.139 148.712 61.586
3 65 88.139 148.712 61.586 88.618 149.049 63.000 90.423 144.465 63.000
3 65 89.842 144.392 64.414 90.423 144.465 63.000 88.618 149.049 63.000
3 65 88.618 149.049 63.000 88.139 148.712 64.414 89.842 144.392 64.414
3 65 88.439 144.216 65.000 89.842 144.392 64.414 88.139 148.712 64.414
3 65 88.139 148.712 64.414 86.981 147.900 65.000 88.439 144.216 65.000
3 65 85.823 147.088 64.414 86.981 147.900 65.000 84.012 150.525 65.000
3 65 84.012 150.525 65.000 83.348 149.276 64.414 85.823 147.088 64.414
3 65 85.344 146.751 63.000 85.823 147.088 64.414 83.348 149.276 64.414
3 65 83.348 149.276 64.414 83.072 148.759 63.000 85.344 146.751 63.000
3 65 85.823 147.088 61.586 85.344 146.751 63.000 83.072 148.759 63.000
3 65 83.072 148.759 63.000 83.348 149.276 61.586 85.823 147.088 61.586
3 65 86.981 147.900 61.000 85.823 147.088 61.586 83.348 149.276 61.586
3 65 83.348 149.276 61.586 84.012 150.525 61.000 86.981 147.900 61.000
3 65 88.139 148.712 61.586 86.981 147.900 61.000 84.012 150.525 61.000
3 65 84.012 150.525 61.000 84.677 151.773 61.586 88.139 148.712 61.586
3 65 88.618 149.049 63.000 88.139 148.712 61.586 84.677 151.773 61.586
3 65 84.677 151.773 61.586 84.952 152.290 63.000 88.618 149.049 63.000
3 65 88.139 148.712 64.414 88.618 149.049 63.000 84.952 152.290 63.000
3 65 84.952 152.290 63.000 84.677 151.773 64.414 88.139 148.712 64.414
3 65 86.981 147.900 65.000 88.139 148.712 64.414 84.677 151.773 64.414
3 65 84.677 151.773 64.414 84.012 150.525 65.000 86.981 147.900 65.000
3 65 83.348 149.276 64.414 84.012 150.525 65.000 80.178 151.522 65.000
3 65 80.178 151.522 65.000 80.149 150.108 64.414 83.348 149.276 64.414
3 65 83.072 148.759 63.000 83.348 149.276 64.414 80.149 150.108 64.414
3 65 80.149 150.108 64.414 80.138 149.522 63.000 83.072 148.759 63.000
3 65 83.348 149.276 61.586 83.072 148.759 63.000 80.138 149.522 63.000
3 65 80.138 149.522 63.000 80.149 150.108 61.586 83.348 149.276 61.586
3 65 84.012 150.525 61.000 83.348 149.276 61.586 80.149 150.108 61.586
3 65 80.149 150.108 61.586 80.178 151.522 61.000 84.012 150.525 61.000
3 65 84.677 151.773 61.586 84.012 150.525 61.000 80.178 151.522 61.000
3 65 80.178 151.522 61.000 80.207 152.936 61.586 84.677 151.773 61.586
3 65 84.952 152.290 63.000 84.677 151.773 61.586 80.207 152.936 61.586
3 65 80.207 152.936 61.586 80.219 153.522 63.000 84.952 152.290 63.000
3 65 84.677 151.773 64.414 84.952 152.290 63.000 80.219 153.522 63.000
3 65 80.219 153.522 63.000 80.207 152.936 64.414 84.677 151.773 64.414
3 65 84.012 150.525 65.000 84.677 151.773 64.414 80.207 152.936 64.414
3 65 80.207 152.936 64.414 80.178 151.522 65.000 84.012 150.525 65.000
3 65 80.149 150.108 64.414 80.178 151.522 65.000 76.311 150.683 65.000
3 65 76.311 150.683 65.000 76.860 149.379 64.414 80.149 150.108 64.414
3 65 80.138 149.522 63.000 80.149 150.108 64.414 76.860 149.379 64.414
3 65 76.860 149.379 64.414 77.086 148.839 63.000 80.138 149.522 63.000
3 65 80.149 150.108 61.586 80.138 149.522 63.000 77.086 148.839 63.000
3 65 77.086 148.839 63.000 76.856 149.377 61.586 80.149 150.108 61.586
3 65 80.178 151.522 61.000 80.149 150.108 61.586 76.856 149.377 61.586
3 65 76.856 149.377 61.586 76.305 150.680 61.000 80.178 151.522 61.000
3 65 80.207 152.936 61.586 80.178 151.522 61.000 76.305 150.680 61.000
3 65 76.305 150.680 61.000 75.756 151.983 61.586 80.207 152.936 61.586
3 65 80.219 153.522 63.000 80.207 152.936 61.586 75.756 151.983 61.586
3 65 75.756 151.983 61.586 75.531 152.524 63.000 80.219 153.522 63.000
3 65 80.207 152.936 64.414 80.219 153.522 63.000 75.531 152.524 63.000
3 65 75.531 152.524 63.000 75.761 151.985 64.414 80.207 152.936 64.414
3 65 80.178 151.522 65.000 80.207 152.936 64.414 75.761 151.985 64.414
3 65 75.761 151.985 64.414 76.311 150.683 65.000 80.178 151.522 65.000
3 65 76.860 149.379 64.414 76.311 150.683 65.000 69.673 146.288 65.028
3 65 69.673 146.288 65.028 70.455 145.110 64.442 76.860 149.379 64.414
3 65 77.086 148.839 63.000 76.860 149.379 64.414 70.455 145.110 64.442
3 65 70.455 145.110 64.442 70.773 144.619 63.028 77.086 148.839 63.000
3 65 76.856 149.377 61.586 77.086 148.839 63.000 70.773 144.619 63.028
3 65 70.773 144.619 63.028 70.441 145.101 61.614 76.856 149.377 61.586
3 65 76.305 150.680 61.000 76.856 149.377 61.586 70.441 145.101 61.614
3 65 70.441 145.101 61.614 69.652 146.275 61.028 76.305 150.680 61.000
3 65 75.756 151.983 61.586 76.305 150.680 61.000 69.652 146.275 61.028
3 65 69.652 146.275 61.028 68.870 147.453 61.614 75.756 151.983 61.586
3 65 75.531 152.524 63.000 75.756 151.983 61.586 68.870 147.453 61.614
3 65 68.870 147.453 61.614 68.551 147.944 63.028 75.531 152.524 63.000
3 65 75.761 151.985 64.414 75.531 152.524 63.000 68.551 147.944 63.028
3 65 68.551 147.944 63.028 68.884 147.462 64.442 75.761 151.985 64.414
3 65 76.311 150.683 65.000 75.761 151.985 64.414 68.884 147.462 64.442
3 65 68.884 147.462 64.442 69.673 146.288 65.028 76.311 150.683 65.000
3 65 70.455 145.110 64.442 69.673 146.288 65.028 56.464 137.383 65.169
3 65 56.464 137.383 65.169 57.250 136.207 64.583 70.455 145.110 64.442
3 65 70.773 144.619 63.028 70.455 145.110 64.442 57.250 136.207 64.583
3 65 57.250 136.207 64.583 57.565 135.713 63.169 70.773 144.619 63.028
3 65 70.441 145.101 61.614 70.773 144.619 63.028 57.565 135.713 63.169
3 65 57.565 135.713 63.169 57.226 136.191 61.755 70.441 145.101 61.614
3 65 69.652 146.275 61.028 70.441 145.101 61.614 57.226 136.191 61.755
3 65 57.226 136.191 61.755 56.430 137.360 61.169 69.652 146.275 61.028
3 65 68.870 147.453 61.614 69.652 146.275 61.028 56.430 137.360 61.169
3 65 56.430 137.360 61.169 55.645 138.536 61.755 68.870 147.453 61.614
3 65 68.551 147.944 63.028 68.870 147.453 61.614 55.645 138.536 61.755
3 65 55.645 138.536 61.755 55.329 139.029 63.169 68.551 147.944 63.028
3 65 68.884 147.462 64.442 68.551 147.944 63.028 55.329 139.029 63.169
3 65 55.329 139.029 63.169 55.669 138.552 64.583 68.884 147.462 64.442
3 65 69.673 146.288 65.028 68.884 147.462 64.442 55.669 138.552 64.583
3 65 55.669 138.552 64.583 56.464 137.383 65.169 69.673 146.288 65.028
3 65 57.250 136.207 64.583 56.464 137.383 65.169 23.430 115.110 65.629
3 65 23.430 115.110 65.629 24.215 113.933 65.044 57.250 136.207 64.583
3 65 57.565 135.713 63.169 57.250 136.207 64.583 24.215 113.933 65.044
3 65 24.215 113.933 65.044 24.529 113.438 63.630 57.565 135.713 63.169
3 65 57.226 136.191 61.755 57.565 135.713 63.169 24.529 113.438 63.630
3 65 24.529 113.438 63.630 24.187 113.914 62.215 57.226 136.191 61.755
3 65 56.430 137.360 61.169 57.226 136.191 61.755 24.187 113.914 62.215
3 65 24.187 113.914 62.215 23.391 115.083 61.630 56.430 137.360 61.169
3 65 55.645 138.536 61.755 56.430 137.360 61.169 23.391 115.083 61.630
3 65 23.391 115.083 61.630 22.606 116.259 62.215 55.645 138.536 61.755
3 65 55.329 139.029 63.169 55.645 138.536 61.755 22.606 116.259 62.215
3 65 22.606 116.259 62.215 22.292 116.754 63.630 55.329 139.029 63.169
3 65 55.669 138.552 64.583 55.329 139.029 63.169 22.292 116.754 63.630
3 65 22.292 116.754 63.630 22.634 116.278 65.044 55.669 138.552 64.583
3 65 56.464 137.383 65.169 55.669 138.552 64.583 22.634 116.278 65.044
3 65 22.634 116.278 65.044 23.430 115.110 65.629 56.464 137.383 65.169
3 65 24.215 113.933 65.044 23.430 115.110 65.629 -9.605 92.835 66.126
3 65 -9.605 92.835 66.126 -8.821 91.659 65.540 24.215 113.933 65.044
3 65 24.529 113.438 63.630 24.215 113.933 65.044 -8.821 91.659 65.540
3 65 -8.821 91.659 65.540 -8.508 91.163 64.126 24.529 113.438 63.630
3 65 24.187 113.914 62.215 24.529 113.438 63.630 -8.508 91.163 64.126
3 65 -8.508 91.163 64.126 -8.850 91.639 62.712 24.187 113.914 62.215
3 65 23.391 115.083 61.630 24.187 113.914 62.215 -8.850 91.639 62.712
3 65 -8.850 91.639 62.712 -9.646 92.808 62.127 23.391 115.083 61.630
3 65 22.606 116.259 62.215 23.391 115.083 61.630 -9.646 92.808 62.127
3 65 -9.646 92.808 62.127 -10.431 93.984 62.712 22.606 116.259 62.215
3 65 22.292 116.754 63.630 22.606 116.259 62.215 -10.431 93.984 62.712
3 65 -10.431 93.984 62.712 -10.744 94.480 64.126 22.292 116.754 63.630
3 65 22.634 116.278 65.044 22.292 116.754 63.630 -10.744 94.480 64.126
3 65 -10.744 94.480 64.126 -10.402 94.004 65.540 22.634 116.278 65.044
3 65 23.430 115.110 65.629 22.634 116.278 65.044 -10.402 94.004 65.540
3 65 -10.402 94.004 65.540 -9.605 92.835 66.126 23.430 115.110 65.629
3 65 -8.821 91.659 65.540 -9.605 92.835 66.126 -42.644 70.559 66.613
3 65 -42.644 70.559 66.613 -41.859 69.382 66.027 -8.821 91.659 65.540
3 65 -8.508 91.163 64.126 -8.821 91.659 65.540 -41.859 69.382 66.027
3 65 -41.859 69.382 66.027 -41.544 68.888 64.613 -8.508 91.163 64.126
3 65 -8.850 91.639 62.712 -8.508 91.163 64.126 -41.544 68.888 64.613
3 65 -41.544 68.888 64.613 -41.885 69.365 63.199 -8.850 91.639 62.712
3 65 -9.646 92.808 62.127 -8.850 91.639 62.712 -41.885 69.365 63.199
3 65 -41.885 69.365 63.199 -42.680 70.534 62.613 -9.646 92.808 62.127
3 65 -10.431 93.984 62.712 -9.646 92.808 62.127 -42.680 70.534 62.613
3 65 -42.680 70.534 62.613 -43.466 71.710 63.199 -10.431 93.984 62.712
3 65 -10.744 94.480 64.126 -10.431 93.984 62.712 -43.466 71.710 63.199
3 65 -43.466 71.710 63.199 -43.780 72.205 64.613 -10.744 94.480 64.126
3 65 -10.402 94.004 65.540 -10.744 94.480 64.126 -43.780 72.205 64.613
3 65 -43.780 72.205 64.613 -43.440 71.728 66.027 -10.402 94.004 65.540
3 65 -9.605 92.835 66.126 -10.402 94.004 65.540 -43.440 71.728 66.027
3 65 -43.440 71.728 66.027 -42.644 70.559 66.613 -9.605 92.835 66.126
3 65 -41.859 69.382 66.027 -42.644 70.559 66.613 -75.691 48.277 66.995
3 65 -75.691 48.277 66.995 -74.897 47.106 66.409 -41.859 69.382 66.027
3 65 -41.544 68.888 64.613 -41.859 69.382 66.027 -74.897 47.106 66.409
3 65 -74.897 47.106 66.409 -74.574 46.618 64.995 -41.544 68.888 64.613
3 65 -41.885 69.365 63.199 -41.544 68.888 64.613 -74.574 46.618 64.995
3 65 -74.574 46.618 64.995 -74.910 47.098 63.580 -41.885 69.365 63.199
3 65 -42.680 70.534 62.613 -41.885 69.365 63.199 -74.910 47.098 63.580
3 65 -74.910 47.098 63.580 -75.709 48.265 62.995 -42.680 70.534 62.613
3 65 -43.466 71.710 63.199 -42.680 70.534 62.613 -75.709 48.265 62.995
3 65 -75.709 48.265 62.995 -76.502 49.435 63.581 -43.466 71.710 63.199
3 65 -43.780 72.205 64.613 -43.466 71.710 63.199 -76.502 49.435 63.581
3 65 -76.502 49.435 63.581 -76.826 49.924 64.995 -43.780 72.205 64.613
3 65 -43.440 71.728 66.027 -43.780 72.205 64.613 -76.826 49.924 64.995
3 65 -76.826 49.924 64.995 -76.490 49.444 66.409 -43.440 71.728 66.027
3 65 -42.644 70.559 66.613 -43.440 71.728 66.027 -76.490 49.444 66.409
3 65 -76.490 49.444 66.409 -75.691 48.277 66.995 -42.644 70.559 66.613
3 65 -74.897 47.106 66.409 -75.691 48.277 66.995 -78.981 46.013 67.000
3 65 -78.981 46.013 67.000 -78.118 44.892 66.414 -74.897 47.106 66.409
3 65 -74.574 46.618 64.995 -74.897 47.106 66.409 -78.118 44.892 66.414
3 65 -78.118 44.892 66.414 -77.761 44.427 65.000 -74.574 46.618 64.995
3 65 -74.910 47.098 63.580 -74.574 46.618 64.995 -77.761 44.427 65.000
3 65 -77.761 44.427 65.000 -78.120 44.891 63.586 -74.910 47.098 63.580
3 65 -75.709 48.265 62.995 -74.910 47.098 63.580 -78.120 44.891 63.586
3 65 -78.120 44.891 63.586 -78.983 46.011 63.000 -75.709 48.265 62.995
3 65 -76.502 49.435 63.581 -75.709 48.265 62.995 -78.983 46.011 63.000
3 65 -78.983 46.011 63.000 -79.845 47.132 63.586 -76.502 49.435 63.581
3 65 -76.826 49.924 64.995 -76.502 49.435 63.581 -79.845 47.132 63.586
3 65 -79.845 47.132 63.586 -80.202 47.596 65.000 -76.826 49.924 64.995
3 65 -76.490 49.444 66.409 -76.826 49.924 64.995 -80.202 47.596 65.000
3 65 -80.202 47.596 65.000 -79.844 47.133 66.414 -76.490 49.444 66.409
3 65 -75.691 48.277 66.995 -76.490 49.444 66.409 -79.844 47.133 66.414
3 65 -79.844 47.133 66.414 -78.981 46.013 67.000 -75.691 48.277 66.995
3 65 -78.118 44.892 66.414 -78.981 46.013 67.000 -82.002 43.417 67.000
3 65 -82.002 43.417 67.000 -81.012 42.408 66.414 -78.118 44.892 66.414
3 65 -77.761 44.427 65.000 -78.118 44.892 66.414 -81.012 42.408 66.414
3 65 -81.012 42.408 66.414 -80.601 41.989 65.000 -77.761 44.427 65.000
3 65 -78.120 44.891 63.586 -77.761 44.427 65.000 -80.601 41.989 65.000
3 65 -80.601 41.989 65.000 -81.012 42.408 63.586 -78.120 44.891 63.586
3 65 -78.983 46.011 63.000 -78.120 44.891 63.586 -81.012 42.408 63.586
3 65 -81.012 42.408 63.586 -82.002 43.417 63.000 -78.983 46.011 63.000
3 65 -79.845 47.132 63.586 -78.983 46.011 63.000 -82.002 43.417 63.000
3 65 -82.002 43.417 63.000 -82.992 44.427 63.586 -79.845 47.132 63.586
3 65 -80.202 47.596 65.000 -79.845 47.132 63.586 -82.992 44.427 63.586
3 65 -82.992 44.427 63.586 -83.402 44.845 65.000 -80.202 47.596 65.000
3 65 -79.844 47.133 66.414 -80.202 47.596 65.000 -83.402 44.845 65.000
3 65 -83.402 44.845 65.000 -82.992 44.427 66.414 -79.844 47.133 66.414
3 65 -78.981 46.013 67.000 -79.844 47.133 66.414 -82.992 44.427 66.414
3 65 -82.992 44.427 66.414 -82.002 43.417 67.000 -78.981 46.013 67.000
3 65 -81.012 42.408 66.414 -82.002 43.417 67.000 -84.654 40.448 67.000
3 65 -84.654 40.448 67.000 -83.539 39.578 66.414 -81.012 42.408 66.414
3 65 -80.601 41.989 65.000 -81.012 42.408 66.414 -83.539 39.578 66.414
3 65 -83.539 39.578 66.414 -83.077 39.217 65.000 -80.601 41.989 65.000
3 65 -81.012 42.408 63.586 -80.601 41.989 65.000 -83.077 39.217 65.000
3 65 -83.077 39.217 65.000 -83.539 39.578 63.586 -81.012 42.408 63.586
3 65 -82.002 43.417 63.000 -81.012 42.408 63.586 -83.539 39.578 63.586
3 65 -83.539 39.578 63.586 -84.654 40.448 63.000 -82.002 43.417 63.000
3 65 -82.992 44.427 63.586 -82.002 43.417 63.000 -84.654 40.448 63.000
3 65 -84.654 40.448 63.000 -85.769 41.318 63.586 -82.992 44.427 63.586
3 65 -83.402 44.845 65.000 -82.992 44.427 63.586 -85.769 41.318 63.586
3 65 -85.769 41.318 63.586 -86.231 41.678 65.000 -83.402 44.845 65.000
3 65 -82.992 44.427 66.414 -83.402 44.845 65.000 -86.231 41.678 65.000
3 65 -86.231 41.678 65.000 -85.769 41.318 66.414 -82.992 44.427 66.414
3 65 -82.002 43.417 67.000 -82.992 44.427 66.414 -85.769 41.318 66.414
3 65 -85.769 41.318 66.414 -84.654 40.448 67.000 -82.002 43.417 67.000
3 65 -83.539 39.578 66.414 -84.654 40.448 67.000 -86.890 37.153 67.000
3 65 -86.890 37.153 67.000 -85.669 36.438 66.414 -83.539 39.578 66.414
3 65 -83.077 39.217 65.000 -83.539 39.578 66.414 -85.669 36.438 66.414
3 65 -85.669 36.438 66.414 -85.164 36.142 65.000 -83.077 39.217 65.000
3 65 -83.539 39.578 63.586 -83.077 39.217 65.000 -85.164 36.142 65.000
3 65 -85.164 36.142 65.000 -85.669 36.438 63.586 -83.539 39.578 63.586
3 65 -84.654 40.448 63.000 -83.539 39.578 63.586 -85.669 36.438 63.586
3 65 -85.669 36.438 63.586 -86.890 37.153 63.000 -84.654 40.448 63.000
3 65 -85.769 41.318 63.586 -84.654 40.448 63.000 -86.890 37.153 63.000
3 65 -86.890 37.153 63.000 -88.110 37.867 63.586 -85.769 41.318 63.586
3 65 -86.231 41.678 65.000 -85.769 41.318 63.586 -88.110 37.867 63.586
3 65 -88.110 37.867 63.586 -88.616 38.163 65.000 -86.231 41.678 65.000
3 65 -85.769 41.318 66.414 -86.231 41.678 65.000 -88.616 38.163 65.000
3 65 -88.616 38.163 65.000 -88.110 37.867 66.414 -85.769 41.318 66.414
3 65 -84.654 40.448 67.000 -85.769 41.318 66.414 -88.110 37.867 66.414
3 65 -88.110 37.867 66.414 -86.890 37.153 67.000 -84.654 40.448 67.000
3 65 -85.669 36.438 66.414 -86.890 37.153 67.000 -88.669 33.591 67.000
3 65 -88.669 33.591 67.000 -87.365 33.044 66.414 -85.669 36.438 66.414
3 65 -85.164 36.142 65.000 -85.669 36.438 66.414 -87.365 33.044 66.414
3 65 -87.365 33.044 66.414 -86.825 32.818 65.000 -85.164 36.142 65.000
3 65 -85.669 36.438 63.586 -85.164 36.142 65.000 -86.825 32.818 65.000
3 65 -86.825 32.818 65.000 -87.365 33.044 63.586 -85.669 36.438 63.586
3 65 -86.890 37.153 63.000 -85.669 36.438 63.586 -87.365 33.044 63.586
3 65 -87.365 33.044 63.586 -88.669 33.591 63.000 -86.890 37.153 63.000
3 65 -88.110 37.867 63.586 -86.890 37.153 63.000 -88.669 33.591 63.000
3 65 -88.669 33.591 63.000 -89.974 34.137 63.586 -88.110 37.867 63.586
3 65 -88.616 38.163 65.000 -88.110 37.867 63.586 -89.974 34.137 63.586
3 65 -89.974 34.137 63.586 -90.514 34.363 65.000 -88.616 38.163 65.000
3 65 -88.110 37.867 66.414 -88.616 38.163 65.000 -90.514 34.363 65.000
3 65 -90.514 34.363 65.000 -89.974 34.137 66.414 -88.110 37.867 66.414
3 65 -86.890 37.153 67.000 -88.110 37.867 66.414 -89.974 34.137 66.414
3 65 -89.974 34.137 66.414 -88.669 33.591 67.000 -86.890 37.153 67.000
3 65 -87.365 33.044 66.414 -88.669 33.591 67.000 -89.959 29.823 67.000
3 65 -89.959 29.823 67.000 -88.593 29.455 66.414 -87.365 33.044 66.414
3 65 -86.825 32.818 65.000 -87.365 33.044 66.414 -88.593 29.455 66.414
3 65 -88.593 29.455 66.414 -88.028 29.302 65.000 -86.825 32.818 65.000
3 65 -87.365 33.044 63.586 -86.825 32.818 65.000 -88.028 29.302 65.000
3 65 -88.028 29.302 65.000 -88.593 29.455 63.586 -87.365 33.044 63.586
3 65 -88.669 33.591 63.000 -87.365 33.044 63.586 -88.593 29.455 63.586
3 65 -88.593 29.455 63.586 -89.959 29.823 63.000 -88.669 33.591 63.000
3 65 -89.974 34.137 63.586 -88.669 33.591 63.000 -89.959 29.823 63.000
3 65 -89.959 29.823 63.000 -91.324 30.192 63.586 -89.974 34.137 63.586
3 65 -90.514 34.363 65.000 -89.974 34.137 63.586 -91.324 30.192 63.586
3 65 -91.324 30.192 63.586 -91.890 30.345 65.000 -90.514 34.363 65.000
3 65 -89.974 34.137 66.414 -90.514 34.363 65.000 -91.890 30.345 65.000
3 65 -91.890 30.345 65.000 -91.324 30.192 66.414 -89.974 34.137 66.414
3 65 -88.669 33.591 67.000 -89.974 34.137 66.414 -91.324 30.192 66.414
3 65 -91.324 30.192 66.414 -89.959 29.823 67.000 -88.669 33.591 67.000
3 65 -88.593 29.455 66.414 -89.959 29.823 67.000 -90.741 25.919 67.000
3 65 -90.741 25.919 67.000 -89.339 25.733 66.414 -88.593 29.455 66.414
3 65 -88.028 29.302 65.000 -88.593 29.455 66.414 -89.339 25.733 66.414
3 65 -89.339 25.733 66.414 -88.758 25.656 65.000 -88.028 29.302 65.000
3 65 -88.593 29.455 63.586 -88.028 29.302 65.000 -88.758 25.656 65.000
3 65 -88.758 25.656 65.000 -89.339 25.733 63.586 -88.593 29.455 63.586
3 65 -89.959 29.823 63.000 -88.593 29.455 63.586 -89.339 25.733 63.586
3 65 -89.339 25.733 63.586 -90.741 25.919 63.000 -89.959 29.823 63.000
3 65 -91.324 30.192 63.586 -89.959 29.823 63.000 -90.741 25.919 63.000
3 65 -90.741 25.919 63.000 -92.143 26.105 63.586 -91.324 30.192 63.586
3 65 -91.890 30.345 65.000 -91.324 30.192 63.586 -92.143 26.105 63.586
3 65 -92.143 26.105 63.586 -92.723 26.182 65.000 -91.890 30.345 65.000
3 65 -91.324 30.192 66.414 -91.890 30.345 65.000 -92.723 26.182 65.000
3 65 -92.723 26.182 65.000 -92.143 26.105 66.414 -91.324 30.192 66.414
3 65 -89.959 29.823 67.000 -91.324 30.192 66.414 -92.143 26.105 66.414
3 65 -92.143 26.105 66.414 -90.741 25.919 67.000 -89.959 29.823 67.000
3 65 -89.339 25.733 66.414 -90.741 25.919 67.000 -91.000 22.000 67.000
3 65 -91.000 22.000 67.000 -89.586 22.000 66.414 -89.339 25.733 66.414
3 65 -88.758 25.656 65.000 -89.339 25.733 66.414 -89.586 22.000 66.414
3 65 -89.586 22.000 66.414 -89.000 22.000 65.000 -88.758 25.656 65.000
3 65 -89.339 25.733 63.586 -88.758 25.656 65.000 -89.000 22.000 65.000
3 65 -89.000 22.000 65.000 -89.586 22.000 63.586 -89.339 25.733 63.586
3 65 -90.741 25.919 63.000 -89.339 25.733 63.586 -89.586 22.000 63.586
3 65 -89.586 22.000 63.586 -91.000 22.000 63.000 -90.741 25.919 63.000
3 65 -92.143 26.105 63.586 -90.741 25.919 63.000 -91.000 22.000 63.000
3 65 -91.000 22.000 63.000 -92.414 22.000 63.586 -92.143 26.105 63.586
3 65 -92.723 26.182 65.000 -92.143 26.105 63.586 -92.414 22.000 63.586
3 65 -92.414 22.000 63.586 -93.000 22.000 65.000 -92.723 26.182 65.000
3 65 -92.143 26.105 66.414 -92.723 26.182 65.000 -93.000 22.000 65.000
3 65 -93.000 22.000 65.000 -92.414 22.000 66.414 -92.143 26.105 66.414
3 65 -90.741 25.919 67.000 -92.143 26.105 66.414 -92.414 22.000 66.414
3 65 -92.414 22.000 66.414 -91.000 22.000 67.000 -90.741 25.919 67.000
