0 FILE XPJ111.DAT.dat
0 XPJ111
0 Name:  UntitledModel
0 Author:  
0 BL_Item_No XPJ111.DAT
0 BFC CERTIFY CCW
3 65 6.919 3.515 0.772 8.147 4.217 1.357 6.205 7.547 1.530
3 65 6.205 7.547 1.530 4.959 6.909 0.911 6.919 3.515 0.772
3 65 6.410 3.225 -0.643 6.919 3.515 0.772 4.959 6.909 0.911
3 65 4.959 6.909 0.911 4.419 6.745 -0.512 6.410 3.225 -0.643
3 65 6.919 3.515 -2.057 6.410 3.225 -0.643 4.419 6.745 -0.512
3 65 4.419 6.745 -0.512 4.903 7.151 -1.906 6.919 3.515 -2.057
3 65 8.147 4.217 -2.643 6.919 3.515 -2.057 4.903 7.151 -1.906
3 65 4.903 7.151 -1.906 6.127 7.890 -2.455 8.147 4.217 -2.643
3 65 9.375 4.919 -2.057 8.147 4.217 -2.643 6.127 7.890 -2.455
3 65 6.127 7.890 -2.455 7.373 8.528 -1.837 9.375 4.919 -2.057
3 65 9.884 5.209 -0.643 9.375 4.919 -2.057 7.373 8.528 -1.837
3 65 7.373 8.528 -1.837 7.913 8.691 -0.413 9.884 5.209 -0.643
3 65 9.375 4.919 0.772 9.884 5.209 -0.643 7.913 8.691 -0.413
3 65 7.913 8.691 -0.413 7.429 8.285 0.981 9.375 4.919 0.772
3 65 8.147 4.217 1.357 9.375 4.919 0.772 7.429 8.285 0.981
3 65 7.429 8.285 0.981 6.205 7.547 1.530 8.147 4.217 1.357
3 65 6.205 7.547 1.530 4.233 10.853 2.005 2.987 10.295 1.313
3 65 2.987 10.295 1.313 4.959 6.909 0.911 6.205 7.547 1.530
3 65 4.959 6.909 0.911 2.987 10.295 1.313 2.466 10.273 -0.127
3 65 2.466 10.273 -0.127 4.419 6.745 -0.512 4.959 6.909 0.911
3 65 4.419 6.745 -0.512 2.466 10.273 -0.127 2.976 10.801 -1.470
3 65 2.976 10.801 -1.470 4.903 7.151 -1.906 4.419 6.745 -0.512
3 65 4.903 7.151 -1.906 2.976 10.801 -1.470 4.218 11.569 -1.931
3 65 4.218 11.569 -1.931 6.127 7.890 -2.455 4.903 7.151 -1.906
3 65 6.127 7.890 -2.455 4.218 11.569 -1.931 5.464 12.127 -1.239
3 65 5.464 12.127 -1.239 7.373 8.528 -1.837 6.127 7.890 -2.455
3 65 7.373 8.528 -1.837 5.464 12.127 -1.239 5.984 12.149 0.201
3 65 5.984 12.149 0.201 7.913 8.691 -0.413 7.373 8.528 -1.837
3 65 7.913 8.691 -0.413 5.984 12.149 0.201 5.475 11.621 1.545
3 65 5.475 11.621 1.545 7.429 8.285 0.981 7.913 8.691 -0.413
3 65 7.429 8.285 0.981 5.475 11.621 1.545 4.233 10.853 2.005
3 65 4.233 10.853 2.005 6.205 7.547 1.530 7.429 8.285 0.981
3 65 4.233 10.853 2.005 2.256 14.133 2.742 1.026 13.673 1.955
3 65 1.026 13.673 1.955 2.987 10.295 1.313 4.233 10.853 2.005
3 65 2.987 10.295 1.313 1.026 13.673 1.955 0.560 13.802 0.502
3 65 0.560 13.802 0.502 2.466 10.273 -0.127 2.987 10.295 1.313
3 65 2.466 10.273 -0.127 0.560 13.802 0.502 1.132 14.444 -0.765
3 65 1.132 14.444 -0.765 2.976 10.801 -1.470 2.466 10.273 -0.127
3 65 2.976 10.801 -1.470 1.132 14.444 -0.765 2.406 15.222 -1.104
3 65 2.406 15.222 -1.104 4.218 11.569 -1.931 2.976 10.801 -1.470
3 65 4.218 11.569 -1.931 2.406 15.222 -1.104 3.635 15.682 -0.317
3 65 3.635 15.682 -0.317 5.464 12.127 -1.239 4.218 11.569 -1.931
3 65 5.464 12.127 -1.239 3.635 15.682 -0.317 4.101 15.553 1.136
3 65 4.101 15.553 1.136 5.984 12.149 0.201 5.464 12.127 -1.239
3 65 5.984 12.149 0.201 4.101 15.553 1.136 3.529 14.911 2.403
3 65 3.529 14.911 2.403 5.475 11.621 1.545 5.984 12.149 0.201
3 65 5.475 11.621 1.545 3.529 14.911 2.403 2.256 14.133 2.742
3 65 2.256 14.133 2.742 4.233 10.853 2.005 5.475 11.621 1.545
3 65 2.256 14.133 2.742 0.255 17.371 3.693 -0.929 17.042 2.780
3 65 -0.929 17.042 2.780 1.026 13.673 1.955 2.256 14.133 2.742
3 65 1.026 13.673 1.955 -0.929 17.042 2.780 -1.285 17.336 1.320
3 65 -1.285 17.336 1.320 0.560 13.802 0.502 1.026 13.673 1.955
3 65 0.560 13.802 0.502 -1.285 17.336 1.320 -0.605 18.081 0.169
3 65 -0.605 18.081 0.169 1.132 14.444 -0.765 0.560 13.802 0.502
3 65 1.132 14.444 -0.765 -0.605 18.081 0.169 0.714 18.841 0.001
3 65 0.714 18.841 0.001 2.406 15.222 -1.104 1.132 14.444 -0.765
3 65 2.406 15.222 -1.104 0.714 18.841 0.001 1.898 19.170 0.913
3 65 1.898 19.170 0.913 3.635 15.682 -0.317 2.406 15.222 -1.104
3 65 3.635 15.682 -0.317 1.898 19.170 0.913 2.254 18.875 2.373
3 65 2.254 18.875 2.373 4.101 15.553 1.136 3.635 15.682 -0.317
3 65 4.101 15.553 1.136 2.254 18.875 2.373 1.573 18.130 3.524
3 65 1.573 18.130 3.524 3.529 14.911 2.403 4.101 15.553 1.136
3 65 3.529 14.911 2.403 1.573 18.130 3.524 0.255 17.371 3.693
3 65 0.255 17.371 3.693 2.256 14.133 2.742 3.529 14.911 2.403
3 65 0.255 17.371 3.693 -1.799 20.563 4.787 -2.880 20.418 3.713
3 65 -2.880 20.418 3.713 -0.929 17.042 2.780 0.255 17.371 3.693
3 65 -0.929 17.042 2.780 -2.880 20.418 3.713 -3.044 20.901 2.270
3 65 -3.044 20.901 2.270 -1.285 17.336 1.320 -0.929 17.042 2.780
3 65 -1.285 17.336 1.320 -3.044 20.901 2.270 -2.195 21.729 1.303
3 65 -2.195 21.729 1.303 -0.605 18.081 0.169 -1.285 17.336 1.320
3 65 -0.605 18.081 0.169 -2.195 21.729 1.303 -0.830 22.418 1.378
3 65 -0.830 22.418 1.378 0.714 18.841 0.001 -0.605 18.081 0.169
3 65 0.714 18.841 0.001 -0.830 22.418 1.378 0.252 22.564 2.452
3 65 0.252 22.564 2.452 1.898 19.170 0.913 0.714 18.841 0.001
3 65 1.898 19.170 0.913 0.252 22.564 2.452 0.415 22.080 3.896
3 65 0.415 22.080 3.896 2.254 18.875 2.373 1.898 19.170 0.913
3 65 2.254 18.875 2.373 0.415 22.080 3.896 -0.434 21.252 4.863
3 65 -0.434 21.252 4.863 1.573 18.130 3.524 2.254 18.875 2.373
3 65 1.573 18.130 3.524 -0.434 21.252 4.863 -1.799 20.563 4.787
3 65 -1.799 20.563 4.787 0.255 17.371 3.693 1.573 18.130 3.524
3 65 -1.799 20.563 4.787 -3.929 23.731 5.935 -4.799 23.846 4.681
3 65 -4.799 23.846 4.681 -2.880 20.418 3.713 -1.799 20.563 4.787
3 65 -2.880 20.418 3.713 -4.799 23.846 4.681 -4.655 24.536 3.322
3 65 -4.655 24.536 3.322 -3.044 20.901 2.270 -2.880 20.418 3.713
3 65 -3.044 20.901 2.270 -4.655 24.536 3.322 -3.579 25.397 2.654
3 65 -3.579 25.397 2.654 -2.195 21.729 1.303 -3.044 20.901 2.270
3 65 -2.195 21.729 1.303 -3.579 25.397 2.654 -2.203 25.924 3.069
3 65 -2.203 25.924 3.069 -0.830 22.418 1.378 -2.195 21.729 1.303
3 65 -0.830 22.418 1.378 -2.203 25.924 3.069 -1.333 25.810 4.323
3 65 -1.333 25.810 4.323 0.252 22.564 2.452 -0.830 22.418 1.378
3 65 0.252 22.564 2.452 -1.333 25.810 4.323 -1.478 25.120 5.682
3 65 -1.478 25.120 5.682 0.415 22.080 3.896 0.252 22.564 2.452
3 65 0.415 22.080 3.896 -1.478 25.120 5.682 -2.553 24.259 6.350
3 65 -2.553 24.259 6.350 -0.434 21.252 4.863 0.415 22.080 3.896
3 65 -0.434 21.252 4.863 -2.553 24.259 6.350 -3.929 23.731 5.935
3 65 -3.929 23.731 5.935 -1.799 20.563 4.787 -0.434 21.252 4.863
3 65 -3.929 23.731 5.935 -6.088 26.954 7.044 -6.590 27.392 5.666
3 65 -6.590 27.392 5.666 -4.799 23.846 4.681 -3.929 23.731 5.935
3 65 -4.799 23.846 4.681 -6.590 27.392 5.666 -6.028 28.254 4.532
3 65 -6.028 28.254 4.532 -4.655 24.536 3.322 -4.799 23.846 4.681
3 65 -4.655 24.536 3.322 -6.028 28.254 4.532 -4.731 29.035 4.307
3 65 -4.731 29.035 4.307 -3.579 25.397 2.654 -4.655 24.536 3.322
3 65 -3.579 25.397 2.654 -4.731 29.035 4.307 -3.458 29.277 5.122
3 65 -3.458 29.277 5.122 -2.203 25.924 3.069 -3.579 25.397 2.654
3 65 -2.203 25.924 3.069 -3.458 29.277 5.122 -2.955 28.839 6.500
3 65 -2.955 28.839 6.500 -1.333 25.810 4.323 -2.203 25.924 3.069
3 65 -1.333 25.810 4.323 -2.955 28.839 6.500 -3.517 27.977 7.634
3 65 -3.517 27.977 7.634 -1.478 25.120 5.682 -1.333 25.810 4.323
3 65 -1.478 25.120 5.682 -3.517 27.977 7.634 -4.815 27.197 7.859
3 65 -4.815 27.197 7.859 -2.553 24.259 6.350 -1.478 25.120 5.682
3 65 -2.553 24.259 6.350 -4.815 27.197 7.859 -6.088 26.954 7.044
3 65 -6.088 26.954 7.044 -3.929 23.731 5.935 -2.553 24.259 6.350
3 65 -6.088 26.954 7.044 -8.112 30.315 8.142 -8.138 31.047 6.798
3 65 -8.138 31.047 6.798 -6.590 27.392 5.666 -6.088 26.954 7.044
3 65 -6.590 27.392 5.666 -8.138 31.047 6.798 -7.167 31.959 6.044
3 65 -7.167 31.959 6.044 -6.028 28.254 4.532 -6.590 27.392 5.666
3 65 -6.028 28.254 4.532 -7.167 31.959 6.044 -5.769 32.517 6.321
3 65 -5.769 32.517 6.321 -4.731 29.035 4.307 -6.028 28.254 4.532
3 65 -4.731 29.035 4.307 -5.769 32.517 6.321 -4.762 32.394 7.468
3 65 -4.762 32.394 7.468 -3.458 29.277 5.122 -4.731 29.035 4.307
3 65 -3.458 29.277 5.122 -4.762 32.394 7.468 -4.736 31.661 8.811
3 65 -4.736 31.661 8.811 -2.955 28.839 6.500 -3.458 29.277 5.122
3 65 -2.955 28.839 6.500 -4.736 31.661 8.811 -5.706 30.749 9.566
3 65 -5.706 30.749 9.566 -3.517 27.977 7.634 -2.955 28.839 6.500
3 65 -3.517 27.977 7.634 -5.706 30.749 9.566 -7.105 30.191 9.289
3 65 -7.105 30.191 9.289 -4.815 27.197 7.859 -3.517 27.977 7.634
3 65 -4.815 27.197 7.859 -7.105 30.191 9.289 -8.112 30.315 8.142
3 65 -8.112 30.315 8.142 -6.088 26.954 7.044 -4.815 27.197 7.859
3 65 -8.112 30.315 8.142 -9.886 33.763 9.418 -9.480 34.669 8.253
3 65 -9.480 34.669 8.253 -8.138 31.047 6.798 -8.112 30.315 8.142
3 65 -8.138 31.047 6.798 -9.480 34.669 8.253 -8.242 35.501 7.909
3 65 -8.242 35.501 7.909 -7.167 31.959 6.044 -8.138 31.047 6.798
3 65 -7.167 31.959 6.044 -8.242 35.501 7.909 -6.897 35.772 8.587
3 65 -6.897 35.772 8.587 -5.769 32.517 6.321 -7.167 31.959 6.044
3 65 -5.769 32.517 6.321 -6.897 35.772 8.587 -6.233 35.323 9.891
3 65 -6.233 35.323 9.891 -4.762 32.394 7.468 -5.769 32.517 6.321
3 65 -4.762 32.394 7.468 -6.233 35.323 9.891 -6.638 34.417 11.057
3 65 -6.638 34.417 11.057 -4.736 31.661 8.811 -4.762 32.394 7.468
3 65 -4.736 31.661 8.811 -6.638 34.417 11.057 -7.876 33.585 11.401
3 65 -7.876 33.585 11.401 -5.706 30.749 9.566 -4.736 31.661 8.811
3 65 -5.706 30.749 9.566 -7.876 33.585 11.401 -9.222 33.314 10.722
3 65 -9.222 33.314 10.722 -7.105 30.191 9.289 -5.706 30.749 9.566
3 65 -7.105 30.191 9.289 -9.222 33.314 10.722 -9.886 33.763 9.418
3 65 -9.886 33.763 9.418 -8.112 30.315 8.142 -7.105 30.191 9.289
3 65 -9.886 33.763 9.418 -11.472 37.176 10.983 -10.769 38.145 10.029
3 65 -10.769 38.145 10.029 -9.480 34.669 8.253 -9.886 33.763 9.418
3 65 -9.480 34.669 8.253 -10.769 38.145 10.029 -9.406 38.843 10.005
3 65 -9.406 38.843 10.005 -8.242 35.501 7.909 -9.480 34.669 8.253
3 65 -8.242 35.501 7.909 -9.406 38.843 10.006 -8.183 38.862 10.926
3 65 -8.183 38.862 10.926 -6.897 35.772 8.587 -8.242 35.501 7.909
3 65 -6.897 35.772 8.587 -8.183 38.862 10.926 -7.816 38.190 12.251
3 65 -7.816 38.190 12.251 -6.233 35.323 9.891 -6.897 35.772 8.587
3 65 -6.233 35.323 9.891 -7.816 38.190 12.251 -8.519 37.221 13.206
3 65 -8.519 37.221 13.206 -6.638 34.417 11.057 -6.233 35.323 9.891
3 65 -6.638 34.417 11.057 -8.519 37.221 13.206 -9.881 36.523 13.229
3 65 -9.881 36.523 13.229 -7.876 33.585 11.401 -6.638 34.417 11.057
3 65 -7.876 33.585 11.401 -9.881 36.523 13.229 -11.104 36.504 12.309
3 65 -11.104 36.504 12.309 -9.222 33.314 10.722 -7.876 33.585 11.401
3 65 -9.222 33.314 10.722 -11.104 36.504 12.309 -11.472 37.176 10.983
3 65 -11.472 37.176 10.983 -9.886 33.763 9.418 -9.222 33.314 10.722
3 65 -11.472 37.176 10.983 -12.968 40.492 12.808 -12.081 41.469 12.032
3 65 -12.081 41.469 12.032 -10.769 38.145 10.029 -11.472 37.176 10.983
3 65 -10.769 38.145 10.029 -12.081 41.469 12.032 -10.673 42.039 12.222
3 65 -10.673 42.039 12.222 -9.406 38.843 10.005 -10.769 38.145 10.029
3 65 -9.406 38.843 10.006 -10.673 42.039 12.222 -9.569 41.869 13.269
3 65 -9.569 41.869 13.269 -8.183 38.862 10.926 -9.406 38.843 10.006
3 65 -8.183 38.862 10.926 -9.569 41.869 13.269 -9.415 41.057 14.558
3 65 -9.415 41.057 14.558 -7.816 38.190 12.251 -8.183 38.862 10.926
3 65 -7.816 38.190 12.251 -9.415 41.057 14.558 -10.302 40.081 15.335
3 65 -10.302 40.081 15.335 -8.519 37.221 13.206 -7.816 38.190 12.251
3 65 -8.519 37.221 13.206 -10.302 40.081 15.335 -11.710 39.511 15.144
3 65 -11.710 39.511 15.144 -9.881 36.523 13.229 -8.519 37.221 13.206
3 65 -9.881 36.523 13.229 -11.710 39.511 15.144 -12.814 39.681 14.097
3 65 -12.814 39.681 14.097 -11.104 36.504 12.309 -9.881 36.523 13.229
3 65 -11.104 36.504 12.309 -12.814 39.681 14.097 -12.968 40.492 12.808
3 65 -12.968 40.492 12.808 -11.472 37.176 10.983 -11.104 36.504 12.309
3 65 -12.968 40.492 12.808 -14.424 43.708 14.828 -13.423 44.673 14.186
3 65 -13.423 44.673 14.186 -12.081 41.469 12.032 -12.968 40.492 12.808
3 65 -12.081 41.469 12.032 -13.423 44.673 14.186 -12.002 45.137 14.516
3 65 -12.002 45.137 14.516 -10.673 42.039 12.222 -12.081 41.469 12.032
3 65 -10.673 42.039 12.222 -12.002 45.137 14.516 -10.993 44.828 15.625
3 65 -10.993 44.828 15.625 -9.569 41.869 13.269 -10.673 42.039 12.222
3 65 -9.569 41.869 13.269 -10.993 44.828 15.625 -10.986 43.927 16.862
3 65 -10.986 43.927 16.862 -9.415 41.057 14.558 -9.569 41.869 13.269
3 65 -9.415 41.057 14.558 -10.986 43.927 16.862 -11.986 42.963 17.505
3 65 -11.986 42.963 17.505 -10.302 40.081 15.335 -9.415 41.057 14.558
3 65 -10.302 40.081 15.335 -11.986 42.963 17.505 -13.407 42.499 17.175
3 65 -13.407 42.499 17.175 -11.710 39.511 15.144 -10.302 40.081 15.335
3 65 -11.710 39.511 15.144 -13.407 42.499 17.175 -14.417 42.808 16.066
3 65 -14.417 42.808 16.066 -12.814 39.681 14.097 -11.710 39.511 15.144
3 65 -12.814 39.681 14.097 -14.417 42.808 16.066 -14.424 43.708 14.828
3 65 -14.424 43.708 14.828 -12.968 40.492 12.808 -12.814 39.681 14.097
3 65 -14.424 43.708 14.828 -15.855 46.832 16.987 -14.782 47.780 16.446
3 65 -14.782 47.780 16.446 -13.423 44.673 14.186 -14.424 43.708 14.828
3 65 -13.423 44.673 14.186 -14.782 47.780 16.446 -13.361 48.162 16.869
3 65 -13.361 48.162 16.869 -12.002 45.137 14.516 -13.423 44.673 14.186
3 65 -12.002 45.137 14.516 -13.361 48.162 16.869 -12.425 47.753 18.009
3 65 -12.425 47.753 18.009 -10.993 44.828 15.625 -12.002 45.137 14.516
3 65 -10.993 44.828 15.625 -12.425 47.753 18.009 -12.522 46.794 19.198
3 65 -12.522 46.794 19.198 -10.986 43.927 16.862 -10.993 44.828 15.625
3 65 -10.986 43.927 16.862 -12.522 46.794 19.198 -13.595 45.845 19.739
3 65 -13.595 45.845 19.739 -11.986 42.963 17.505 -10.986 43.927 16.862
3 65 -11.986 42.963 17.505 -13.595 45.845 19.739 -15.016 45.464 19.316
3 65 -15.016 45.464 19.316 -13.407 42.499 17.175 -11.986 42.963 17.505
3 65 -13.407 42.499 17.175 -15.016 45.464 19.316 -15.952 45.873 18.176
3 65 -15.952 45.873 18.176 -14.417 42.808 16.066 -13.407 42.499 17.175
3 65 -14.417 42.808 16.066 -15.952 45.873 18.176 -15.855 46.832 16.987
3 65 -15.855 46.832 16.987 -14.424 43.708 14.828 -14.417 42.808 16.066
3 65 -15.855 46.832 16.987 -17.159 49.670 19.082 -16.003 50.550 18.598
3 65 -16.003 50.550 18.598 -14.782 47.780 16.446 -15.855 46.832 16.987
3 65 -14.782 47.780 16.446 -16.003 50.550 18.598 -14.648 50.969 19.173
3 65 -14.648 50.969 19.173 -13.361 48.162 16.869 -14.782 47.780 16.446
3 65 -13.361 48.162 16.869 -14.648 50.969 19.173 -13.886 50.682 20.469
3 65 -13.886 50.682 20.469 -12.425 47.753 18.009 -13.361 48.162 16.869
3 65 -12.425 47.753 18.009 -13.886 50.682 20.469 -14.164 49.857 21.728
3 65 -14.164 49.857 21.728 -12.522 46.794 19.198 -12.425 47.753 18.009
3 65 -12.522 46.794 19.198 -14.164 49.857 21.728 -15.320 48.977 22.212
3 65 -15.320 48.977 22.212 -13.595 45.845 19.739 -12.522 46.794 19.198
3 65 -13.595 45.845 19.739 -15.320 48.977 22.212 -16.675 48.558 21.638
3 65 -16.675 48.558 21.638 -15.016 45.464 19.316 -13.595 45.845 19.739
3 65 -15.016 45.464 19.316 -16.675 48.558 21.638 -17.437 48.845 20.341
3 65 -17.437 48.845 20.341 -15.952 45.873 18.176 -15.016 45.464 19.316
3 65 -15.952 45.873 18.176 -17.437 48.845 20.341 -17.159 49.670 19.082
3 65 -17.159 49.670 19.082 -15.855 46.832 16.987 -15.952 45.873 18.176
3 65 -17.159 49.670 19.082 -18.813 52.760 19.967 -17.492 53.366 19.485
3 65 -17.492 53.366 19.485 -16.003 50.550 18.598 -17.159 49.670 19.082
3 65 -16.003 50.550 18.598 -17.492 53.366 19.485 -16.194 53.812 20.164
3 65 -16.194 53.812 20.164 -14.648 50.969 19.173 -16.003 50.550 18.598
3 65 -13.886 50.682 20.469 -14.648 50.969 19.173 -16.194 53.812 20.164
3 65 -16.194 53.812 20.164 -15.680 53.838 21.606 -13.886 50.682 20.469
3 65 -14.164 49.857 21.728 -13.886 50.682 20.469 -15.680 53.838 21.606
3 65 -15.680 53.838 21.606 -16.251 53.428 22.966 -14.164 49.857 21.728
3 65 -14.164 49.857 21.728 -16.251 53.428 22.966 -17.571 52.822 23.448
3 65 -17.571 52.822 23.448 -15.320 48.977 22.212 -14.164 49.857 21.728
3 65 -15.320 48.977 22.212 -17.571 52.822 23.448 -18.869 52.376 22.769
3 65 -18.869 52.376 22.769 -16.675 48.558 21.638 -15.320 48.977 22.212
3 65 -17.437 48.845 20.341 -16.675 48.558 21.638 -18.869 52.376 22.769
3 65 -18.869 52.376 22.769 -19.383 52.350 21.327 -17.437 48.845 20.341
3 65 -17.159 49.670 19.082 -17.437 48.845 20.341 -19.383 52.350 21.327
3 65 -19.383 52.350 21.327 -18.813 52.760 19.967 -17.159 49.670 19.082
3 65 -17.492 53.366 19.485 -18.813 52.760 19.967 -19.839 56.554 19.809
3 65 -19.839 56.554 19.809 -18.379 56.677 19.364 -17.492 53.366 19.485
3 65 -16.194 53.812 20.164 -17.492 53.366 19.485 -18.379 56.677 19.364
3 65 -18.379 56.677 19.364 -17.052 56.960 20.071 -16.194 53.812 20.164
3 65 -15.680 53.838 21.606 -16.194 53.812 20.164 -17.052 56.960 20.071
3 65 -17.052 56.960 20.071 -16.634 57.237 21.518 -15.680 53.838 21.606
3 65 -16.251 53.428 22.966 -15.680 53.838 21.606 -16.634 57.237 21.518
3 65 -16.634 57.237 21.518 -17.370 57.347 22.855 -16.251 53.428 22.966
3 65 -17.571 52.822 23.448 -16.251 53.428 22.966 -17.370 57.347 22.855
3 65 -17.370 57.347 22.855 -18.830 57.224 23.301 -17.571 52.822 23.448
3 65 -18.869 52.376 22.769 -17.571 52.822 23.448 -18.830 57.224 23.301
3 65 -18.830 57.224 23.301 -20.158 56.941 22.593 -18.869 52.376 22.769
3 65 -19.383 52.350 21.327 -18.869 52.376 22.769 -20.158 56.941 22.593
3 65 -20.158 56.941 22.593 -20.576 56.663 21.146 -19.383 52.350 21.327
3 65 -18.813 52.760 19.967 -19.383 52.350 21.327 -20.576 56.663 21.146
3 65 -20.576 56.663 21.146 -19.839 56.554 19.809 -18.813 52.760 19.967
3 65 -18.379 56.677 19.364 -19.839 56.554 19.809 -19.773 60.441 18.744
3 65 -19.773 60.441 18.744 -18.322 60.066 18.435 -18.379 56.677 19.364
3 65 -17.052 56.960 20.071 -18.379 56.677 19.364 -18.322 60.066 18.435
3 65 -18.322 60.066 18.435 -17.000 60.129 19.205 -17.052 56.960 20.071
3 65 -16.634 57.237 21.518 -17.052 56.960 20.071 -17.000 60.129 19.205
3 65 -17.000 60.129 19.205 -16.583 60.593 20.603 -16.634 57.237 21.518
3 65 -17.370 57.347 22.855 -16.634 57.237 21.518 -16.583 60.593 20.603
3 65 -16.583 60.593 20.603 -17.314 61.186 21.810 -17.370 57.347 22.855
3 65 -18.830 57.224 23.301 -17.370 57.347 22.855 -17.314 61.186 21.810
3 65 -17.314 61.186 21.810 -18.766 61.561 22.119 -18.830 57.224 23.301
3 65 -20.158 56.941 22.593 -18.830 57.224 23.301 -18.766 61.561 22.119
3 65 -18.766 61.561 22.119 -20.088 61.498 21.349 -20.158 56.941 22.593
3 65 -20.576 56.663 21.146 -20.158 56.941 22.593 -20.088 61.498 21.349
3 65 -20.088 61.498 21.349 -20.505 61.034 19.951 -20.576 56.663 21.146
3 65 -19.839 56.554 19.809 -20.576 56.663 21.146 -20.505 61.034 19.951
3 65 -20.505 61.034 19.951 -19.773 60.441 18.744 -19.839 56.554 19.809
3 65 -18.322 60.066 18.435 -19.773 60.441 18.744 -18.526 63.919 16.968
3 65 -18.526 63.919 16.968 -17.164 63.240 16.798 -18.322 60.066 18.435
3 65 -17.000 60.129 19.205 -18.322 60.066 18.435 -17.164 63.240 16.798
3 65 -17.164 63.240 16.798 -15.896 63.131 17.649 -17.000 60.129 19.205
3 65 -16.583 60.593 20.603 -17.000 60.129 19.205 -15.896 63.131 17.649
3 65 -15.896 63.131 17.649 -15.463 63.657 19.020 -16.583 60.593 20.603
3 65 -17.314 61.186 21.810 -16.583 60.593 20.603 -15.463 63.657 19.020
3 65 -15.463 63.657 19.020 -16.121 64.508 20.110 -17.314 61.186 21.810
3 65 -18.766 61.561 22.119 -17.314 61.186 21.810 -16.121 64.508 20.110
3 65 -16.121 64.508 20.110 -17.483 65.187 20.279 -18.766 61.561 22.119
3 65 -20.088 61.498 21.349 -18.766 61.561 22.119 -17.483 65.187 20.279
3 65 -17.483 65.187 20.279 -18.751 65.295 19.428 -20.088 61.498 21.349
3 65 -20.505 61.034 19.951 -20.088 61.498 21.349 -18.751 65.295 19.428
3 65 -18.751 65.295 19.428 -19.183 64.770 18.057 -20.505 61.034 19.951
3 65 -19.773 60.441 18.744 -20.505 61.034 19.951 -19.183 64.770 18.057
3 65 -19.183 64.770 18.057 -18.526 63.919 16.968 -19.773 60.441 18.744
3 65 -17.164 63.240 16.798 -18.526 63.919 16.968 -16.856 67.253 15.233
3 65 -16.856 67.253 15.233 -15.537 66.492 15.075 -17.164 63.240 16.798
3 65 -15.896 63.131 17.649 -17.164 63.240 16.798 -15.537 66.492 15.075
3 65 -15.537 66.492 15.075 -14.290 66.296 15.941 -15.896 63.131 17.649
3 65 -15.463 63.657 19.020 -15.896 63.131 17.649 -14.290 66.296 15.941
3 65 -14.290 66.296 15.941 -13.845 66.779 17.324 -15.463 63.657 19.020
3 65 -16.121 64.508 20.110 -15.463 63.657 19.020 -13.845 66.779 17.324
3 65 -13.845 66.779 17.324 -14.464 67.659 18.414 -16.121 64.508 20.110
3 65 -17.483 65.187 20.279 -16.121 64.508 20.110 -14.464 67.659 18.414
3 65 -14.464 67.659 18.414 -15.783 68.420 18.572 -17.483 65.187 20.279
3 65 -18.751 65.295 19.428 -17.483 65.187 20.279 -15.783 68.420 18.572
3 65 -15.783 68.420 18.572 -17.030 68.616 17.706 -18.751 65.295 19.428
3 65 -19.183 64.770 18.057 -18.751 65.295 19.428 -17.030 68.616 17.706
3 65 -17.030 68.616 17.706 -17.474 68.133 16.323 -19.183 64.770 18.057
3 65 -18.526 63.919 16.968 -19.183 64.770 18.057 -17.474 68.133 16.323
3 65 -17.474 68.133 16.323 -16.856 67.253 15.233 -18.526 63.919 16.968
3 65 -15.537 66.492 15.075 -16.856 67.253 15.233 -15.205 70.597 13.616
3 65 -15.205 70.597 13.616 -13.905 69.817 13.401 -15.537 66.492 15.075
3 65 -14.290 66.296 15.941 -15.537 66.492 15.075 -13.905 69.817 13.401
3 65 -13.905 69.817 13.401 -12.643 69.568 14.230 -14.290 66.296 15.941
3 65 -13.845 66.779 17.324 -14.290 66.296 15.941 -12.643 69.568 14.230
3 65 -12.643 69.568 14.230 -12.157 69.996 15.618 -13.845 66.779 17.324
3 65 -14.464 67.659 18.414 -13.845 66.779 17.324 -12.157 69.996 15.618
3 65 -12.157 69.996 15.618 -12.732 70.849 16.751 -14.464 67.659 18.414
3 65 -15.783 68.420 18.572 -14.464 67.659 18.414 -12.732 70.849 16.751
3 65 -12.732 70.849 16.751 -14.032 71.629 16.966 -15.783 68.420 18.572
3 65 -17.030 68.616 17.706 -15.783 68.420 18.572 -14.032 71.629 16.966
3 65 -14.032 71.629 16.966 -15.295 71.878 16.137 -17.030 68.616 17.706
3 65 -17.474 68.133 16.323 -17.030 68.616 17.706 -15.295 71.878 16.137
3 65 -15.295 71.878 16.137 -15.781 71.450 14.750 -17.474 68.133 16.323
3 65 -16.856 67.253 15.233 -17.474 68.133 16.323 -15.781 71.450 14.750
3 65 -15.781 71.450 14.750 -15.205 70.597 13.616 -16.856 67.253 15.233
3 65 -15.205 70.597 13.616 -13.553 73.977 12.088 -12.282 73.178 11.793
3 65 -12.282 73.178 11.793 -13.905 69.817 13.401 -15.205 70.597 13.616
3 65 -13.905 69.817 13.401 -12.282 73.178 11.793 -10.996 72.867 12.564
3 65 -10.996 72.867 12.564 -12.643 69.568 14.230 -13.905 69.817 13.401
3 65 -12.643 69.568 14.230 -10.996 72.867 12.564 -10.449 73.228 13.947
3 65 -10.449 73.228 13.947 -12.157 69.996 15.618 -12.643 69.568 14.230
3 65 -12.157 69.996 15.618 -10.449 73.228 13.947 -10.961 74.048 15.134
3 65 -10.961 74.048 15.134 -12.732 70.849 16.751 -12.157 69.996 15.618
3 65 -12.732 70.849 16.751 -10.961 74.048 15.134 -12.233 74.848 15.428
3 65 -12.233 74.848 15.428 -14.032 71.629 16.966 -12.732 70.849 16.751
3 65 -14.032 71.629 16.966 -12.233 74.848 15.428 -13.519 75.158 14.658
3 65 -13.519 75.158 14.658 -15.295 71.878 16.137 -14.032 71.629 16.966
3 65 -15.295 71.878 16.137 -13.519 75.158 14.658 -14.066 74.798 13.274
3 65 -14.066 74.798 13.274 -15.781 71.450 14.750 -15.295 71.878 16.137
3 65 -15.781 71.450 14.750 -14.066 74.798 13.274 -13.553 73.977 12.088
3 65 -13.553 73.977 12.088 -15.205 70.597 13.616 -15.781 71.450 14.750
3 65 -13.553 73.977 12.088 -11.910 77.405 10.660 -10.685 76.584 10.252
3 65 -10.685 76.584 10.252 -12.282 73.178 11.793 -13.553 73.977 12.088
3 65 -12.282 73.178 11.793 -10.685 76.584 10.252 -9.367 76.196 10.928
3 65 -9.367 76.196 10.928 -10.996 72.867 12.564 -12.282 73.178 11.793
3 65 -10.996 72.867 12.564 -9.367 76.196 10.928 -8.730 76.468 12.294
3 65 -8.730 76.468 12.294 -10.449 73.228 13.947 -10.996 72.867 12.564
3 65 -10.449 73.228 13.947 -8.730 76.468 12.294 -9.147 77.242 13.547
3 65 -9.147 77.242 13.547 -10.961 74.048 15.134 -10.449 73.228 13.947
3 65 -10.961 74.048 15.134 -9.147 77.242 13.547 -10.372 78.063 13.955
3 65 -10.372 78.063 13.955 -12.233 74.848 15.428 -10.961 74.048 15.134
3 65 -12.233 74.848 15.428 -10.372 78.063 13.955 -11.690 78.451 13.279
3 65 -11.690 78.451 13.279 -13.519 75.158 14.658 -12.233 74.848 15.428
3 65 -13.519 75.158 14.658 -11.690 78.451 13.279 -12.327 78.179 11.913
3 65 -12.327 78.179 11.913 -14.066 74.798 13.274 -13.519 75.158 14.658
3 65 -14.066 74.798 13.274 -12.327 78.179 11.913 -11.910 77.405 10.660
3 65 -11.910 77.405 10.660 -13.553 73.977 12.088 -14.066 74.798 13.274
3 65 -11.910 77.405 10.660 -10.287 80.900 9.368 -9.146 80.060 8.789
3 65 -9.146 80.060 8.789 -10.685 76.584 10.252 -11.910 77.405 10.660
3 65 -10.685 76.584 10.252 -9.146 80.060 8.789 -7.792 79.568 9.309
3 65 -7.792 79.568 9.309 -9.367 76.196 10.928 -10.685 76.584 10.252
3 65 -9.367 76.196 10.928 -7.792 79.568 9.309 -7.019 79.714 10.622
3 65 -7.019 79.714 10.622 -8.730 76.468 12.294 -9.367 76.196 10.928
3 65 -8.730 76.468 12.294 -7.019 79.714 10.622 -7.279 80.412 11.960
3 65 -7.279 80.412 11.960 -9.147 77.242 13.547 -8.730 76.468 12.294
3 65 -9.147 77.242 13.547 -7.279 80.412 11.960 -8.421 81.252 12.538
3 65 -8.421 81.252 12.538 -10.372 78.063 13.955 -9.147 77.242 13.547
3 65 -10.372 78.063 13.955 -8.421 81.252 12.538 -9.774 81.743 12.019
3 65 -9.774 81.743 12.019 -11.690 78.451 13.279 -10.372 78.063 13.955
3 65 -11.690 78.451 13.279 -9.774 81.743 12.019 -10.547 81.598 10.705
3 65 -10.547 81.598 10.705 -12.327 78.179 11.913 -11.690 78.451 13.279
3 65 -12.327 78.179 11.913 -10.547 81.598 10.705 -10.287 80.900 9.368
3 65 -10.287 80.900 9.368 -11.910 77.405 10.660 -12.327 78.179 11.913
3 65 -10.287 80.900 9.368 -8.685 84.490 8.297 -7.718 83.651 7.457
3 65 -7.718 83.651 7.457 -9.146 80.060 8.789 -10.287 80.900 9.368
3 65 -9.146 80.060 8.789 -7.718 83.651 7.457 -6.342 83.022 7.696
3 65 -6.342 83.022 7.696 -7.792 79.568 9.309 -9.146 80.060 8.789
3 65 -7.792 79.568 9.309 -6.342 83.022 7.696 -5.364 82.973 8.873
3 65 -5.364 82.973 8.873 -7.019 79.714 10.622 -7.792 79.568 9.309
3 65 -7.019 79.714 10.622 -5.364 82.973 8.873 -5.357 83.531 10.298
3 65 -5.357 83.531 10.298 -7.279 80.412 11.960 -7.019 79.714 10.622
3 65 -7.279 80.412 11.960 -5.357 83.531 10.298 -6.324 84.370 11.138
3 65 -6.324 84.370 11.138 -8.421 81.252 12.538 -7.279 80.412 11.960
3 65 -8.421 81.252 12.538 -6.324 84.370 11.138 -7.699 84.998 10.899
3 65 -7.699 84.998 10.899 -9.774 81.743 12.019 -8.421 81.252 12.538
3 65 -9.774 81.743 12.019 -7.699 84.998 10.899 -8.678 85.048 9.722
3 65 -8.678 85.048 9.722 -10.547 81.598 10.705 -9.774 81.743 12.019
3 65 -10.547 81.598 10.705 -8.678 85.048 9.722 -8.685 84.490 8.297
3 65 -8.685 84.490 8.297 -10.287 80.900 9.368 -10.547 81.598 10.705
3 65 -8.685 84.490 8.297 -7.033 88.177 7.596 -6.437 87.424 6.404
3 65 -6.437 87.424 6.404 -7.718 83.651 7.457 -8.685 84.490 8.297
3 65 -7.718 83.651 7.457 -6.437 87.424 6.404 -5.141 86.650 6.151
3 65 -5.141 86.650 6.151 -6.342 83.022 7.696 -7.718 83.651 7.457
3 65 -6.342 83.022 7.696 -5.141 86.650 6.151 -3.904 86.306 6.986
3 65 -3.904 86.306 6.986 -5.364 82.973 8.873 -6.342 83.022 7.696
3 65 -5.364 82.973 8.873 -3.904 86.306 6.986 -3.452 86.596 8.419
3 65 -3.452 86.596 8.419 -5.357 83.531 10.298 -5.364 82.973 8.873
3 65 -5.357 83.531 10.298 -3.452 86.596 8.419 -4.048 87.348 9.612
3 65 -4.048 87.348 9.612 -6.324 84.370 11.138 -5.357 83.531 10.298
3 65 -6.324 84.370 11.138 -4.048 87.348 9.612 -5.344 88.123 9.865
3 65 -5.344 88.123 9.865 -7.699 84.998 10.899 -6.324 84.370 11.138
3 65 -7.699 84.998 10.899 -5.344 88.123 9.865 -6.580 88.466 9.030
3 65 -6.580 88.466 9.030 -8.678 85.048 9.722 -7.699 84.998 10.899
3 65 -8.678 85.048 9.722 -6.580 88.466 9.030 -7.033 88.177 7.596
3 65 -7.033 88.177 7.596 -8.685 84.490 8.297 -8.678 85.048 9.722
3 65 -7.033 88.177 7.596 -5.089 91.816 7.292 -5.110 91.334 5.839
3 65 -5.110 91.334 5.839 -6.437 87.424 6.404 -7.033 88.177 7.596
3 65 -6.437 87.424 6.404 -5.110 91.334 5.839 -4.157 90.531 4.951
3 65 -4.157 90.531 4.951 -5.141 86.650 6.151 -6.437 87.424 6.404
3 65 -5.141 86.650 6.151 -4.157 90.531 4.951 -2.788 89.875 5.148
3 65 -2.788 89.875 5.148 -3.904 86.306 6.986 -5.141 86.650 6.151
3 65 -3.904 86.306 6.986 -2.788 89.875 5.148 -1.804 89.753 6.314
3 65 -1.804 89.753 6.314 -3.452 86.596 8.419 -3.904 86.306 6.986
3 65 -3.452 86.596 8.419 -1.804 89.753 6.314 -1.783 90.234 7.767
3 65 -1.783 90.234 7.767 -4.048 87.348 9.612 -3.452 86.596 8.419
3 65 -4.048 87.348 9.612 -1.783 90.234 7.767 -2.736 91.038 8.656
3 65 -2.736 91.038 8.656 -5.344 88.123 9.865 -4.048 87.348 9.612
3 65 -5.344 88.123 9.865 -2.736 91.038 8.656 -4.105 91.693 8.459
3 65 -4.105 91.693 8.459 -6.580 88.466 9.030 -5.344 88.123 9.865
3 65 -6.580 88.466 9.030 -4.105 91.693 8.459 -5.089 91.816 7.292
3 65 -5.089 91.816 7.292 -7.033 88.177 7.596 -6.580 88.466 9.030
3 65 -5.089 91.816 7.292 -2.790 95.212 6.976 -3.412 95.112 5.581
3 65 -3.412 95.112 5.581 -5.110 91.334 5.839 -5.089 91.816 7.292
3 65 -5.110 91.334 5.839 -3.412 95.112 5.581 -2.992 94.480 4.251
3 65 -2.992 94.480 4.251 -4.157 90.531 4.951 -5.110 91.334 5.839
3 65 -4.157 90.531 4.951 -2.992 94.480 4.251 -1.776 93.687 3.765
3 65 -1.776 93.687 3.765 -2.788 89.875 5.148 -4.157 90.531 4.951
3 65 -2.788 89.875 5.148 -1.776 93.687 3.765 -0.476 93.198 4.409
3 65 -0.476 93.198 4.409 -1.804 89.753 6.314 -2.788 89.875 5.148
3 65 -1.804 89.753 6.314 -0.476 93.198 4.409 0.146 93.298 5.804
3 65 0.146 93.298 5.804 -1.783 90.234 7.767 -1.804 89.753 6.314
3 65 -1.783 90.234 7.767 0.146 93.298 5.804 -0.274 93.929 7.134
3 65 -0.274 93.929 7.134 -2.736 91.038 8.656 -1.783 90.234 7.767
3 65 -2.736 91.038 8.656 -0.274 93.929 7.134 -1.490 94.722 7.619
3 65 -1.490 94.722 7.619 -4.105 91.693 8.459 -2.736 91.038 8.656
3 65 -4.105 91.693 8.459 -1.490 94.722 7.619 -2.790 95.212 6.976
3 65 -2.790 95.212 6.976 -5.089 91.816 7.292 -4.105 91.693 8.459
3 65 -2.790 95.212 6.976 -0.478 98.471 6.380 -1.444 98.664 5.208
3 65 -1.444 98.664 5.208 -3.412 95.112 5.581 -2.790 95.212 6.976
3 65 -3.412 95.112 5.581 -1.444 98.664 5.208 -1.448 98.261 3.731
3 65 -1.448 98.261 3.731 -2.992 94.480 4.251 -3.412 95.112 5.581
3 65 -2.992 94.480 4.251 -1.448 98.261 3.731 -0.487 97.500 2.814
3 65 -0.487 97.500 2.814 -1.776 93.687 3.765 -2.992 94.480 4.251
3 65 -1.776 93.687 3.765 -0.487 97.500 2.814 0.875 96.825 2.995
3 65 0.875 96.825 2.995 -0.476 93.198 4.409 -1.776 93.687 3.765
3 65 -0.476 93.198 4.409 0.875 96.825 2.995 1.841 96.633 4.167
3 65 1.841 96.633 4.167 0.146 93.298 5.804 -0.476 93.198 4.409
3 65 0.146 93.298 5.804 1.841 96.633 4.167 1.845 97.035 5.644
3 65 1.845 97.035 5.644 -0.274 93.929 7.134 0.146 93.298 5.804
3 65 -0.274 93.929 7.134 1.845 97.035 5.644 0.884 97.797 6.561
3 65 0.884 97.797 6.561 -1.490 94.722 7.619 -0.274 93.929 7.134
3 65 -1.490 94.722 7.619 0.884 97.797 6.561 -0.478 98.471 6.380
3 65 -0.478 98.471 6.380 -2.790 95.212 6.976 -1.490 94.722 7.619
3 65 -0.478 98.471 6.380 1.681 101.748 5.660 0.561 102.116 4.683
3 65 0.561 102.116 4.683 -1.444 98.664 5.208 -0.478 98.471 6.380
3 65 -1.444 98.664 5.208 0.561 102.116 4.683 0.312 101.898 3.189
3 65 0.312 101.898 3.189 -1.448 98.261 3.731 -1.444 98.664 5.208
3 65 -1.448 98.261 3.731 0.312 101.898 3.189 1.081 101.220 2.051
3 65 1.081 101.220 2.051 -0.487 97.500 2.814 -1.448 98.261 3.731
3 65 -0.487 97.500 2.814 1.081 101.220 2.051 2.417 100.480 1.938
3 65 2.417 100.480 1.938 0.875 96.825 2.995 -0.487 97.500 2.814
3 65 0.875 96.825 2.995 2.417 100.480 1.938 3.536 100.112 2.914
3 65 3.536 100.112 2.914 1.841 96.633 4.167 0.875 96.825 2.995
3 65 1.841 96.633 4.167 3.536 100.112 2.914 3.785 100.330 4.409
3 65 3.785 100.330 4.409 1.845 97.035 5.644 1.841 96.633 4.167
3 65 1.845 97.035 5.644 3.785 100.330 4.409 3.016 101.008 5.546
3 65 3.016 101.008 5.546 0.884 97.797 6.561 1.845 97.035 5.644
3 65 0.884 97.797 6.561 3.016 101.008 5.546 1.681 101.748 5.660
3 65 1.681 101.748 5.660 -0.478 98.471 6.380 0.884 97.797 6.561
3 65 1.681 101.748 5.660 3.728 105.072 4.988 2.540 105.550 4.149
3 65 2.540 105.550 4.149 0.561 102.116 4.683 1.681 101.748 5.660
3 65 0.561 102.116 4.683 2.540 105.550 4.149 2.159 105.473 2.668
3 65 2.159 105.473 2.668 0.312 101.898 3.189 0.561 102.116 4.683
3 65 0.312 101.898 3.189 2.159 105.473 2.668 2.809 104.886 1.413
3 65 2.809 104.886 1.413 1.081 101.220 2.051 0.312 101.898 3.189
3 65 1.081 101.220 2.051 2.809 104.886 1.413 4.109 104.133 1.118
3 65 4.109 104.133 1.118 2.417 100.480 1.938 1.081 101.220 2.051
3 65 2.417 100.480 1.938 4.109 104.133 1.118 5.297 103.654 1.956
3 65 5.297 103.654 1.956 3.536 100.112 2.914 2.417 100.480 1.938
3 65 3.536 100.112 2.914 5.297 103.654 1.956 5.678 103.732 3.437
3 65 5.678 103.732 3.437 3.785 100.330 4.409 3.536 100.112 2.914
3 65 3.785 100.330 4.409 5.678 103.732 3.437 5.028 104.319 4.693
3 65 5.028 104.319 4.693 3.016 101.008 5.546 3.785 100.330 4.409
3 65 3.016 101.008 5.546 5.028 104.319 4.693 3.728 105.072 4.988
3 65 3.728 105.072 4.988 1.681 101.748 5.660 3.016 101.008 5.546
3 65 3.728 105.072 4.988 5.716 108.434 4.440 4.497 108.988 3.698
3 65 4.497 108.988 3.698 2.540 105.550 4.149 3.728 105.072 4.988
3 65 2.540 105.550 4.149 4.497 108.988 3.698 4.046 109.029 2.236
3 65 4.046 109.029 2.236 2.159 105.473 2.668 2.540 105.550 4.149
3 65 2.159 105.473 2.668 4.046 109.029 2.236 4.627 108.532 0.910
3 65 4.627 108.532 0.910 2.809 104.886 1.413 2.159 105.473 2.668
3 65 2.809 104.886 1.413 4.627 108.532 0.910 5.900 107.788 0.497
3 65 5.900 107.788 0.497 4.109 104.133 1.118 2.809 104.886 1.413
3 65 4.109 104.133 1.118 5.900 107.788 0.497 7.119 107.234 1.238
3 65 7.119 107.234 1.238 5.297 103.654 1.956 4.109 104.133 1.118
3 65 5.297 103.654 1.956 7.119 107.234 1.238 7.570 107.193 2.701
3 65 7.570 107.193 2.701 5.678 103.732 3.437 5.297 103.654 1.956
3 65 5.678 103.732 3.437 7.570 107.193 2.701 6.989 107.690 4.027
3 65 6.989 107.690 4.027 5.028 104.319 4.693 5.678 103.732 3.437
3 65 5.028 104.319 4.693 6.989 107.690 4.027 5.716 108.434 4.440
3 65 5.716 108.434 4.440 3.728 105.072 4.988 5.028 104.319 4.693
3 65 5.716 108.434 4.440 7.670 111.814 4.068 6.440 112.430 3.397
3 65 6.440 112.430 3.397 4.497 108.988 3.698 5.716 108.434 4.440
3 65 4.497 108.988 3.698 6.440 112.430 3.397 5.957 112.581 1.952
3 65 5.957 112.581 1.952 4.046 109.029 2.236 4.497 108.988 3.698
3 65 4.046 109.029 2.236 5.957 112.581 1.952 6.505 112.178 0.580
3 65 6.505 112.178 0.580 4.627 108.532 0.910 4.046 109.029 2.236
3 65 4.627 108.532 0.910 6.505 112.178 0.580 7.762 111.459 0.085
3 65 7.762 111.459 0.085 5.900 107.788 0.497 4.627 108.532 0.910
3 65 5.900 107.788 0.497 7.762 111.459 0.085 8.992 110.843 0.757
3 65 8.992 110.843 0.757 7.119 107.234 1.238 5.900 107.788 0.497
3 65 7.119 107.234 1.238 8.992 110.843 0.757 9.475 110.692 2.202
3 65 9.475 110.692 2.202 7.570 107.193 2.701 7.119 107.234 1.238
3 65 7.570 107.193 2.701 9.475 110.692 2.202 8.927 111.094 3.573
3 65 8.927 111.094 3.573 6.989 107.690 4.027 7.570 107.193 2.701
3 65 6.989 107.690 4.027 8.927 111.094 3.573 7.670 111.814 4.068
3 65 7.670 111.814 4.068 5.716 108.434 4.440 6.989 107.690 4.027
3 65 6.440 112.430 3.397 7.670 111.814 4.068 9.617 115.225 3.926
3 65 9.617 115.225 3.926 8.328 115.774 3.309 6.440 112.430 3.397
3 65 5.957 112.581 1.952 6.440 112.430 3.397 8.328 115.774 3.309
3 65 8.328 115.774 3.309 7.808 115.970 1.882 5.957 112.581 1.952
3 65 6.505 112.178 0.580 5.957 112.581 1.952 7.808 115.970 1.882
3 65 7.808 115.970 1.882 8.363 115.697 0.482 6.505 112.178 0.580
3 65 7.762 111.459 0.085 6.505 112.178 0.580 8.363 115.697 0.482
3 65 8.363 115.697 0.482 9.666 115.116 -0.073 7.762 111.459 0.085
3 65 8.992 110.843 0.757 7.762 111.459 0.085 9.666 115.116 -0.073
3 65 9.666 115.116 -0.073 10.955 114.567 0.544 8.992 110.843 0.757
3 65 9.475 110.692 2.202 8.992 110.843 0.757 10.955 114.567 0.544
3 65 10.955 114.567 0.544 11.474 114.371 1.971 9.475 110.692 2.202
3 65 8.927 111.094 3.573 9.475 110.692 2.202 11.474 114.371 1.971
3 65 11.474 114.371 1.971 10.920 114.644 3.372 8.927 111.094 3.573
3 65 7.670 111.814 4.068 8.927 111.094 3.573 10.920 114.644 3.372
3 65 10.920 114.644 3.372 9.617 115.225 3.926 7.670 111.814 4.068
3 65 8.328 115.774 3.309 9.617 115.225 3.926 10.913 118.966 3.923
3 65 10.913 118.966 3.923 9.509 119.123 3.333 8.328 115.774 3.309
3 65 7.808 115.970 1.882 8.328 115.774 3.309 9.509 119.123 3.333
3 65 9.509 119.123 3.333 8.931 119.186 1.916 7.808 115.970 1.882
3 65 8.363 115.697 0.482 7.808 115.970 1.882 8.931 119.186 1.916
3 65 8.931 119.186 1.916 9.518 119.119 0.504 8.363 115.697 0.482
3 65 9.666 115.116 -0.073 8.363 115.697 0.482 9.518 119.119 0.504
3 65 9.518 119.119 0.504 10.925 118.962 -0.078 9.666 115.116 -0.073
3 65 10.955 114.567 0.544 9.666 115.116 -0.073 10.925 118.962 -0.078
3 65 10.925 118.962 -0.078 12.329 118.805 0.513 10.955 114.567 0.544
3 65 11.474 114.371 1.971 10.955 114.567 0.544 12.329 118.805 0.513
3 65 12.329 118.805 0.513 12.907 118.742 1.929 11.474 114.371 1.971
3 65 10.920 114.644 3.372 11.474 114.371 1.971 12.907 118.742 1.929
3 65 12.907 118.742 1.929 12.321 118.809 3.341 10.920 114.644 3.372
3 65 9.617 115.225 3.926 10.920 114.644 3.372 12.321 118.809 3.341
3 65 12.321 118.809 3.341 10.913 118.966 3.923 9.617 115.225 3.926
3 65 9.509 119.123 3.333 10.913 118.966 3.923 10.510 122.951 3.923
3 65 10.510 122.951 3.923 9.165 122.513 3.337 9.509 119.123 3.333
3 65 8.931 119.186 1.916 9.509 119.123 3.333 9.165 122.513 3.337
3 65 9.165 122.513 3.337 8.607 122.332 1.923 8.931 119.186 1.916
3 65 9.518 119.119 0.504 8.931 119.186 1.916 8.607 122.332 1.923
3 65 8.607 122.332 1.923 9.165 122.513 0.508 9.518 119.119 0.504
3 65 10.925 118.962 -0.078 9.518 119.119 0.504 9.165 122.513 0.508
3 65 9.165 122.513 0.508 10.510 122.951 -0.078 10.925 118.962 -0.078
3 65 12.329 118.805 0.513 10.925 118.962 -0.078 10.510 122.951 -0.078
3 65 10.510 122.951 -0.078 11.855 123.388 0.508 12.329 118.805 0.513
3 65 12.907 118.742 1.929 12.329 118.805 0.513 11.855 123.388 0.508
3 65 11.855 123.388 0.508 12.412 123.569 1.923 12.907 118.742 1.929
3 65 12.321 118.809 3.341 12.907 118.742 1.929 12.412 123.569 1.923
3 65 12.412 123.569 1.923 11.855 123.388 3.337 12.321 118.809 3.341
3 65 10.913 118.966 3.923 12.321 118.809 3.341 11.855 123.388 3.337
3 65 11.855 123.388 3.337 10.510 122.951 3.923 10.913 118.966 3.923
3 65 9.165 122.513 3.337 10.510 122.951 3.923 8.496 126.417 3.923
3 65 8.496 126.417 3.923 7.441 125.474 3.337 9.165 122.513 3.337
3 65 8.607 122.332 1.923 9.165 122.513 3.337 7.441 125.474 3.337
3 65 7.441 125.474 3.337 7.005 125.083 1.923 8.607 122.332 1.923
3 65 9.165 122.513 0.508 8.607 122.332 1.923 7.005 125.083 1.923
3 65 7.005 125.083 1.923 7.441 125.474 0.508 9.165 122.513 0.508
3 65 10.510 122.951 -0.078 9.165 122.513 0.508 7.441 125.474 0.508
3 65 7.441 125.474 0.508 8.496 126.417 -0.078 10.510 122.951 -0.078
3 65 11.855 123.388 0.508 10.510 122.951 -0.078 8.496 126.417 -0.078
3 65 8.496 126.417 -0.078 9.550 127.359 0.508 11.855 123.388 0.508
3 65 12.412 123.569 1.923 11.855 123.388 0.508 9.550 127.359 0.508
3 65 9.550 127.359 0.508 9.987 127.750 1.923 12.412 123.569 1.923
3 65 11.855 123.388 3.337 12.412 123.569 1.923 9.987 127.750 1.923
3 65 9.987 127.750 1.923 9.550 127.359 3.337 11.855 123.388 3.337
3 65 10.510 122.951 3.923 11.855 123.388 3.337 9.550 127.359 3.337
3 65 9.550 127.359 3.337 8.496 126.417 3.923 10.510 122.951 3.923
3 65 7.441 125.474 3.337 8.496 126.417 3.923 5.672 128.510 3.923
3 65 5.672 128.510 3.923 5.066 127.232 3.337 7.441 125.474 3.337
3 65 7.005 125.083 1.923 7.441 125.474 3.337 5.066 127.232 3.337
3 65 5.066 127.232 3.337 4.814 126.703 1.923 7.005 125.083 1.923
3 65 7.441 125.474 0.508 7.005 125.083 1.923 4.814 126.703 1.923
3 65 4.814 126.703 1.923 5.066 127.232 0.508 7.441 125.474 0.508
3 65 8.496 126.417 -0.078 7.441 125.474 0.508 5.066 127.232 0.508
3 65 5.066 127.232 0.508 5.672 128.510 -0.078 8.496 126.417 -0.078
3 65 9.550 127.359 0.508 8.496 126.417 -0.078 5.672 128.510 -0.078
3 65 5.672 128.510 -0.078 6.278 129.787 0.508 9.550 127.359 0.508
3 65 9.987 127.750 1.923 9.550 127.359 0.508 6.278 129.787 0.508
3 65 6.278 129.787 0.508 6.529 130.317 1.923 9.987 127.750 1.923
3 65 9.550 127.359 3.337 9.987 127.750 1.923 6.529 130.317 1.923
3 65 6.529 130.317 1.923 6.278 129.787 3.337 9.550 127.359 3.337
3 65 8.496 126.417 3.923 9.550 127.359 3.337 6.278 129.787 3.337
3 65 6.278 129.787 3.337 5.672 128.510 3.923 8.496 126.417 3.923
3 65 5.066 127.232 3.337 5.672 128.510 3.923 1.796 129.491 3.923
3 65 1.796 129.491 3.923 1.745 128.078 3.337 5.066 127.232 3.337
3 65 4.814 126.703 1.923 5.066 127.232 3.337 1.745 128.078 3.337
3 65 1.745 128.078 3.337 1.724 127.493 1.923 4.814 126.703 1.923
3 65 5.066 127.232 0.508 4.814 126.703 1.923 1.724 127.493 1.923
3 65 1.724 127.493 1.923 1.745 128.078 0.508 5.066 127.232 0.508
3 65 5.672 128.510 -0.078 5.066 127.232 0.508 1.745 128.078 0.508
3 65 1.745 128.078 0.508 1.796 129.491 -0.078 5.672 128.510 -0.078
3 65 6.278 129.787 0.508 5.672 128.510 -0.078 1.796 129.491 -0.078
3 65 1.796 129.491 -0.078 1.847 130.905 0.508 6.278 129.787 0.508
3 65 6.529 130.317 1.923 6.278 129.787 0.508 1.847 130.905 0.508
3 65 1.847 130.905 0.508 1.868 131.490 1.923 6.529 130.317 1.923
3 65 6.278 129.787 3.337 6.529 130.317 1.923 1.868 131.490 1.923
3 65 1.868 131.490 1.923 1.847 130.905 3.337 6.278 129.787 3.337
3 65 5.672 128.510 3.923 6.278 129.787 3.337 1.847 130.905 3.337
3 65 1.847 130.905 3.337 1.796 129.491 3.923 5.672 128.510 3.923
3 65 1.745 128.078 3.337 1.796 129.491 3.923 -2.140 128.792 3.923
3 65 -2.140 128.792 3.923 -1.604 127.483 3.337 1.745 128.078 3.337
3 65 1.724 127.493 1.923 1.745 128.078 3.337 -1.604 127.483 3.337
3 65 -1.604 127.483 3.337 -1.383 126.941 1.923 1.724 127.493 1.923
3 65 1.745 128.078 0.508 1.724 127.493 1.923 -1.383 126.941 1.923
3 65 -1.383 126.941 1.923 -1.604 127.483 0.508 1.745 128.078 0.508
3 65 1.796 129.491 -0.078 1.745 128.078 0.508 -1.604 127.483 0.508
3 65 -1.604 127.483 0.508 -2.140 128.792 -0.078 1.796 129.491 -0.078
3 65 1.847 130.905 0.508 1.796 129.491 -0.078 -2.140 128.792 -0.078
3 65 -2.140 128.792 -0.078 -2.675 130.101 0.508 1.847 130.905 0.508
3 65 1.868 131.490 1.923 1.847 130.905 0.508 -2.675 130.101 0.508
3 65 -2.675 130.101 0.508 -2.897 130.643 1.923 1.868 131.490 1.923
3 65 1.847 130.905 3.337 1.868 131.490 1.923 -2.897 130.643 1.923
3 65 -2.897 130.643 1.923 -2.675 130.101 3.337 1.847 130.905 3.337
3 65 1.796 129.491 3.923 1.847 130.905 3.337 -2.675 130.101 3.337
3 65 -2.675 130.101 3.337 -2.140 128.792 3.923 1.796 129.491 3.923
3 65 -1.604 127.483 3.337 -2.140 128.792 3.923 -5.438 126.533 3.923
3 65 -5.438 126.533 3.923 -4.411 125.560 3.337 -1.604 127.483 3.337
3 65 -1.383 126.941 1.923 -1.604 127.483 3.337 -4.411 125.560 3.337
3 65 -4.411 125.560 3.337 -3.986 125.157 1.923 -1.383 126.941 1.923
3 65 -1.604 127.483 0.508 -1.383 126.941 1.923 -3.986 125.157 1.923
3 65 -3.986 125.157 1.923 -4.411 125.560 0.508 -1.604 127.483 0.508
3 65 -2.140 128.792 -0.078 -1.604 127.483 0.508 -4.411 125.560 0.508
3 65 -4.411 125.560 0.508 -5.438 126.533 -0.078 -2.140 128.792 -0.078
3 65 -2.675 130.101 0.508 -2.140 128.792 -0.078 -5.438 126.533 -0.078
3 65 -5.438 126.533 -0.078 -6.464 127.506 0.508 -2.675 130.101 0.508
3 65 -2.897 130.643 1.923 -2.675 130.101 0.508 -6.464 127.506 0.508
3 65 -6.464 127.506 0.508 -6.890 127.909 1.923 -2.897 130.643 1.923
3 65 -2.675 130.101 3.337 -2.897 130.643 1.923 -6.890 127.909 1.923
3 65 -6.890 127.909 1.923 -6.464 127.506 3.337 -2.675 130.101 3.337
3 65 -2.140 128.792 3.923 -2.675 130.101 3.337 -6.464 127.506 3.337
3 65 -6.464 127.506 3.337 -5.438 126.533 3.923 -2.140 128.792 3.923
3 65 -4.411 125.560 3.337 -5.438 126.533 3.923 -7.510 123.137 3.923
3 65 -7.510 123.137 3.923 -6.201 122.600 3.338 -4.411 125.560 3.337
3 65 -3.986 125.157 1.923 -4.411 125.560 3.337 -6.201 122.600 3.338
3 65 -6.201 122.600 3.338 -5.662 122.368 1.924 -3.986 125.157 1.923
3 65 -4.411 125.560 0.508 -3.986 125.157 1.923 -5.662 122.368 1.924
3 65 -5.662 122.368 1.924 -6.209 122.575 0.509 -4.411 125.560 0.508
3 65 -5.438 126.533 -0.078 -4.411 125.560 0.508 -6.209 122.575 0.509
3 65 -6.209 122.575 0.509 -7.522 123.100 -0.078 -5.438 126.533 -0.078
3 65 -6.464 127.506 0.508 -5.438 126.533 -0.078 -7.522 123.100 -0.078
3 65 -7.522 123.100 -0.078 -8.831 123.637 0.507 -6.464 127.506 0.508
3 65 -6.890 127.909 1.923 -6.464 127.506 0.508 -8.831 123.637 0.507
3 65 -8.831 123.637 0.507 -9.370 123.870 1.921 -6.890 127.909 1.923
3 65 -6.464 127.506 3.337 -6.890 127.909 1.923 -9.370 123.870 1.921
3 65 -9.370 123.870 1.921 -8.823 123.663 3.336 -6.464 127.506 3.337
3 65 -5.438 126.533 3.923 -6.464 127.506 3.337 -8.823 123.663 3.336
3 65 -8.823 123.663 3.336 -7.510 123.137 3.923 -5.438 126.533 3.923
3 65 -6.201 122.600 3.338 -7.510 123.137 3.923 -8.383 119.306 3.996
3 65 -8.383 119.306 3.996 -7.010 118.965 3.412 -6.201 122.600 3.338
3 65 -5.662 122.368 1.924 -6.201 122.600 3.338 -7.010 118.965 3.412
3 65 -7.010 118.965 3.412 -6.454 118.759 2.001 -5.662 122.368 1.924
3 65 -6.209 122.575 0.509 -5.662 122.368 1.924 -6.454 118.759 2.001
3 65 -6.454 118.759 2.001 -7.042 118.808 0.588 -6.209 122.575 0.509
3 65 -7.522 123.100 -0.078 -6.209 122.575 0.509 -7.042 118.808 0.588
3 65 -7.042 118.808 0.588 -8.430 119.084 0.002 -7.522 123.100 -0.078
3 65 -8.831 123.637 0.507 -7.522 123.100 -0.078 -8.430 119.084 0.002
3 65 -8.430 119.084 0.002 -9.803 119.425 0.586 -8.831 123.637 0.507
3 65 -9.370 123.870 1.921 -8.831 123.637 0.507 -9.803 119.425 0.586
3 65 -9.803 119.425 0.586 -10.359 119.631 1.998 -9.370 123.870 1.921
3 65 -8.823 123.663 3.336 -9.370 123.870 1.921 -10.359 119.631 1.998
3 65 -10.359 119.631 1.998 -9.770 119.581 3.410 -8.823 123.663 3.336
3 65 -7.510 123.137 3.923 -8.823 123.663 3.336 -9.770 119.581 3.410
3 65 -9.770 119.581 3.410 -8.383 119.306 3.996 -7.510 123.137 3.923
3 65 -7.010 118.965 3.412 -8.383 119.306 3.996 -9.213 115.541 4.361
3 65 -9.213 115.541 4.361 -7.849 115.150 3.784 -7.010 118.965 3.412
3 65 -6.454 118.759 2.001 -7.010 118.965 3.412 -7.849 115.150 3.784
3 65 -7.849 115.150 3.784 -7.316 114.835 2.384 -6.454 118.759 2.001
3 65 -7.042 118.808 0.588 -6.454 118.759 2.001 -7.316 114.835 2.384
3 65 -7.316 114.835 2.384 -7.925 114.780 0.981 -7.042 118.808 0.588
3 65 -8.430 119.084 0.002 -7.042 118.808 0.588 -7.925 114.780 0.981
3 65 -7.925 114.780 0.981 -9.320 115.018 0.396 -8.430 119.084 0.002
3 65 -9.803 119.425 0.586 -8.430 119.084 0.002 -9.320 115.018 0.396
3 65 -9.320 115.018 0.396 -10.683 115.409 0.972 -9.803 119.425 0.586
3 65 -10.359 119.631 1.998 -9.803 119.425 0.586 -10.683 115.409 0.972
3 65 -10.683 115.409 0.972 -11.216 115.724 2.372 -10.359 119.631 1.998
3 65 -9.770 119.581 3.410 -10.359 119.631 1.998 -11.216 115.724 2.372
3 65 -11.216 115.724 2.372 -10.607 115.779 3.776 -9.770 119.581 3.410
3 65 -8.383 119.306 3.996 -9.770 119.581 3.410 -10.607 115.779 3.776
3 65 -10.607 115.779 3.776 -9.213 115.541 4.361 -8.383 119.306 3.996
3 65 -7.849 115.150 3.784 -9.213 115.541 4.361 -10.098 111.832 5.029
3 65 -10.098 111.832 5.029 -8.749 111.377 4.467 -7.849 115.150 3.784
3 65 -7.316 114.835 2.384 -7.849 115.150 3.784 -8.749 111.377 4.467
3 65 -8.749 111.377 4.467 -8.240 110.947 3.089 -7.316 114.835 2.384
3 65 -7.925 114.780 0.981 -7.316 114.835 2.384 -8.240 110.947 3.089
3 65 -8.240 110.947 3.089 -8.869 110.795 1.701 -7.925 114.780 0.981
3 65 -9.320 115.018 0.396 -7.925 114.780 0.981 -8.869 110.795 1.701
3 65 -8.869 110.795 1.701 -10.268 111.010 1.118 -9.320 115.018 0.396
3 65 -10.683 115.409 0.972 -9.320 115.018 0.396 -10.268 111.010 1.118
3 65 -10.268 111.010 1.118 -11.617 111.465 1.680 -10.683 115.409 0.972
3 65 -11.216 115.724 2.372 -10.683 115.409 0.972 -11.617 111.465 1.680
3 65 -11.617 111.465 1.680 -12.126 111.894 3.059 -11.216 115.724 2.372
3 65 -10.607 115.779 3.776 -11.216 115.724 2.372 -12.126 111.894 3.059
3 65 -12.126 111.894 3.059 -11.497 112.046 4.446 -10.607 115.779 3.776
3 65 -9.213 115.541 4.361 -10.607 115.779 3.776 -11.497 112.046 4.446
3 65 -11.497 112.046 4.446 -10.098 111.832 5.029 -9.213 115.541 4.361
3 65 -8.749 111.377 4.467 -10.098 111.832 5.029 -11.028 108.185 5.988
3 65 -11.028 108.185 5.988 -9.691 107.675 5.444 -8.749 111.377 4.467
3 65 -8.240 110.947 3.089 -8.749 111.377 4.467 -9.691 107.675 5.444
3 65 -9.691 107.675 5.444 -9.204 107.144 4.094 -8.240 110.947 3.089
3 65 -8.869 110.795 1.701 -8.240 110.947 3.089 -9.204 107.144 4.094
3 65 -9.204 107.144 4.094 -9.851 106.902 2.728 -8.869 110.795 1.701
3 65 -10.268 111.010 1.118 -8.869 110.795 1.701 -9.851 106.902 2.728
3 65 -9.851 106.902 2.728 -11.255 107.091 2.146 -10.268 111.010 1.118
3 65 -11.617 111.465 1.680 -10.268 111.010 1.118 -11.255 107.091 2.146
3 65 -11.255 107.091 2.146 -12.592 107.601 2.690 -11.617 111.465 1.680
3 65 -12.126 111.894 3.059 -11.617 111.465 1.680 -12.592 107.601 2.690
3 65 -12.592 107.601 2.690 -13.080 108.132 4.041 -12.126 111.894 3.059
3 65 -11.497 112.046 4.446 -12.126 111.894 3.059 -13.080 108.132 4.041
3 65 -13.080 108.132 4.041 -12.432 108.374 5.407 -11.497 112.046 4.446
3 65 -10.098 111.832 5.029 -11.497 112.046 4.446 -12.432 108.374 5.407
3 65 -12.432 108.374 5.407 -11.028 108.185 5.988 -10.098 111.832 5.029
3 65 -9.691 107.675 5.444 -11.028 108.185 5.988 -11.987 104.599 7.201
3 65 -11.987 104.599 7.201 -10.659 104.048 6.676 -9.691 107.675 5.444
3 65 -9.204 107.144 4.094 -9.691 107.675 5.444 -10.659 104.048 6.676
3 65 -10.659 104.048 6.676 -10.188 103.432 5.356 -9.204 107.144 4.094
3 65 -9.851 106.902 2.728 -9.204 107.144 4.094 -10.188 103.432 5.356
3 65 -10.188 103.432 5.356 -10.851 103.113 4.013 -9.851 106.902 2.728
3 65 -11.255 107.091 2.146 -9.851 106.902 2.728 -10.851 103.113 4.013
3 65 -10.851 103.113 4.013 -12.258 103.277 3.435 -11.255 107.091 2.146
3 65 -12.592 107.601 2.690 -11.255 107.091 2.146 -12.258 103.277 3.435
3 65 -12.258 103.277 3.435 -13.587 103.828 3.959 -12.592 107.601 2.690
3 65 -13.080 108.132 4.041 -12.592 107.601 2.690 -13.587 103.828 3.959
3 65 -13.587 103.828 3.959 -14.058 104.443 5.280 -13.080 108.132 4.041
3 65 -12.432 108.374 5.407 -13.080 108.132 4.041 -14.058 104.443 5.280
3 65 -14.058 104.443 5.280 -13.395 104.762 6.622 -12.432 108.374 5.407
3 65 -11.028 108.185 5.988 -12.432 108.374 5.407 -13.395 104.762 6.622
3 65 -13.395 104.762 6.622 -11.987 104.599 7.201 -11.028 108.185 5.988
3 65 -10.659 104.048 6.676 -11.987 104.599 7.201 -12.958 101.066 8.626
3 65 -12.958 101.066 8.626 -11.634 100.489 8.119 -10.659 104.048 6.676
3 65 -10.188 103.432 5.356 -10.659 104.048 6.676 -11.634 100.489 8.119
3 65 -11.634 100.489 8.119 -11.174 99.810 6.827 -10.188 103.432 5.356
3 65 -10.851 103.113 4.013 -10.188 103.432 5.356 -11.174 99.810 6.827
3 65 -11.174 99.810 6.827 -11.847 99.428 5.506 -10.851 103.113 4.013
3 65 -12.258 103.277 3.435 -10.851 103.113 4.013 -11.847 99.428 5.506
3 65 -11.847 99.428 5.506 -13.258 99.566 4.930 -12.258 103.277 3.435
3 65 -13.587 103.828 3.959 -12.258 103.277 3.435 -13.258 99.566 4.930
3 65 -13.258 99.566 4.930 -14.582 100.144 5.437 -13.587 103.828 3.959
3 65 -14.058 104.443 5.280 -13.587 103.828 3.959 -14.582 100.144 5.437
3 65 -14.582 100.144 5.437 -15.043 100.822 6.730 -14.058 104.443 5.280
3 65 -13.395 104.762 6.622 -14.058 104.443 5.280 -15.043 100.822 6.730
3 65 -15.043 100.822 6.730 -14.370 101.205 8.051 -13.395 104.762 6.622
3 65 -11.987 104.599 7.201 -13.395 104.762 6.622 -14.370 101.205 8.051
3 65 -14.370 101.205 8.051 -12.958 101.066 8.626 -11.987 104.599 7.201
3 65 -11.634 100.489 8.119 -12.958 101.066 8.626 -13.924 97.574 10.212
3 65 -13.924 97.574 10.212 -12.599 96.987 9.717 -11.634 100.489 8.119
3 65 -11.174 99.810 6.827 -11.634 100.489 8.119 -12.599 96.987 9.717
3 65 -12.599 96.987 9.717 -12.141 96.265 8.447 -11.174 99.810 6.827
3 65 -11.847 99.428 5.506 -11.174 99.810 6.827 -12.141 96.265 8.447
3 65 -12.141 96.265 8.447 -12.819 95.831 7.145 -11.847 99.428 5.506
3 65 -13.258 99.566 4.930 -11.847 99.428 5.506 -12.819 95.831 7.145
3 65 -12.819 95.831 7.145 -14.235 95.939 6.574 -13.258 99.566 4.930
3 65 -14.582 100.144 5.437 -13.258 99.566 4.930 -14.235 95.939 6.574
3 65 -14.235 95.939 6.574 -15.560 96.526 7.068 -14.582 100.144 5.437
3 65 -15.043 100.822 6.730 -14.582 100.144 5.437 -15.560 96.526 7.068
3 65 -15.560 96.526 7.068 -16.018 97.247 8.338 -15.043 100.822 6.730
3 65 -14.370 101.205 8.051 -15.043 100.822 6.730 -16.018 97.247 8.338
3 65 -16.018 97.247 8.338 -15.340 97.682 9.640 -14.370 101.205 8.051
3 65 -12.958 101.066 8.626 -14.370 101.205 8.051 -15.340 97.682 9.640
3 65 -15.340 97.682 9.640 -13.924 97.574 10.212 -12.958 101.066 8.626
3 65 -12.599 96.987 9.717 -13.924 97.574 10.212 -15.769 90.566 13.658
3 65 -15.769 90.566 13.658 -14.435 89.996 13.169 -12.599 96.987 9.717
3 65 -12.141 96.265 8.447 -12.599 96.987 9.717 -14.435 89.996 13.169
3 65 -14.435 89.996 13.169 -13.968 89.262 11.909 -12.141 96.265 8.447
3 65 -12.819 95.831 7.145 -12.141 96.265 8.447 -13.968 89.262 11.909
3 65 -13.968 89.262 11.909 -14.641 88.796 10.616 -12.819 95.831 7.145
3 65 -14.235 95.939 6.574 -12.819 95.831 7.145 -14.641 88.796 10.616
3 65 -14.641 88.796 10.616 -16.061 88.869 10.047 -14.235 95.939 6.574
3 65 -15.560 96.526 7.068 -14.235 95.939 6.574 -16.061 88.869 10.047
3 65 -16.061 88.869 10.047 -17.395 89.439 10.537 -15.560 96.526 7.068
3 65 -16.018 97.247 8.338 -15.560 96.526 7.068 -17.395 89.439 10.537
3 65 -17.395 89.439 10.537 -17.862 90.172 11.797 -16.018 97.247 8.338
3 65 -15.340 97.682 9.640 -16.018 97.247 8.338 -17.862 90.172 11.797
3 65 -17.862 90.172 11.797 -17.188 90.639 13.090 -15.340 97.682 9.640
3 65 -13.924 97.574 10.212 -15.340 97.682 9.640 -17.188 90.639 13.090
3 65 -17.188 90.639 13.090 -15.769 90.566 13.658 -13.924 97.574 10.212
3 65 -14.435 89.996 13.169 -15.769 90.566 13.658 -16.621 87.008 15.398
3 65 -16.621 87.008 15.398 -15.274 86.475 14.904 -14.435 89.996 13.169
3 65 -13.968 89.262 11.909 -14.435 89.996 13.169 -15.274 86.475 14.904
3 65 -15.274 86.475 14.904 -14.790 85.767 13.636 -13.968 89.262 11.909
3 65 -14.641 88.796 10.616 -13.968 89.262 11.909 -14.790 85.767 13.636
3 65 -14.790 85.767 13.636 -15.452 85.299 12.337 -14.641 88.796 10.616
3 65 -16.061 88.869 10.047 -14.641 88.796 10.616 -15.452 85.299 12.337
3 65 -15.452 85.299 12.337 -16.872 85.345 11.768 -16.061 88.869 10.047
3 65 -17.395 89.439 10.537 -16.061 88.869 10.047 -16.872 85.345 11.768
3 65 -16.872 85.345 11.768 -18.219 85.878 12.263 -17.395 89.439 10.537
3 65 -17.862 90.172 11.797 -17.395 89.439 10.537 -18.219 85.878 12.263
3 65 -18.219 85.878 12.263 -18.704 86.586 13.531 -17.862 90.172 11.797
3 65 -17.188 90.639 13.090 -17.862 90.172 11.797 -18.704 86.586 13.531
3 65 -18.704 86.586 13.531 -18.042 87.054 14.829 -17.188 90.639 13.090
3 65 -15.769 90.566 13.658 -17.188 90.639 13.090 -18.042 87.054 14.829
3 65 -18.042 87.054 14.829 -16.621 87.008 15.398 -15.769 90.566 13.658
3 65 -15.274 86.475 14.904 -16.621 87.008 15.398 -17.397 83.359 17.072
3 65 -17.397 83.359 17.072 -16.036 82.874 16.564 -15.274 86.475 14.904
3 65 -14.790 85.767 13.636 -15.274 86.475 14.904 -16.036 82.874 16.564
3 65 -16.036 82.874 16.564 -15.533 82.217 15.276 -14.790 85.767 13.636
3 65 -15.452 85.299 12.337 -14.790 85.767 13.636 -15.533 82.217 15.276
3 65 -15.533 82.217 15.276 -16.182 81.772 13.963 -15.452 85.299 12.337
3 65 -16.872 85.345 11.768 -15.452 85.299 12.337 -16.182 81.772 13.963
3 65 -16.182 81.772 13.963 -17.603 81.801 13.393 -16.872 85.345 11.768
3 65 -18.219 85.878 12.263 -16.872 85.345 11.768 -17.603 81.801 13.393
3 65 -17.603 81.801 13.393 -18.963 82.286 13.901 -18.219 85.878 12.263
3 65 -18.704 86.586 13.531 -18.219 85.878 12.263 -18.963 82.286 13.901
3 65 -18.963 82.286 13.901 -19.466 82.944 15.189 -18.704 86.586 13.531
3 65 -18.042 87.054 14.829 -18.704 86.586 13.531 -19.466 82.944 15.189
3 65 -19.466 82.944 15.189 -18.817 83.388 16.502 -18.042 87.054 14.829
3 65 -16.621 87.008 15.398 -18.042 87.054 14.829 -18.817 83.388 16.502
3 65 -18.817 83.388 16.502 -17.397 83.359 17.072 -16.621 87.008 15.398
3 65 -16.036 82.874 16.564 -17.397 83.359 17.072 -18.083 79.603 18.616
3 65 -18.083 79.603 18.616 -16.708 79.180 18.091 -16.036 82.874 16.564
3 65 -15.533 82.217 15.276 -16.036 82.874 16.564 -16.708 79.180 18.091
3 65 -16.708 79.180 18.091 -16.185 78.596 16.776 -15.533 82.217 15.276
3 65 -16.182 81.772 13.963 -15.533 82.217 15.276 -16.185 78.596 16.776
3 65 -16.185 78.596 16.776 -16.818 78.194 15.442 -16.182 81.772 13.963
3 65 -17.603 81.801 13.393 -16.182 81.772 13.963 -16.818 78.194 15.442
3 65 -16.818 78.194 15.442 -18.238 78.209 14.870 -17.603 81.801 13.393
3 65 -18.963 82.286 13.901 -17.603 81.801 13.393 -18.238 78.209 14.870
3 65 -18.238 78.209 14.870 -19.613 78.632 15.395 -18.963 82.286 13.901
3 65 -19.466 82.944 15.189 -18.963 82.286 13.901 -19.613 78.632 15.395
3 65 -19.613 78.632 15.395 -20.136 79.215 16.710 -19.466 82.944 15.189
3 65 -18.817 83.388 16.502 -19.466 82.944 15.189 -20.136 79.215 16.710
3 65 -20.136 79.215 16.710 -19.503 79.617 18.044 -18.817 83.388 16.502
3 65 -17.397 83.359 17.072 -18.817 83.388 16.502 -19.503 79.617 18.044
3 65 -19.503 79.617 18.044 -18.083 79.603 18.616 -17.397 83.359 17.072
3 65 -16.708 79.180 18.091 -18.083 79.603 18.616 -18.660 75.724 19.965
3 65 -18.660 75.724 19.965 -17.272 75.376 19.420 -16.708 79.180 18.091
3 65 -16.185 78.596 16.776 -16.708 79.180 18.091 -17.272 75.376 19.420
3 65 -17.272 75.376 19.420 -16.728 74.889 18.075 -16.185 78.596 16.776
3 65 -16.818 78.194 15.442 -16.185 78.596 16.776 -16.728 74.889 18.075
3 65 -16.728 74.889 18.075 -17.346 74.548 16.717 -16.818 78.194 15.442
3 65 -18.238 78.209 14.870 -16.818 78.194 15.442 -17.346 74.548 16.717
3 65 -17.346 74.548 16.717 -18.765 74.552 16.141 -18.238 78.209 14.870
3 65 -19.613 78.632 15.395 -18.238 78.209 14.870 -18.765 74.552 16.141
3 65 -18.765 74.552 16.141 -20.153 74.900 16.686 -19.613 78.632 15.395
3 65 -20.136 79.215 16.710 -19.613 78.632 15.395 -20.153 74.900 16.686
3 65 -20.153 74.900 16.686 -20.697 75.387 18.032 -20.136 79.215 16.710
3 65 -19.503 79.617 18.044 -20.136 79.215 16.710 -20.697 75.387 18.032
3 65 -20.697 75.387 18.032 -20.079 75.728 19.390 -19.503 79.617 18.044
3 65 -18.083 79.603 18.616 -19.503 79.617 18.044 -20.079 75.728 19.390
3 65 -20.079 75.728 19.390 -18.660 75.724 19.965 -18.083 79.603 18.616
3 65 -17.272 75.376 19.420 -18.660 75.724 19.965 -19.113 71.725 21.057
3 65 -19.113 71.725 21.057 -17.713 71.464 20.495 -17.272 75.376 19.420
3 65 -16.728 74.889 18.075 -17.272 75.376 19.420 -17.713 71.464 20.495
3 65 -17.713 71.464 20.495 -17.151 71.092 19.120 -16.728 74.889 18.075
3 65 -17.346 74.548 16.717 -16.728 74.889 18.075 -17.151 71.092 19.120
3 65 -17.151 71.092 19.120 -17.756 70.828 17.739 -17.346 74.548 16.717
3 65 -18.765 74.552 16.141 -17.346 74.548 16.717 -17.756 70.828 17.739
3 65 -17.756 70.828 17.739 -19.173 70.826 17.160 -18.765 74.552 16.141
3 65 -20.153 74.900 16.686 -18.765 74.552 16.141 -19.173 70.826 17.160
3 65 -19.173 70.826 17.160 -20.573 71.088 17.722 -20.153 74.900 16.686
3 65 -20.697 75.387 18.032 -20.153 74.900 16.686 -20.573 71.088 17.722
3 65 -20.573 71.088 17.722 -21.135 71.460 19.097 -20.697 75.387 18.032
3 65 -20.079 75.728 19.390 -20.697 75.387 18.032 -21.135 71.460 19.097
3 65 -21.135 71.460 19.097 -20.530 71.724 20.478 -20.079 75.728 19.390
3 65 -18.660 75.724 19.965 -20.079 75.728 19.390 -20.530 71.724 20.478
3 65 -20.530 71.724 20.478 -19.113 71.725 21.057 -18.660 75.724 19.965
3 65 -17.713 71.464 20.495 -19.113 71.725 21.057 -19.430 67.628 21.844
3 65 -19.430 67.628 21.844 -18.022 67.459 21.267 -17.713 71.464 20.495
3 65 -17.151 71.092 19.120 -17.713 71.464 20.495 -18.022 67.459 21.267
3 65 -18.022 67.459 21.267 -17.446 67.215 19.870 -17.151 71.092 19.120
3 65 -17.756 70.828 17.739 -17.151 71.092 19.120 -17.446 67.215 19.870
3 65 -17.446 67.215 19.870 -18.040 67.041 18.470 -17.756 70.828 17.739
3 65 -19.173 70.826 17.160 -17.756 70.828 17.739 -18.040 67.041 18.470
3 65 -18.040 67.041 18.470 -19.456 67.037 17.887 -19.173 70.826 17.160
3 65 -20.573 71.088 17.722 -19.173 70.826 17.160 -19.456 67.037 17.887
3 65 -19.456 67.037 17.887 -20.864 67.206 18.464 -20.573 71.088 17.722
3 65 -21.135 71.460 19.097 -20.573 71.088 17.722 -20.864 67.206 18.464
3 65 -20.864 67.206 18.464 -21.440 67.449 19.861 -21.135 71.460 19.097
3 65 -20.530 71.724 20.478 -21.135 71.460 19.097 -21.440 67.449 19.861
3 65 -21.440 67.449 19.861 -20.846 67.624 21.261 -20.530 71.724 20.478
3 65 -19.113 71.725 21.057 -20.530 71.724 20.478 -20.846 67.624 21.261
3 65 -20.846 67.624 21.261 -19.430 67.628 21.844 -19.113 71.725 21.057
3 65 -18.022 67.459 21.267 -19.430 67.628 21.844 -19.608 63.467 22.294
3 65 -19.608 63.467 22.294 -18.195 63.391 21.710 -18.022 67.459 21.267
3 65 -17.446 67.215 19.870 -18.022 67.459 21.267 -18.195 63.391 21.710
3 65 -18.195 63.391 21.710 -17.611 63.281 20.299 -17.446 67.215 19.870
3 65 -18.040 67.041 18.470 -17.446 67.215 19.870 -17.611 63.281 20.299
3 65 -17.611 63.281 20.299 -18.199 63.201 18.887 -18.040 67.041 18.470
3 65 -19.456 67.037 17.887 -18.040 67.041 18.470 -18.199 63.201 18.887
3 65 -18.199 63.201 18.887 -19.614 63.198 18.303 -19.456 67.037 17.887
3 65 -20.864 67.206 18.464 -19.456 67.037 17.887 -19.614 63.198 18.303
3 65 -19.614 63.198 18.303 -21.027 63.275 18.887 -20.864 67.206 18.464
3 65 -21.440 67.449 19.861 -20.864 67.206 18.464 -21.027 63.275 18.887
3 65 -21.027 63.275 18.887 -21.610 63.385 20.298 -21.440 67.449 19.861
3 65 -20.846 67.624 21.261 -21.440 67.449 19.861 -21.610 63.385 20.298
3 65 -21.610 63.385 20.298 -21.023 63.465 21.709 -20.846 67.624 21.261
3 65 -19.430 67.628 21.844 -20.846 67.624 21.261 -21.023 63.465 21.709
3 65 -21.023 63.465 21.709 -19.608 63.467 22.294 -19.430 67.628 21.844
3 65 -18.195 63.391 21.710 -19.608 63.467 22.294 -19.652 59.272 22.406
3 65 -19.652 59.272 22.406 -18.238 59.291 21.820 -18.195 63.391 21.710
3 65 -17.611 63.281 20.299 -18.195 63.391 21.710 -18.238 59.291 21.820
3 65 -18.238 59.291 21.820 -17.652 59.319 20.406 -17.611 63.281 20.299
3 65 -18.199 63.201 18.887 -17.611 63.281 20.299 -17.652 59.319 20.406
3 65 -17.652 59.319 20.406 -18.238 59.341 18.992 -18.199 63.201 18.887
3 65 -19.614 63.198 18.303 -18.199 63.201 18.887 -18.238 59.341 18.992
3 65 -18.238 59.341 18.992 -19.652 59.344 18.406 -19.614 63.198 18.303
3 65 -21.027 63.275 18.887 -19.614 63.198 18.303 -19.652 59.344 18.406
3 65 -19.652 59.344 18.406 -21.067 59.325 18.992 -21.027 63.275 18.887
3 65 -21.610 63.385 20.298 -21.027 63.275 18.887 -21.067 59.325 18.992
3 65 -21.067 59.325 18.992 -21.652 59.297 20.406 -21.610 63.385 20.298
3 65 -21.023 63.465 21.709 -21.610 63.385 20.298 -21.652 59.297 20.406
3 65 -21.652 59.297 20.406 -21.066 59.275 21.820 -21.023 63.465 21.709
3 65 -19.608 63.467 22.294 -21.023 63.465 21.709 -21.066 59.275 21.820
3 65 -21.066 59.275 21.820 -19.652 59.272 22.406 -19.608 63.467 22.294
3 65 -18.238 59.291 21.820 -19.652 59.272 22.406 -19.561 55.073 22.143
3 65 -19.561 55.073 22.143 -18.149 55.190 21.563 -18.238 59.291 21.820
3 65 -17.652 59.319 20.406 -18.238 59.291 21.820 -18.149 55.190 21.563
3 65 -18.149 55.190 21.563 -17.567 55.366 20.158 -17.652 59.319 20.406
3 65 -18.238 59.341 18.992 -17.652 59.319 20.406 -17.567 55.366 20.158
3 65 -17.567 55.366 20.158 -18.156 55.498 18.751 -18.238 59.341 18.992
3 65 -19.652 59.344 18.406 -18.238 59.341 18.992 -18.156 55.498 18.751
3 65 -18.156 55.498 18.751 -19.571 55.508 18.166 -19.652 59.344 18.406
3 65 -21.067 59.325 18.992 -19.652 59.344 18.406 -19.571 55.508 18.166
3 65 -19.571 55.508 18.166 -20.983 55.390 18.746 -21.067 59.325 18.992
3 65 -21.652 59.297 20.406 -21.067 59.325 18.992 -20.983 55.390 18.746
3 65 -20.983 55.390 18.746 -21.565 55.214 20.152 -21.652 59.297 20.406
3 65 -21.066 59.275 21.820 -21.652 59.297 20.406 -21.565 55.214 20.152
3 65 -21.565 55.214 20.152 -20.975 55.083 21.558 -21.066 59.275 21.820
3 65 -19.652 59.272 22.406 -21.066 59.275 21.820 -20.975 55.083 21.558
3 65 -20.975 55.083 21.558 -19.561 55.073 22.143 -19.652 59.272 22.406
3 65 -18.149 55.190 21.563 -19.561 55.073 22.143 -19.329 50.924 21.492
3 65 -19.329 50.924 21.492 -17.924 51.140 20.925 -18.149 55.190 21.563
3 65 -17.567 55.366 20.158 -18.149 55.190 21.563 -17.924 51.140 20.925
3 65 -17.924 51.140 20.925 -17.352 51.461 19.542 -17.567 55.366 20.158
3 65 -18.156 55.498 18.751 -17.567 55.366 20.158 -17.352 51.461 19.542
3 65 -17.352 51.461 19.542 -17.949 51.699 18.152 -18.156 55.498 18.751
3 65 -19.571 55.508 18.166 -18.156 55.498 18.751 -17.949 51.699 18.152
3 65 -17.949 51.699 18.152 -19.366 51.714 17.571 -19.571 55.508 18.166
3 65 -20.983 55.390 18.746 -19.571 55.508 18.166 -19.366 51.714 17.571
3 65 -19.366 51.714 17.571 -20.771 51.498 18.138 -20.983 55.390 18.746
3 65 -21.565 55.214 20.152 -20.983 55.390 18.746 -20.771 51.498 18.138
3 65 -20.771 51.498 18.138 -21.342 51.177 19.522 -21.565 55.214 20.152
3 65 -20.975 55.083 21.558 -21.565 55.214 20.152 -21.342 51.177 19.522
3 65 -21.342 51.177 19.522 -20.745 50.939 20.911 -20.975 55.083 21.558
3 65 -19.561 55.073 22.143 -20.975 55.083 21.558 -20.745 50.939 20.911
3 65 -20.745 50.939 20.911 -19.329 50.924 21.492 -19.561 55.073 22.143
3 65 -17.924 51.140 20.925 -19.329 50.924 21.492 -18.961 46.864 20.483
3 65 -18.961 46.864 20.483 -17.565 47.176 19.935 -17.924 51.140 20.925
3 65 -17.352 51.461 19.542 -17.924 51.140 20.925 -17.565 47.176 19.935
3 65 -17.565 47.176 19.935 -17.010 47.635 18.584 -17.352 51.461 19.542
3 65 -17.949 51.699 18.152 -17.352 51.461 19.542 -17.010 47.635 18.584
3 65 -17.010 47.635 18.584 -17.620 47.971 17.221 -17.949 51.699 18.152
3 65 -19.366 51.714 17.571 -17.949 51.699 18.152 -17.620 47.971 17.221
3 65 -17.620 47.971 17.221 -19.038 47.988 16.644 -19.366 51.714 17.571
3 65 -20.771 51.498 18.138 -19.366 51.714 17.571 -19.038 47.988 16.644
3 65 -19.038 47.988 16.644 -20.433 47.676 17.191 -20.771 51.498 18.138
3 65 -21.342 51.177 19.522 -20.771 51.498 18.138 -20.433 47.676 17.191
3 65 -20.433 47.676 17.191 -20.989 47.218 18.543 -21.342 51.177 19.522
3 65 -20.745 50.939 20.911 -21.342 51.177 19.522 -20.989 47.218 18.543
3 65 -20.989 47.218 18.543 -20.379 46.882 19.906 -20.745 50.939 20.911
3 65 -19.329 50.924 21.492 -20.745 50.939 20.911 -20.379 46.882 19.906
3 65 -20.379 46.882 19.906 -18.961 46.864 20.483 -19.329 50.924 21.492
3 65 -17.565 47.176 19.935 -18.961 46.864 20.483 -18.455 42.940 19.139
3 65 -18.455 42.940 19.139 -17.073 43.339 18.615 -17.565 47.176 19.935
3 65 -17.010 47.635 18.584 -17.565 47.176 19.935 -17.073 43.339 18.615
3 65 -17.073 43.339 18.615 -16.538 43.916 17.301 -17.010 47.635 18.584
3 65 -17.620 47.971 17.221 -17.010 47.635 18.584 -16.538 43.916 17.301
3 65 -16.538 43.916 17.301 -17.164 44.334 15.968 -17.620 47.971 17.221
3 65 -19.038 47.988 16.644 -17.620 47.971 17.221 -17.164 44.334 15.968
3 65 -17.164 44.334 15.968 -18.584 44.348 15.396 -19.038 47.988 16.644
3 65 -20.433 47.676 17.191 -19.038 47.988 16.644 -18.584 44.348 15.396
3 65 -18.584 44.348 15.396 -19.966 43.949 15.921 -20.433 47.676 17.191
3 65 -20.989 47.218 18.543 -20.433 47.676 17.191 -19.966 43.949 15.921
3 65 -19.966 43.949 15.921 -20.501 43.372 17.234 -20.989 47.218 18.543
3 65 -20.379 46.882 19.906 -20.989 47.218 18.543 -20.501 43.372 17.234
3 65 -20.501 43.372 17.234 -19.875 42.954 18.567 -20.379 46.882 19.906
3 65 -18.961 46.864 20.483 -20.379 46.882 19.906 -19.875 42.954 18.567
3 65 -19.875 42.954 18.567 -18.455 42.940 19.139 -18.961 46.864 20.483
3 65 -17.073 43.339 18.615 -18.455 42.940 19.139 -17.836 39.161 17.548
3 65 -17.836 39.161 17.548 -16.468 39.631 17.046 -17.073 43.339 18.615
3 65 -16.538 43.916 17.301 -17.073 43.339 18.615 -16.468 39.631 17.046
3 65 -16.468 39.631 17.046 -15.955 40.301 15.769 -16.538 43.916 17.301
3 65 -17.164 44.334 15.968 -16.538 43.916 17.301 -15.955 40.301 15.769
3 65 -15.955 40.301 15.769 -16.598 40.779 14.464 -17.164 44.334 15.968
3 65 -18.584 44.348 15.396 -17.164 44.334 15.968 -16.598 40.779 14.464
3 65 -16.598 40.779 14.464 -18.020 40.784 13.897 -18.584 44.348 15.396
3 65 -19.966 43.949 15.921 -18.584 44.348 15.396 -18.020 40.784 13.897
3 65 -18.020 40.784 13.897 -19.388 40.314 14.398 -19.966 43.949 15.921
3 65 -20.501 43.372 17.234 -19.966 43.949 15.921 -19.388 40.314 14.398
3 65 -19.388 40.314 14.398 -19.900 39.644 15.676 -20.501 43.372 17.234
3 65 -19.875 42.954 18.567 -20.501 43.372 17.234 -19.900 39.644 15.676
3 65 -19.900 39.644 15.676 -19.258 39.166 16.980 -19.875 42.954 18.567
3 65 -18.455 42.940 19.139 -19.875 42.954 18.567 -19.258 39.166 16.980
3 65 -19.258 39.166 16.980 -17.836 39.161 17.548 -18.455 42.940 19.139
3 65 -16.468 39.631 17.046 -17.836 39.161 17.548 -17.118 35.517 15.772
3 65 -17.118 35.517 15.772 -15.764 36.046 15.289 -16.468 39.631 17.046
3 65 -15.955 40.301 15.769 -16.468 39.631 17.046 -15.764 36.046 15.289
3 65 -15.764 36.046 15.289 -15.273 36.785 14.042 -15.955 40.301 15.769
3 65 -16.598 40.779 14.464 -15.955 40.301 15.769 -15.273 36.785 14.042
3 65 -15.273 36.785 14.042 -15.932 37.303 12.761 -16.598 40.779 14.464
3 65 -18.020 40.784 13.897 -16.598 40.779 14.464 -15.932 37.303 12.761
3 65 -15.932 37.303 12.761 -17.355 37.296 12.196 -18.020 40.784 13.897
3 65 -19.388 40.314 14.398 -18.020 40.784 13.897 -17.355 37.296 12.196
3 65 -17.355 37.296 12.196 -18.708 36.767 12.679 -19.388 40.314 14.398
3 65 -19.900 39.644 15.676 -19.388 40.314 14.398 -18.708 36.767 12.679
3 65 -18.708 36.767 12.679 -19.199 36.027 13.926 -19.900 39.644 15.676
3 65 -19.258 39.166 16.980 -19.900 39.644 15.676 -19.199 36.027 13.926
3 65 -19.199 36.027 13.926 -18.540 35.509 15.207 -19.258 39.166 16.980
3 65 -17.836 39.161 17.548 -19.258 39.166 16.980 -18.540 35.509 15.207
3 65 -18.540 35.509 15.207 -17.118 35.517 15.772 -17.836 39.161 17.548
3 65 -15.764 36.046 15.289 -17.118 35.517 15.772 -16.316 31.987 13.879
3 65 -16.316 31.987 13.879 -14.977 32.565 13.412 -15.764 36.046 15.289
3 65 -15.273 36.785 14.042 -15.764 36.046 15.289 -14.977 32.565 13.412
3 65 -14.977 32.565 13.412 -14.507 33.352 12.186 -15.273 36.785 14.042
3 65 -15.932 37.303 12.761 -15.273 36.785 14.042 -14.507 33.352 12.186
3 65 -14.507 33.352 12.186 -15.180 33.888 10.920 -15.932 37.303 12.761
3 65 -17.355 37.296 12.196 -15.932 37.303 12.761 -15.180 33.888 10.920
3 65 -15.180 33.888 10.920 -16.603 33.859 10.355 -17.355 37.296 12.196
3 65 -18.708 36.767 12.679 -17.355 37.296 12.196 -16.603 33.859 10.355
3 65 -16.603 33.859 10.355 -17.941 33.281 10.822 -18.708 36.767 12.679
3 65 -19.199 36.027 13.926 -18.708 36.767 12.679 -17.941 33.281 10.822
3 65 -17.941 33.281 10.822 -18.412 32.493 12.048 -19.199 36.027 13.926
3 65 -18.540 35.509 15.207 -19.199 36.027 13.926 -18.412 32.493 12.048
3 65 -18.412 32.493 12.048 -17.738 31.958 13.314 -18.540 35.509 15.207
3 65 -17.118 35.517 15.772 -18.540 35.509 15.207 -17.738 31.958 13.314
3 65 -17.738 31.958 13.314 -16.316 31.987 13.879 -17.118 35.517 15.772
3 65 -14.977 32.565 13.412 -16.316 31.987 13.879 -14.543 25.142 10.005
3 65 -14.543 25.142 10.005 -13.218 25.754 9.541 -14.977 32.565 13.412
3 65 -14.507 33.352 12.186 -14.977 32.565 13.412 -13.218 25.754 9.541
3 65 -13.218 25.754 9.541 -12.766 26.556 8.318 -14.507 33.352 12.186
3 65 -15.180 33.888 10.920 -14.507 33.352 12.186 -12.766 26.556 8.318
3 65 -12.766 26.556 8.318 -13.451 27.079 7.053 -15.180 33.888 10.920
3 65 -16.603 33.859 10.355 -15.180 33.888 10.920 -13.451 27.079 7.053
3 65 -13.451 27.079 7.053 -14.871 27.017 6.486 -16.603 33.859 10.355
3 65 -17.941 33.281 10.822 -16.603 33.859 10.355 -14.871 27.017 6.486
3 65 -14.871 27.017 6.486 -16.196 26.405 6.951 -17.941 33.281 10.822
3 65 -18.412 32.493 12.048 -17.941 33.281 10.822 -16.196 26.405 6.951
3 65 -16.196 26.405 6.951 -16.648 25.603 8.173 -18.412 32.493 12.048
3 65 -17.738 31.958 13.314 -18.412 32.493 12.048 -16.648 25.603 8.173
3 65 -16.648 25.603 8.173 -15.964 25.080 9.439 -17.738 31.958 13.314
3 65 -16.316 31.987 13.879 -17.738 31.958 13.314 -15.964 25.080 9.439
3 65 -15.964 25.080 9.439 -14.543 25.142 10.005 -16.316 31.987 13.879
3 65 -13.218 25.754 9.541 -14.543 25.142 10.005 -13.587 21.754 8.141
3 65 -13.587 21.754 8.141 -12.269 22.372 7.667 -13.218 25.754 9.541
3 65 -12.766 26.556 8.318 -13.218 25.754 9.541 -12.269 22.372 7.667
3 65 -12.269 22.372 7.667 -11.824 23.153 6.428 -12.766 26.556 8.318
3 65 -13.451 27.079 7.053 -12.766 26.556 8.318 -11.824 23.153 6.428
3 65 -11.824 23.153 6.428 -12.512 23.638 5.149 -13.451 27.079 7.053
3 65 -14.871 27.017 6.486 -13.451 27.079 7.053 -12.512 23.638 5.149
3 65 -12.512 23.638 5.149 -13.930 23.544 4.580 -14.871 27.017 6.486
3 65 -16.196 26.405 6.951 -14.871 27.017 6.486 -13.930 23.544 4.580
3 65 -13.930 23.544 4.580 -15.247 22.926 5.054 -16.196 26.405 6.951
3 65 -16.648 25.603 8.173 -16.196 26.405 6.951 -15.247 22.926 5.054
3 65 -15.247 22.926 5.054 -15.693 22.145 6.293 -16.648 25.603 8.173
3 65 -15.964 25.080 9.439 -16.648 25.603 8.173 -15.693 22.145 6.293
3 65 -15.693 22.145 6.293 -15.005 21.660 7.572 -15.964 25.080 9.439
3 65 -14.543 25.142 10.005 -15.964 25.080 9.439 -15.005 21.660 7.572
3 65 -15.005 21.660 7.572 -13.587 21.754 8.141 -14.543 25.142 10.005
3 65 -12.269 22.372 7.667 -13.587 21.754 8.141 -12.615 18.344 6.400
3 65 -12.615 18.344 6.400 -11.297 18.949 5.910 -12.269 22.372 7.667
3 65 -11.824 23.153 6.428 -12.269 22.372 7.667 -11.297 18.949 5.910
3 65 -11.297 18.949 5.910 -10.847 19.682 4.644 -11.824 23.153 6.428
3 65 -12.512 23.638 5.149 -11.824 23.153 6.428 -10.847 19.682 4.644
3 65 -10.847 19.682 4.644 -11.529 20.115 3.343 -12.512 23.638 5.149
3 65 -13.930 23.544 4.580 -12.512 23.638 5.149 -11.529 20.115 3.343
3 65 -11.529 20.115 3.343 -12.944 19.993 2.771 -13.930 23.544 4.580
3 65 -15.247 22.926 5.054 -13.930 23.544 4.580 -12.944 19.993 2.771
3 65 -12.944 19.993 2.771 -14.262 19.388 3.261 -15.247 22.926 5.054
3 65 -15.693 22.145 6.293 -15.247 22.926 5.054 -14.262 19.388 3.261
3 65 -14.262 19.388 3.261 -14.712 18.655 4.527 -15.693 22.145 6.293
3 65 -15.005 21.660 7.572 -15.693 22.145 6.293 -14.712 18.655 4.527
3 65 -14.712 18.655 4.527 -14.030 18.222 5.827 -15.005 21.660 7.572
3 65 -13.587 21.754 8.141 -15.005 21.660 7.572 -14.030 18.222 5.827
3 65 -14.030 18.222 5.827 -12.615 18.344 6.400 -13.587 21.754 8.141
3 65 -11.297 18.949 5.910 -12.615 18.344 6.400 -11.637 14.885 4.842
3 65 -11.637 14.885 4.842 -10.313 15.460 4.330 -11.297 18.949 5.910
3 65 -10.847 19.682 4.644 -11.297 18.949 5.910 -10.313 15.460 4.330
3 65 -10.313 15.460 4.330 -9.852 16.123 3.029 -10.847 19.682 4.644
3 65 -11.529 20.115 3.343 -10.847 19.682 4.644 -9.852 16.123 3.029
3 65 -9.852 16.123 3.029 -10.523 16.485 1.702 -11.529 20.115 3.343
3 65 -12.944 19.993 2.771 -11.529 20.115 3.343 -10.523 16.485 1.702
3 65 -10.523 16.485 1.702 -11.933 16.334 1.125 -12.944 19.993 2.771
3 65 -14.262 19.388 3.261 -12.944 19.993 2.771 -11.933 16.334 1.125
3 65 -11.933 16.334 1.125 -13.256 15.759 1.636 -14.262 19.388 3.261
3 65 -14.712 18.655 4.527 -14.262 19.388 3.261 -13.256 15.759 1.636
3 65 -13.256 15.759 1.636 -13.717 15.096 2.937 -14.712 18.655 4.527
3 65 -14.030 18.222 5.827 -14.712 18.655 4.527 -13.717 15.096 2.937
3 65 -13.717 15.096 2.937 -13.047 14.734 4.265 -14.030 18.222 5.827
3 65 -12.615 18.344 6.400 -14.030 18.222 5.827 -13.047 14.734 4.265
3 65 -13.047 14.734 4.265 -11.637 14.885 4.842 -12.615 18.344 6.400
3 65 -10.313 15.460 4.330 -11.637 14.885 4.842 -10.668 11.358 3.518
3 65 -10.668 11.358 3.518 -9.335 11.888 2.983 -10.313 15.460 4.330
3 65 -9.852 16.123 3.029 -10.313 15.460 4.330 -9.335 11.888 2.983
3 65 -9.335 11.888 2.983 -8.856 12.458 1.646 -9.852 16.123 3.029
3 65 -10.523 16.485 1.702 -9.852 16.123 3.029 -8.856 12.458 1.646
3 65 -8.856 12.458 1.646 -9.510 12.733 0.289 -10.523 16.485 1.702
3 65 -11.933 16.334 1.125 -10.523 16.485 1.702 -9.510 12.733 0.289
3 65 -9.510 12.733 0.289 -10.915 12.552 -0.292 -11.933 16.334 1.125
3 65 -13.256 15.759 1.636 -11.933 16.334 1.125 -10.915 12.552 -0.292
3 65 -10.915 12.552 -0.292 -12.247 12.022 0.243 -13.256 15.759 1.636
3 65 -13.717 15.096 2.937 -13.256 15.759 1.636 -12.247 12.022 0.243
3 65 -12.247 12.022 0.243 -12.727 11.452 1.581 -13.717 15.096 2.937
3 65 -13.047 14.734 4.265 -13.717 15.096 2.937 -12.727 11.452 1.581
3 65 -12.727 11.452 1.581 -12.073 11.177 2.938 -13.047 14.734 4.265
3 65 -11.637 14.885 4.842 -13.047 14.734 4.265 -12.073 11.177 2.938
3 65 -12.073 11.177 2.938 -10.668 11.358 3.518 -11.637 14.885 4.842
3 65 -9.335 11.888 2.983 -10.668 11.358 3.518 -9.726 7.751 2.480
3 65 -9.726 7.751 2.480 -8.380 8.224 1.923 -9.335 11.888 2.983
3 65 -8.856 12.458 1.646 -9.335 11.888 2.983 -8.380 8.224 1.923
3 65 -8.380 8.224 1.923 -7.877 8.682 0.552 -8.856 12.458 1.646
3 65 -9.510 12.733 0.289 -8.856 12.458 1.646 -7.877 8.682 0.552
3 65 -7.877 8.682 0.552 -8.511 8.857 -0.831 -9.510 12.733 0.289
3 65 -10.915 12.552 -0.292 -9.510 12.733 0.289 -8.511 8.857 -0.831
3 65 -8.511 8.857 -0.831 -9.910 8.647 -1.414 -10.915 12.552 -0.292
3 65 -12.247 12.022 0.243 -10.915 12.552 -0.292 -9.910 8.647 -1.414
3 65 -9.910 8.647 -1.414 -11.256 8.174 -0.857 -12.247 12.022 0.243
3 65 -12.727 11.452 1.581 -12.247 12.022 0.243 -11.256 8.174 -0.857
3 65 -11.256 8.174 -0.857 -11.759 7.716 0.514 -12.727 11.452 1.581
3 65 -12.073 11.177 2.938 -12.727 11.452 1.581 -11.759 7.716 0.514
3 65 -11.759 7.716 0.514 -11.125 7.541 1.896 -12.073 11.177 2.938
3 65 -10.668 11.358 3.518 -12.073 11.177 2.938 -11.125 7.541 1.896
3 65 -11.125 7.541 1.896 -9.726 7.751 2.480 -10.668 11.358 3.518
3 65 -8.380 8.224 1.923 -9.726 7.751 2.480 -8.940 4.544 1.848
3 65 -8.940 4.544 1.848 -7.580 4.951 1.274 -8.380 8.224 1.923
3 65 -7.877 8.682 0.552 -8.380 8.224 1.923 -7.580 4.951 1.274
3 65 -7.580 4.951 1.274 -7.051 5.289 -0.122 -7.877 8.682 0.552
3 65 -8.511 8.857 -0.831 -7.877 8.682 0.552 -7.051 5.289 -0.122
3 65 -7.051 5.289 -0.122 -7.663 5.359 -1.524 -8.511 8.857 -0.831
3 65 -9.910 8.647 -1.414 -8.511 8.857 -0.831 -7.663 5.359 -1.524
3 65 -7.663 5.359 -1.524 -9.058 5.122 -2.109 -9.910 8.647 -1.414
3 65 -11.256 8.174 -0.857 -9.910 8.647 -1.414 -9.058 5.122 -2.109
3 65 -9.058 5.122 -2.109 -10.418 4.715 -1.535 -11.256 8.174 -0.857
3 65 -11.759 7.716 0.514 -11.256 8.174 -0.857 -10.418 4.715 -1.535
3 65 -10.418 4.715 -1.535 -10.946 4.377 -0.139 -11.759 7.716 0.514
3 65 -11.125 7.541 1.896 -11.759 7.716 0.514 -10.946 4.377 -0.139
3 65 -10.946 4.377 -0.139 -10.334 4.307 1.262 -11.125 7.541 1.896
3 65 -9.726 7.751 2.480 -11.125 7.541 1.896 -10.334 4.307 1.262
3 65 -10.334 4.307 1.262 -8.940 4.544 1.848 -9.726 7.751 2.480
3 65 -7.580 4.951 1.274 -8.940 4.544 1.848 -8.089 0.803 1.438
3 65 -8.089 0.803 1.438 -6.719 1.159 0.856 -7.580 4.951 1.274
3 65 -7.051 5.289 -0.122 -7.580 4.951 1.274 -6.719 1.159 0.856
3 65 -6.719 1.159 0.856 -6.167 1.379 -0.555 -7.051 5.289 -0.122
3 65 -7.663 5.359 -1.524 -7.051 5.289 -0.122 -6.167 1.379 -0.555
3 65 -6.167 1.379 -0.555 -6.756 1.335 -1.967 -7.663 5.359 -1.524
3 65 -9.058 5.122 -2.109 -7.663 5.359 -1.524 -6.756 1.335 -1.967
3 65 -6.756 1.335 -1.967 -8.141 1.053 -2.554 -9.058 5.122 -2.109
3 65 -10.418 4.715 -1.535 -9.058 5.122 -2.109 -8.141 1.053 -2.554
3 65 -8.141 1.053 -2.554 -9.512 0.697 -1.971 -10.418 4.715 -1.535
3 65 -10.946 4.377 -0.139 -10.418 4.715 -1.535 -9.512 0.697 -1.971
3 65 -9.512 0.697 -1.971 -10.064 0.477 -0.561 -10.946 4.377 -0.139
3 65 -10.334 4.307 1.262 -10.946 4.377 -0.139 -10.064 0.477 -0.561
3 65 -10.064 0.477 -0.561 -9.475 0.521 0.852 -10.334 4.307 1.262
3 65 -8.940 4.544 1.848 -10.334 4.307 1.262 -9.475 0.521 0.852
3 65 -9.475 0.521 0.852 -8.089 0.803 1.438 -8.940 4.544 1.848
3 65 -6.719 1.159 0.856 -8.089 0.803 1.438 -7.182 -3.006 1.357
3 65 -7.182 -3.006 1.357 -5.889 -2.431 0.773 -6.719 1.159 0.856
3 65 -6.167 1.379 -0.555 -6.719 1.159 0.856 -5.889 -2.431 0.773
3 65 -5.889 -2.431 0.773 -5.358 -2.181 -0.640 -6.167 1.379 -0.555
3 65 -6.756 1.335 -1.967 -6.167 1.379 -0.555 -5.358 -2.181 -0.640
3 65 -5.358 -2.181 -0.640 -5.898 -2.403 -2.055 -6.756 1.335 -1.967
3 65 -8.141 1.053 -2.554 -6.756 1.335 -1.967 -5.898 -2.403 -2.055
3 65 -5.898 -2.403 -2.055 -7.195 -2.966 -2.643 -8.141 1.053 -2.554
3 65 -9.512 0.697 -1.971 -8.141 1.053 -2.554 -7.195 -2.966 -2.643
3 65 -7.195 -2.966 -2.643 -8.488 -3.541 -2.059 -9.512 0.697 -1.971
3 65 -10.064 0.477 -0.561 -9.512 0.697 -1.971 -8.488 -3.541 -2.059
3 65 -8.488 -3.541 -2.059 -9.020 -3.791 -0.645 -10.064 0.477 -0.561
3 65 -9.475 0.521 0.852 -10.064 0.477 -0.561 -9.020 -3.791 -0.645
3 65 -9.020 -3.791 -0.645 -8.479 -3.569 0.770 -9.475 0.521 0.852
3 65 -8.089 0.803 1.438 -9.475 0.521 0.852 -8.479 -3.569 0.770
3 65 -8.479 -3.569 0.770 -7.182 -3.006 1.357 -8.089 0.803 1.438
3 65 -5.889 -2.431 0.773 -7.182 -3.006 1.357 -4.950 -6.288 1.357
3 65 -4.950 -6.288 1.357 -3.998 -5.242 0.772 -5.889 -2.431 0.773
3 65 -5.358 -2.181 -0.640 -5.889 -2.431 0.773 -3.998 -5.242 0.772
3 65 -3.998 -5.242 0.772 -3.604 -4.808 -0.643 -5.358 -2.181 -0.640
3 65 -5.898 -2.403 -2.055 -5.358 -2.181 -0.640 -3.604 -4.808 -0.643
3 65 -3.604 -4.808 -0.643 -3.998 -5.242 -2.057 -5.898 -2.403 -2.055
3 65 -7.195 -2.966 -2.643 -5.898 -2.403 -2.055 -3.998 -5.242 -2.057
3 65 -3.998 -5.242 -2.057 -4.950 -6.288 -2.643 -7.195 -2.966 -2.643
3 65 -8.488 -3.541 -2.059 -7.195 -2.966 -2.643 -4.950 -6.288 -2.643
3 65 -4.950 -6.288 -2.643 -5.901 -7.335 -2.057 -8.488 -3.541 -2.059
3 65 -9.020 -3.791 -0.645 -8.488 -3.541 -2.059 -5.901 -7.335 -2.057
3 65 -5.901 -7.335 -2.057 -6.295 -7.768 -0.643 -9.020 -3.791 -0.645
3 65 -8.479 -3.569 0.770 -9.020 -3.791 -0.645 -6.295 -7.768 -0.643
3 65 -6.295 -7.768 -0.643 -5.901 -7.335 0.772 -8.479 -3.569 0.770
3 65 -7.182 -3.006 1.357 -8.479 -3.569 0.770 -5.901 -7.335 0.772
3 65 -5.901 -7.335 0.772 -4.950 -6.288 1.357 -7.182 -3.006 1.357
3 65 -3.998 -5.242 0.772 -4.950 -6.288 1.357 -1.449 -8.203 1.357
3 65 -1.449 -8.203 1.357 -1.080 -6.837 0.772 -3.998 -5.242 0.772
3 65 -3.604 -4.808 -0.643 -3.998 -5.242 0.772 -1.080 -6.837 0.772
3 65 -1.080 -6.837 0.772 -0.928 -6.272 -0.643 -3.604 -4.808 -0.643
3 65 -3.998 -5.242 -2.057 -3.604 -4.808 -0.643 -0.928 -6.272 -0.643
3 65 -0.928 -6.272 -0.643 -1.080 -6.837 -2.057 -3.998 -5.242 -2.057
3 65 -4.950 -6.288 -2.643 -3.998 -5.242 -2.057 -1.080 -6.837 -2.057
3 65 -1.080 -6.837 -2.057 -1.449 -8.203 -2.643 -4.950 -6.288 -2.643
3 65 -5.901 -7.335 -2.057 -4.950 -6.288 -2.643 -1.449 -8.203 -2.643
3 65 -1.449 -8.203 -2.643 -1.817 -9.568 -2.057 -5.901 -7.335 -2.057
3 65 -6.295 -7.768 -0.643 -5.901 -7.335 -2.057 -1.817 -9.568 -2.057
3 65 -1.817 -9.568 -2.057 -1.970 -10.134 -0.643 -6.295 -7.768 -0.643
3 65 -5.901 -7.335 0.772 -6.295 -7.768 -0.643 -1.970 -10.134 -0.643
3 65 -1.970 -10.134 -0.643 -1.817 -9.568 0.772 -5.901 -7.335 0.772
3 65 -4.950 -6.288 1.357 -5.901 -7.335 0.772 -1.817 -9.568 0.772
3 65 -1.817 -9.568 0.772 -1.449 -8.203 1.357 -4.950 -6.288 1.357
3 65 -1.080 -6.837 0.772 -1.449 -8.203 1.357 2.539 -8.309 1.357
3 65 2.539 -8.309 1.357 2.244 -6.926 0.772 -1.080 -6.837 0.772
3 65 -0.928 -6.272 -0.643 -1.080 -6.837 0.772 2.244 -6.926 0.772
3 65 2.244 -6.926 0.772 2.122 -6.353 -0.643 -0.928 -6.272 -0.643
3 65 -1.080 -6.837 -2.057 -0.928 -6.272 -0.643 2.122 -6.353 -0.643
3 65 2.122 -6.353 -0.643 2.244 -6.926 -2.057 -1.080 -6.837 -2.057
3 65 -1.449 -8.203 -2.643 -1.080 -6.837 -2.057 2.244 -6.926 -2.057
3 65 2.244 -6.926 -2.057 2.539 -8.309 -2.643 -1.449 -8.203 -2.643
3 65 -1.817 -9.568 -2.057 -1.449 -8.203 -2.643 2.539 -8.309 -2.643
3 65 2.539 -8.309 -2.643 2.835 -9.692 -2.057 -1.817 -9.568 -2.057
3 65 -1.970 -10.134 -0.643 -1.817 -9.568 -2.057 2.835 -9.692 -2.057
3 65 2.835 -9.692 -2.057 2.957 -10.265 -0.643 -1.970 -10.134 -0.643
3 65 -1.817 -9.568 0.772 -1.970 -10.134 -0.643 2.957 -10.265 -0.643
3 65 2.957 -10.265 -0.643 2.835 -9.692 0.772 -1.817 -9.568 0.772
3 65 -1.449 -8.203 1.357 -1.817 -9.568 0.772 2.835 -9.692 0.772
3 65 2.835 -9.692 0.772 2.539 -8.309 1.357 -1.449 -8.203 1.357
3 65 2.244 -6.926 0.772 2.539 -8.309 1.357 6.136 -6.583 1.357
3 65 6.136 -6.583 1.357 5.242 -5.487 0.772 2.244 -6.926 0.772
3 65 2.122 -6.353 -0.643 2.244 -6.926 0.772 5.242 -5.487 0.772
3 65 5.242 -5.487 0.772 4.872 -5.033 -0.643 2.122 -6.353 -0.643
3 65 2.244 -6.926 -2.057 2.122 -6.353 -0.643 4.872 -5.033 -0.643
3 65 4.872 -5.033 -0.643 5.242 -5.487 -2.057 2.244 -6.926 -2.057
3 65 2.539 -8.309 -2.643 2.244 -6.926 -2.057 5.242 -5.487 -2.057
3 65 5.242 -5.487 -2.057 6.136 -6.583 -2.643 2.539 -8.309 -2.643
3 65 2.835 -9.692 -2.057 2.539 -8.309 -2.643 6.136 -6.583 -2.643
3 65 6.136 -6.583 -2.643 7.031 -7.679 -2.057 2.835 -9.692 -2.057
3 65 2.957 -10.265 -0.643 2.835 -9.692 -2.057 7.031 -7.679 -2.057
3 65 7.031 -7.679 -2.057 7.401 -8.133 -0.643 2.957 -10.265 -0.643
3 65 2.835 -9.692 0.772 2.957 -10.265 -0.643 7.401 -8.133 -0.643
3 65 7.401 -8.133 -0.643 7.031 -7.679 0.772 2.835 -9.692 0.772
3 65 2.539 -8.309 1.357 2.835 -9.692 0.772 7.031 -7.679 0.772
3 65 7.031 -7.679 0.772 6.136 -6.583 1.357 2.539 -8.309 1.357
3 65 5.242 -5.487 0.772 6.136 -6.583 1.357 8.549 -3.406 1.357
3 65 8.549 -3.406 1.357 7.253 -2.839 0.772 5.242 -5.487 0.772
3 65 4.872 -5.033 -0.643 5.242 -5.487 0.772 7.253 -2.839 0.772
3 65 7.253 -2.839 0.772 6.716 -2.604 -0.643 4.872 -5.033 -0.643
3 65 5.242 -5.487 -2.057 4.872 -5.033 -0.643 6.716 -2.604 -0.643
3 65 6.716 -2.604 -0.643 7.253 -2.839 -2.057 5.242 -5.487 -2.057
3 65 6.136 -6.583 -2.643 5.242 -5.487 -2.057 7.253 -2.839 -2.057
3 65 7.253 -2.839 -2.057 8.549 -3.406 -2.643 6.136 -6.583 -2.643
3 65 7.031 -7.679 -2.057 6.136 -6.583 -2.643 8.549 -3.406 -2.643
3 65 8.549 -3.406 -2.643 9.845 -3.973 -2.057 7.031 -7.679 -2.057
3 65 7.401 -8.133 -0.643 7.031 -7.679 -2.057 9.845 -3.973 -2.057
3 65 9.845 -3.973 -2.057 10.381 -4.208 -0.643 7.401 -8.133 -0.643
3 65 7.031 -7.679 0.772 7.401 -8.133 -0.643 10.381 -4.208 -0.643
3 65 10.381 -4.208 -0.643 9.845 -3.973 0.772 7.031 -7.679 0.772
3 65 6.136 -6.583 1.357 7.031 -7.679 0.772 9.845 -3.973 0.772
3 65 9.845 -3.973 0.772 8.549 -3.406 1.357 6.136 -6.583 1.357
3 65 7.253 -2.839 0.772 8.549 -3.406 1.357 9.245 0.521 1.357
3 65 9.245 0.521 1.357 7.833 0.441 0.772 7.253 -2.839 0.772
3 65 6.716 -2.604 -0.643 7.253 -2.839 0.772 7.833 0.441 0.772
3 65 7.833 0.441 0.772 7.248 0.408 -0.643 6.716 -2.604 -0.643
3 65 7.253 -2.839 -2.057 6.716 -2.604 -0.643 7.248 0.408 -0.643
3 65 7.248 0.408 -0.643 7.833 0.441 -2.057 7.253 -2.839 -2.057
3 65 8.549 -3.406 -2.643 7.253 -2.839 -2.057 7.833 0.441 -2.057
3 65 7.833 0.441 -2.057 9.245 0.521 -2.643 8.549 -3.406 -2.643
3 65 9.845 -3.973 -2.057 8.549 -3.406 -2.643 9.245 0.521 -2.643
3 65 9.245 0.521 -2.643 10.657 0.602 -2.057 9.845 -3.973 -2.057
3 65 10.381 -4.208 -0.643 9.845 -3.973 -2.057 10.657 0.602 -2.057
3 65 10.657 0.602 -2.057 11.242 0.635 -0.643 10.381 -4.208 -0.643
3 65 9.845 -3.973 0.772 10.381 -4.208 -0.643 11.242 0.635 -0.643
3 65 11.242 0.635 -0.643 10.657 0.602 0.772 9.845 -3.973 0.772
3 65 8.549 -3.406 1.357 9.845 -3.973 0.772 10.657 0.602 0.772
3 65 10.657 0.602 0.772 9.245 0.521 1.357 8.549 -3.406 1.357
3 65 7.833 0.441 0.772 9.245 0.521 1.357 8.147 4.217 1.357
3 65 8.147 4.217 1.357 6.919 3.515 0.772 7.833 0.441 0.772
3 65 7.248 0.408 -0.643 7.833 0.441 0.772 6.919 3.515 0.772
3 65 6.919 3.515 0.772 6.410 3.225 -0.643 7.248 0.408 -0.643
3 65 7.833 0.441 -2.057 7.248 0.408 -0.643 6.410 3.225 -0.643
3 65 6.410 3.225 -0.643 6.919 3.515 -2.057 7.833 0.441 -2.057
3 65 9.245 0.521 -2.643 7.833 0.441 -2.057 6.919 3.515 -2.057
3 65 6.919 3.515 -2.057 8.147 4.217 -2.643 9.245 0.521 -2.643
3 65 10.657 0.602 -2.057 9.245 0.521 -2.643 8.147 4.217 -2.643
3 65 8.147 4.217 -2.643 9.375 4.919 -2.057 10.657 0.602 -2.057
3 65 11.242 0.635 -0.643 10.657 0.602 -2.057 9.375 4.919 -2.057
3 65 9.375 4.919 -2.057 9.884 5.209 -0.643 11.242 0.635 -0.643
3 65 10.657 0.602 0.772 11.242 0.635 -0.643 9.884 5.209 -0.643
3 65 9.884 5.209 -0.643 9.375 4.919 0.772 10.657 0.602 0.772
3 65 9.245 0.521 1.357 10.657 0.602 0.772 9.375 4.919 0.772
3 65 9.375 4.919 0.772 8.147 4.217 1.357 9.245 0.521 1.357
