0 FILE xt0002.dat
0 xt0002
0 Name:  UntitledModel
0 Author:  
0 BL_Item_No xt0002.dat
0 BFC CERTIFY CCW
1 0 -352.0573 344.0000 16.6221 0.7224 -1.0765 -1.2512 -1.2990 0.0000 -0.7500 0.2016 3.8573 -0.3492 4-4cyli.dat
1 0 -351.1719 344.0000 13.7458 0.6910 -1.1639 -1.2580 -1.3147 0.0000 -0.7222 0.2099 3.8318 -0.3821 4-4cyli.dat
1 0 -350.1843 344.0000 10.9030 0.6632 -1.2930 -1.2553 -1.3263 0.0000 -0.7007 0.2262 3.7902 -0.4282 4-4cyli.dat
1 0 -349.0492 344.0000 8.1155 0.6367 -1.4798 -1.2399 -1.3344 0.0000 -0.6852 0.2532 3.7212 -0.4931 4-4cyli.dat
1 0 -347.6555 344.0000 5.4470 0.5983 -1.8019 -1.1985 -1.3421 0.0000 -0.6700 0.3015 3.5764 -0.6039 4-4cyli.dat
1 0 -345.7202 344.0000 3.1371 0.5137 -2.4706 -1.0629 -1.3505 0.0000 -0.6527 0.4027 3.1518 -0.8332 4-4cyli.dat
1 0 -342.7141 344.0000 2.6014 0.1831 -3.8553 -0.3622 -1.3387 0.0000 -0.6767 0.6515 1.0837 -1.2887 4-4cyli.dat
1 0 -340.2808 344.0000 4.5876 -0.3757 -3.4074 0.6928 -1.3185 0.0000 -0.7151 0.6085 -2.1041 -1.1219 4-4cyli.dat
1 0 -338.3289 343.9264 6.8827 -0.5605 -2.7285 0.9441 -1.3043 0.0841 -0.7402 0.4845 -2.9301 -0.9004 4-4cyli.dat
1 0 -337.2304 343.3820 9.6454 -0.7917 -1.6523 1.1136 -1.2664 0.6371 -0.7677 0.1396 -3.5919 -0.6485 4-4cyli.dat
1 0 -338.6000 342.1723 12.1738 -0.5705 1.3394 1.2934 -1.1797 1.4962 -0.7377 -0.7299 -3.4648 0.1814 4-4cyli.dat
1 0 -341.1855 341.0761 13.3986 0.2373 3.1691 0.8858 -1.3370 1.4888 -0.3891 -0.6372 -1.9437 1.1463 4-4cyli.dat
1 0 -343.9478 340.1342 14.1562 0.4100 3.6134 0.5001 -1.4118 1.2910 -0.1513 -0.2978 -1.1463 1.4061 4-4cyli.dat
1 0 -346.8004 339.3075 14.6532 0.4026 3.7724 0.3022 -1.4380 1.1280 -0.0597 -0.1414 -0.7308 1.4680 4-4cyli.dat
1 0 -349.7015 338.5781 14.9888 0.3652 3.8489 0.1957 -1.4528 0.9932 -0.0293 -0.0767 -0.4871 1.4869 4-4cyli.dat
1 0 -352.6363 337.9459 15.2051 0.3214 3.8978 0.1235 -1.4647 0.8630 -0.0101 -0.0365 -0.3161 1.4949 4-4cyli.dat
1 0 -355.5959 337.4141 15.3326 0.2737 3.9330 0.0698 -1.4748 0.7298 0.0148 0.0018 -0.1905 1.4983 4-4cyli.dat
1 0 -358.5757 336.9943 15.3904 0.2194 3.9609 0.0280 -1.4832 0.5830 0.0490 0.0444 -0.0931 1.4989 4-4cyli.dat
1 0 -361.5716 336.7068 15.3919 0.1540 3.9835 -0.0030 -1.4897 0.4110 0.0838 0.0837 -0.0149 1.4977 4-4cyli.dat
1 0 -364.5786 336.5863 15.3473 0.0718 3.9996 -0.0237 -1.4942 0.1959 0.1100 0.1110 0.0489 1.4958 4-4cyli.dat
1 0 -367.5858 336.6945 15.2652 -0.0388 4.0023 -0.0347 -1.4945 -0.0958 0.1232 0.1223 0.1007 1.4945 4-4cyli.dat
1 0 -370.5584 337.1624 15.1556 -0.2088 3.9646 -0.0358 -1.4809 -0.5480 0.1213 0.1152 0.1395 1.4947 4-4cyli.dat
1 0 -373.3647 338.2576 15.0415 -0.5010 3.7742 -0.0243 -1.4112 -1.3306 0.1000 0.0862 0.1503 1.4965 4-4cyli.dat
1 0 -375.4359 340.4709 14.9880 -1.0249 2.9241 0.0022 -1.0947 -2.7350 0.0480 0.0365 0.0832 1.4992 4-4cyli.dat
1 0 -376.6068 343.2549 14.8264 -1.3449 1.7712 -0.0335 -0.6643 -3.5863 0.0657 -0.0010 0.1970 1.4982 4-4cyli.dat
1 0 -377.1476 346.1646 14.2380 -1.4623 0.8725 -0.0695 -0.3339 -3.8449 0.2539 -0.0114 0.7020 1.4767 4-4cyli.dat
1 0 -375.9197 348.7594 13.1825 -1.4164 -1.2884 0.1040 0.4894 -3.5546 0.4876 -0.0646 1.3199 1.4147 4-4cyli.dat
1 0 -373.3321 350.1219 12.2484 -0.8564 -3.1620 0.3375 1.2275 -2.1029 0.3505 -0.0996 1.2716 1.4189 4-4cyli.dat
1 0 -370.4818 350.8542 11.5759 -0.4588 -3.7177 0.3169 1.4259 -1.1431 0.1830 -0.0794 0.9537 1.4547 4-4cyli.dat
1 0 -367.5468 351.3046 11.0727 -0.2675 -3.8824 0.2524 1.4749 -0.6775 0.1012 -0.0555 0.7107 1.4751 4-4cyli.dat
1 0 -364.5749 351.5949 10.6924 -0.1664 -3.9456 0.1954 1.4903 -0.4278 0.0572 -0.0355 0.5354 1.4861 4-4cyli.dat
1 0 -361.5837 351.7793 10.4127 -0.1041 -3.9759 0.1464 1.4962 -0.2713 0.0304 -0.0202 0.3954 1.4925 4-4cyli.dat
1 0 -358.5829 351.8945 10.2143 -0.0646 -3.9911 0.1053 1.4986 -0.1701 0.0148 -0.0102 0.2827 1.4962 4-4cyli.dat
1 0 -355.5770 351.9623 10.0835 -0.0383 -3.9989 0.0708 1.4995 -0.1016 0.0063 -0.0045 0.1895 1.4983 4-4cyli.dat
1 0 -352.5685 351.9941 10.0145 -0.0191 -4.0030 0.0396 1.4999 -0.0508 0.0020 -0.0015 0.1057 1.4995 4-4cyli.dat
1 0 -349.5599 351.9656 9.9964 0.0095 -4.0044 0.0134 1.5000 0.0254 0.0002 -0.0003 0.0356 1.4999 4-4cyli.dat
1 0 -346.9389 350.4507 9.9999 0.6564 -3.6009 0.0004 1.3488 1.7525 -0.0002 0.0000 0.0011 1.5000 4-4cyli.dat
1 0 -345.2754 347.9179 10.0000 1.1855 -2.4535 0.0000 0.9190 3.1651 0.0000 0.0000 0.0000 1.5000 4-4cyli.dat
1 0 -343.9539 345.2118 10.0000 1.3280 -1.8618 0.0000 0.6974 3.5456 0.0000 0.0000 0.0000 1.5000 4-4cyli.dat
1 0 -342.8152 342.4254 10.0000 1.3807 -1.5651 0.0000 0.5862 3.6862 0.0000 0.0000 0.0000 1.5000 4-4cyli.dat
1 0 -341.8115 339.5881 10.0000 1.4097 -1.3685 0.0000 0.5126 3.7636 0.0000 0.0000 0.0000 1.5000 4-4cyli.dat
1 0 -340.9036 336.7189 10.0000 1.4274 -1.2311 0.0000 0.4611 3.8108 0.0000 0.0000 0.0000 1.5000 4-4cyli.dat
1 0 -340.0711 333.8268 10.0000 1.4396 -1.1253 0.0000 0.4215 3.8433 0.0000 0.0000 0.0000 1.5000 4-4cyli.dat
1 0 -339.2866 330.9215 10.0000 1.4470 -1.0555 0.0000 0.3954 3.8631 0.0000 0.0000 0.0000 1.5000 4-4cyli.dat
1 0 -337.8538 325.0782 10.0000 1.4561 -1.6830 0.0000 0.3602 6.8043 0.0000 0.0000 0.0000 1.5000 4-4cyli.dat
1 0 -336.5551 319.2013 10.0000 1.4640 -1.5254 0.0000 0.3264 6.8414 0.0000 0.0000 0.0000 1.5000 4-4cyli.dat
1 0 -334.7776 310.3523 10.0000 1.4703 -1.9830 0.0000 0.2970 9.8158 0.0000 0.0000 0.0000 1.5000 4-4cyli.dat
1 0 -332.1251 295.5460 10.0000 1.4763 -2.8366 0.0000 0.2655 15.7704 0.0000 0.0000 0.0000 1.5000 4-4cyli.dat
1 0 -328.8253 274.7454 10.0000 1.4814 -3.4623 0.0000 0.2357 21.7591 0.0000 0.0000 0.0000 1.5000 4-4cyli.dat
1 0 -321.7717 224.0986 10.0000 1.4856 -7.1932 0.0000 0.2072 51.5805 0.0000 0.0000 0.0000 1.5000 4-4cyli.dat
1 0 -306.1597 108.0814 10.0000 1.4866 -15.7636 0.0000 0.2001 117.1268 0.0000 0.0000 0.0000 1.5000 4-4cyli.dat
1 0 -301.9627 81.5069 10.0000 1.4818 -4.3594 0.0000 0.2332 27.7013 0.0000 0.0000 0.0000 1.5000 4-4cyli.dat
1 0 -298.8176 63.7198 10.0000 1.4772 -3.3040 0.0000 0.2605 18.7391 0.0000 0.0000 0.0000 1.5000 4-4cyli.dat
1 0 -296.4963 51.9036 10.0000 1.4721 -2.4999 0.0000 0.2880 12.7765 0.0000 0.0000 0.0000 1.5000 4-4cyli.dat
1 0 -294.5937 43.0759 10.0000 1.4666 -2.1003 0.0000 0.3146 9.7913 0.0000 0.0000 0.0000 1.5000 4-4cyli.dat
1 0 -292.4967 34.2948 10.0000 1.4594 -2.3143 0.0000 0.3467 9.7430 0.0000 0.0000 0.0000 1.5000 4-4cyli.dat
1 0 -290.9576 28.4738 10.0000 1.4509 -1.7788 0.0000 0.3807 6.7799 0.0000 0.0000 0.0000 1.5000 4-4cyli.dat
1 0 -289.2643 22.6982 10.0000 1.4403 -1.9574 0.0000 0.4189 6.7305 0.0000 0.0000 0.0000 1.5000 4-4cyli.dat
1 0 -288.3407 19.8317 10.0000 1.4296 -1.2126 0.0000 0.4542 3.8167 0.0000 0.0000 0.0000 1.5000 4-4cyli.dat
1 0 -287.3610 16.9863 10.0000 1.4199 -1.2909 0.0000 0.4835 3.7909 0.0000 0.0000 0.0000 1.5000 4-4cyli.dat
1 0 -286.3028 14.1691 10.0000 1.4065 -1.3916 0.0000 0.5212 3.7551 0.0000 0.0000 0.0000 1.5000 4-4cyli.dat
1 0 -285.1440 11.3917 10.0000 1.3876 -1.5209 0.0000 0.5697 3.7047 0.0000 0.0000 0.0000 1.5000 4-4cyli.dat
1 0 -283.8654 8.6674 10.0000 1.3623 -1.6761 0.0000 0.6278 3.6371 0.0000 0.0000 0.0000 1.5000 4-4cyli.dat
1 0 -282.4273 6.0235 10.0000 1.3244 -1.8804 0.0000 0.7043 3.5358 0.0000 0.0000 0.0000 1.5000 4-4cyli.dat
1 0 -280.7169 3.5452 10.0000 1.2483 -2.2205 0.0000 0.8317 3.3327 0.0000 0.0000 0.0000 1.5000 4-4cyli.dat
1 0 -278.6385 1.3636 10.0000 1.1111 -2.6903 0.0000 1.0077 2.9664 0.0000 0.0000 0.0000 1.5000 4-4cyli.dat
1 0 -275.9355 0.0037 10.0000 0.7421 -3.4802 0.0000 1.3036 1.9813 0.0000 0.0000 0.0000 1.5000 4-4cyli.dat
1 0 -272.8866 -0.0335 9.9953 0.1236 -3.9911 0.0020 1.4949 0.3301 -0.0001 -0.0001 0.0053 1.5000 4-4cyli.dat
1 0 57.5966 -0.1181 4.9321 0.0006 -331.4769 0.0229 1.5000 0.1261 0.0000 0.0000 5.0714 1.4998 4-4cyli.dat
1 0 66.6199 -0.3755 4.8003 0.0406 -10.0093 0.0220 1.4995 0.2710 0.0002 -0.0008 0.1466 1.4998 4-4cyli.dat
1 0 75.6366 -0.7669 4.5718 0.0637 -10.0019 0.0372 1.4986 0.4257 0.0013 -0.0029 0.2479 1.4995 4-4cyli.dat
1 0 84.6427 -1.2949 4.2285 0.0863 -9.9904 0.0563 1.4975 0.5774 0.0041 -0.0074 0.3739 1.4989 4-4cyli.dat
1 0 93.6345 -1.9350 3.7352 0.1046 -9.9748 0.0815 1.4963 0.7031 0.0099 -0.0155 0.5382 1.4978 4-4cyli.dat
1 0 99.6219 -2.3867 3.2878 0.1104 -6.9712 0.1108 1.4957 0.5233 0.0179 -0.0261 0.5099 1.4958 4-4cyli.dat
1 0 102.6138 -2.5944 3.0127 0.1020 -3.9791 0.1351 1.4961 0.2794 0.0245 -0.0338 0.3554 1.4937 4-4cyli.dat
1 0 105.6017 -2.7655 2.6967 0.0844 -3.9766 0.1561 1.4971 0.2350 0.0306 -0.0395 0.4113 1.4915 4-4cyli.dat
1 0 108.5862 -2.8539 2.3193 0.0449 -3.9724 0.1847 1.4986 0.1344 0.0414 -0.0473 0.4893 1.4880 4-4cyli.dat
1 0 111.5575 -2.7512 1.8488 -0.0462 -3.9572 0.2256 1.4981 -0.0982 0.0649 -0.0586 0.6068 1.4815 4-4cyli.dat
1 0 114.4240 -2.0836 1.2026 -0.3134 -3.8409 0.2865 1.4648 -0.7774 0.1402 -0.0788 0.8252 1.4657 4-4cyli.dat
1 0 115.7254 0.5921 0.3681 -1.2711 -2.0834 0.1595 0.7933 -3.2397 0.3849 -0.0712 1.0959 1.4410 4-4cyli.dat
1 0 114.4813 3.4733 0.1066 -1.4435 1.0793 -0.0534 -0.4077 -3.8266 0.1714 -0.0048 0.4792 1.4892 4-4cyli.dat
1 0 113.0696 6.1374 0.0098 -1.3459 1.7665 -0.0295 -0.6623 -3.5896 0.0602 0.0001 0.1791 1.4985 4-4cyli.dat
1 0 111.6686 8.5936 -0.0083 -1.3097 1.9522 -0.0088 -0.7313 -3.4963 0.0159 0.0001 0.0486 1.4999 4-4cyli.dat
