0 FILE xt0021.dat
0 xt0021
0 Name:  Untitled_7
0 Author:  
0 BL_Item_No xt0021.dat
0 BFC CERTIFY CCW
1 71 0.0000 0.0000 0.0000 1.0000 0.0000 0.0000 0.0000 1.0000 0.0000 0.0000 0.0000 1.0000 58120.dat
1 72 -111.0000 53.0000 -92.0000 1.0000 0.0000 0.0000 0.0000 1.0000 0.0000 0.0000 0.0000 1.0000 58124c01.dat
2 24 -0.010 -24.660 121.564 0.001 -21.934 118.626
2 24 -0.010 -26.475 119.881 0.001 -23.749 116.943
2 24 -2.485 -24.655 121.559 -2.474 -21.930 118.621
2 24 -2.485 -26.470 119.876 -2.474 -23.744 116.938
2 24 2.465 -24.665 121.569 2.476 -21.939 118.631
2 24 2.465 -26.479 119.886 2.476 -23.754 116.948
1 0 3.7018 -25.5739 120.7302 -1.2374 0.0110 1.2374 -0.9048 2.7256 -0.9095 -0.8440 -2.9381 -0.8391 3-4cyli.dat
1 0 1.2268 -25.5693 120.7252 -1.2374 0.0110 1.2374 -0.9048 2.7256 -0.9095 -0.8440 -2.9381 -0.8391 1-4cyli.dat
1 0 1.2268 -25.5693 120.7252 1.2374 0.0110 -1.2374 0.9048 2.7256 0.9095 0.8440 -2.9381 0.8391 1-4cyli.dat
1 0 -1.2472 -25.5647 120.7202 -1.2374 0.0110 1.2374 -0.9048 2.7256 -0.9095 -0.8440 -2.9381 -0.8391 1-4cyli.dat
1 0 -1.2472 -25.5647 120.7202 1.2374 0.0110 -1.2374 0.9048 2.7256 0.9095 0.8440 -2.9381 0.8391 1-4cyli.dat
1 0 -3.7222 -25.5600 120.7153 1.2374 0.0110 -1.2374 0.9048 2.7256 0.9095 0.8440 -2.9381 0.8391 3-4cyli.dat
2 24 -0.040 -26.713 124.177 -0.007 -24.213 121.045
2 24 -0.040 -28.648 122.634 -0.007 -26.148 119.501
2 24 -2.515 -26.701 124.162 -2.482 -24.201 121.029
2 24 -2.515 -28.635 122.618 -2.482 -26.135 119.485
2 24 2.435 -26.726 124.193 2.468 -24.226 121.061
2 24 2.435 -28.660 122.649 2.468 -26.161 119.517
1 0 3.6720 -27.6992 123.4296 -1.2374 0.0329 1.2373 -0.9608 2.4998 -0.9735 -0.7798 -3.1323 -0.7639 3-4cyli.dat
1 0 1.1971 -27.6864 123.4137 -1.2374 0.0329 1.2373 -0.9608 2.4998 -0.9735 -0.7798 -3.1323 -0.7639 1-4cyli.dat
1 0 1.1971 -27.6864 123.4137 1.2374 0.0329 -1.2373 0.9608 2.4998 0.9735 0.7798 -3.1323 0.7639 1-4cyli.dat
1 0 -1.2768 -27.6737 123.3979 -1.2374 0.0329 1.2373 -0.9608 2.4998 -0.9735 -0.7798 -3.1323 -0.7639 1-4cyli.dat
1 0 -1.2768 -27.6737 123.3979 1.2374 0.0329 -1.2373 0.9608 2.4998 0.9735 0.7798 -3.1323 0.7639 1-4cyli.dat
1 0 -3.7517 -27.6610 123.3821 1.2374 0.0329 -1.2373 0.9608 2.4998 0.9735 0.7798 -3.1323 0.7639 3-4cyli.dat
2 24 -0.094 -28.289 126.762 -0.028 -26.157 123.370
2 24 -0.094 -30.385 125.445 -0.029 -28.253 122.053
2 24 -2.569 -28.268 126.728 -2.503 -26.135 123.336
2 24 -2.569 -30.363 125.411 -2.503 -28.231 122.018
2 24 2.381 -28.311 126.797 2.446 -26.179 123.404
2 24 2.380 -30.407 125.480 2.446 -28.274 122.087
1 0 3.6173 -29.3695 126.1554 -1.2374 0.0658 1.2371 -1.0367 2.1324 -1.0586 -0.6756 -3.3927 -0.6414 3-4cyli.dat
1 0 1.1426 -29.3477 126.1212 -1.2374 0.0658 1.2371 -1.0367 2.1324 -1.0586 -0.6756 -3.3927 -0.6414 1-4cyli.dat
1 0 1.1426 -29.3477 126.1212 1.2374 0.0658 -1.2371 1.0367 2.1324 1.0586 0.6756 -3.3927 0.6414 1-4cyli.dat
1 0 -1.3310 -29.3258 126.0870 -1.2374 0.0658 1.2371 -1.0367 2.1324 -1.0586 -0.6756 -3.3927 -0.6414 1-4cyli.dat
1 0 -1.3310 -29.3258 126.0870 1.2374 0.0658 -1.2371 1.0367 2.1324 1.0586 0.6756 -3.3927 0.6414 1-4cyli.dat
1 0 -3.8057 -29.3040 126.0528 1.2374 0.0658 -1.2371 1.0367 2.1324 1.0586 0.6756 -3.3927 0.6414 3-4cyli.dat
2 24 -0.183 -29.423 129.531 -0.077 -27.794 125.871
2 24 -0.184 -31.684 128.525 -0.078 -30.055 124.865
2 24 -2.657 -29.396 129.471 -2.551 -27.767 125.811
2 24 -2.658 -31.657 128.465 -2.552 -30.028 124.805
2 24 2.291 -29.451 129.591 2.397 -27.822 125.931
2 24 2.290 -31.712 128.585 2.396 -30.083 124.924
1 0 3.5270 -30.5946 129.1178 -1.2373 0.1065 1.2366 -1.1168 1.6291 -1.1442 -0.5331 -3.6601 -0.4733 3-4cyli.dat
1 0 1.0528 -30.5671 129.0580 -1.2373 0.1065 1.2366 -1.1168 1.6291 -1.1442 -0.5331 -3.6601 -0.4733 1-4cyli.dat
1 0 1.0528 -30.5671 129.0580 1.2373 0.1065 -1.2366 1.1168 1.6291 1.1442 0.5331 -3.6601 0.4733 1-4cyli.dat
1 0 -1.4203 -30.5397 128.9983 -1.2373 0.1065 1.2366 -1.1168 1.6291 -1.1442 -0.5331 -3.6601 -0.4733 1-4cyli.dat
1 0 -1.4203 -30.5397 128.9983 1.2373 0.1065 -1.2366 1.1168 1.6291 1.1442 0.5331 -3.6601 0.4733 1-4cyli.dat
1 0 -3.8944 -30.5123 128.9385 1.2373 0.1065 -1.2366 1.1168 1.6291 1.1442 0.5331 -3.6601 0.4733 3-4cyli.dat
2 24 -0.313 -29.971 132.396 -0.153 -29.105 128.486
2 24 -0.315 -32.387 131.860 -0.155 -31.522 127.951
2 24 -2.786 -29.948 132.299 -2.626 -29.082 128.389
2 24 -2.788 -32.364 131.764 -2.628 -31.499 127.854
2 24 2.160 -29.994 132.492 2.320 -29.128 128.582
2 24 2.158 -32.411 131.957 2.318 -31.545 128.047
1 0 3.3948 -31.2134 132.2726 -1.2372 0.1604 1.2356 -1.1966 0.8659 -1.2197 -0.3158 -3.9097 -0.2194 3-4cyli.dat
1 0 0.9218 -31.1903 132.1762 -1.2372 0.1604 1.2356 -1.1966 0.8659 -1.2197 -0.3158 -3.9097 -0.2194 1-4cyli.dat
1 0 0.9218 -31.1903 132.1762 1.2372 0.1604 -1.2356 1.1966 0.8659 1.2197 0.3158 -3.9097 0.2194 1-4cyli.dat
1 0 -1.5502 -31.1672 132.0798 -1.2372 0.1604 1.2356 -1.1966 0.8659 -1.2197 -0.3158 -3.9097 -0.2194 1-4cyli.dat
1 0 -1.5502 -31.1672 132.0798 1.2372 0.1604 -1.2356 1.1966 0.8659 1.2197 0.3158 -3.9097 0.2194 1-4cyli.dat
1 0 -4.0232 -31.1442 131.9835 1.2372 0.1604 -1.2356 1.1966 0.8659 1.2197 0.3158 -3.9097 0.2194 3-4cyli.dat
2 24 -0.501 -29.548 135.184 -0.273 -29.850 131.194
2 24 -0.504 -32.016 135.371 -0.276 -32.317 131.381
2 24 -2.972 -29.555 135.044 -2.744 -29.857 131.054
2 24 -2.975 -32.023 135.230 -2.747 -32.325 131.240
2 24 1.970 -29.541 135.325 2.198 -29.842 131.335
2 24 1.967 -32.009 135.511 2.195 -32.310 131.521
1 0 3.2033 -30.7704 135.4881 -1.2371 0.2279 1.2337 -1.2375 -0.3017 -1.2302 0.0229 -3.9898 0.1635 3-4cyli.dat
1 0 0.7323 -30.7777 135.3475 -1.2371 0.2279 1.2337 -1.2375 -0.3017 -1.2302 0.0229 -3.9898 0.1635 1-4cyli.dat
1 0 0.7323 -30.7777 135.3475 1.2371 0.2279 -1.2337 1.2375 -0.3017 1.2302 -0.0229 -3.9898 -0.1635 1-4cyli.dat
1 0 -1.7377 -30.7850 135.2070 -1.2371 0.2279 1.2337 -1.2375 -0.3017 -1.2302 0.0229 -3.9898 0.1635 1-4cyli.dat
1 0 -1.7377 -30.7850 135.2070 1.2371 0.2279 -1.2337 1.2375 -0.3017 1.2302 -0.0229 -3.9898 -0.1635 1-4cyli.dat
1 0 -4.2087 -30.7923 135.0664 1.2371 0.2279 -1.2337 1.2375 -0.3017 1.2302 -0.0229 -3.9898 -0.1635 3-4cyli.dat
2 24 -0.745 -28.138 137.812 -0.461 -29.808 134.180
2 24 -0.750 -30.387 138.846 -0.466 -32.056 135.213
2 24 -3.214 -28.206 137.650 -2.930 -29.876 134.018
2 24 -3.219 -30.455 138.684 -2.935 -32.125 135.052
2 24 1.723 -28.069 137.974 2.008 -29.739 134.341
2 24 1.718 -30.318 139.007 2.003 -31.988 135.375
1 0 2.9548 -29.1586 138.5708 -1.2368 0.2841 1.2318 -1.1587 -1.6699 -1.0900 0.4359 -3.6321 0.5975 3-4cyli.dat
1 0 0.4861 -29.2273 138.4092 -1.2368 0.2841 1.2318 -1.1587 -1.6699 -1.0900 0.4359 -3.6321 0.5975 1-4cyli.dat
1 0 0.4861 -29.2273 138.4092 1.2368 0.2841 -1.2318 1.1587 -1.6699 1.0900 -0.4359 -3.6321 -0.5975 1-4cyli.dat
1 0 -1.9817 -29.2960 138.2477 -1.2368 0.2841 1.2318 -1.1587 -1.6699 -1.0900 0.4359 -3.6321 0.5975 1-4cyli.dat
1 0 -1.9817 -29.2960 138.2477 1.2368 0.2841 -1.2318 1.1587 -1.6699 1.0900 -0.4359 -3.6321 -0.5975 1-4cyli.dat
1 0 -4.4505 -29.3647 138.0862 1.2368 0.2841 -1.2318 1.1587 -1.6699 1.0900 -0.4359 -3.6321 -0.5975 3-4cyli.dat
2 24 -0.987 -26.138 139.743 -0.681 -28.853 136.810
2 24 -0.993 -27.955 141.424 -0.687 -30.669 138.491
2 24 -3.455 -26.262 139.600 -3.149 -28.977 136.668
2 24 -3.461 -28.079 141.281 -3.155 -30.793 138.349
2 24 1.481 -26.014 139.885 1.786 -28.729 136.953
2 24 1.475 -27.831 141.566 1.781 -30.545 138.633
1 0 2.7111 -26.8602 140.7964 -1.2366 0.3057 1.2309 -0.9703 -2.7144 -0.8462 0.7692 -2.9326 0.9116 3-4cyli.dat
1 0 0.2434 -26.9843 140.6539 -1.2366 0.3057 1.2309 -0.9703 -2.7144 -0.8462 0.7692 -2.9326 0.9116 1-4cyli.dat
1 0 0.2434 -26.9843 140.6539 1.2366 0.3057 -1.2309 0.9703 -2.7144 0.8462 -0.7692 -2.9326 -0.9116 1-4cyli.dat
1 0 -2.2234 -27.1083 140.5116 -1.2366 0.3057 1.2309 -0.9703 -2.7144 -0.8462 0.7692 -2.9326 0.9116 1-4cyli.dat
1 0 -2.2234 -27.1083 140.5116 1.2366 0.3057 -1.2309 0.9703 -2.7144 0.8462 -0.7692 -2.9326 -0.9116 1-4cyli.dat
1 0 -4.6912 -27.2323 140.3691 1.2366 0.3057 -1.2309 0.9703 -2.7144 0.8462 -0.7692 -2.9326 -0.9116 3-4cyli.dat
2 24 -1.227 -23.680 141.290 -0.923 -26.953 138.997
2 24 -1.232 -25.100 143.317 -0.928 -28.373 141.024
2 24 -3.695 -23.830 141.178 -3.391 -27.103 138.885
2 24 -3.700 -25.251 143.204 -3.396 -28.524 140.911
2 24 1.241 -23.529 141.402 1.545 -26.802 139.109
2 24 1.235 -24.949 143.429 1.540 -28.222 141.136
1 0 2.4716 -24.1635 142.4712 -1.2366 0.3043 1.2311 -0.7855 -3.2728 -0.6348 0.9572 -2.2929 1.0695 3-4cyli.dat
1 0 0.0037 -24.3143 142.3589 -1.2366 0.3043 1.2311 -0.7855 -3.2728 -0.6348 0.9572 -2.2929 1.0695 1-4cyli.dat
1 0 0.0037 -24.3143 142.3589 1.2366 0.3043 -1.2311 0.7855 -3.2728 0.6348 -0.9572 -2.2929 -1.0695 1-4cyli.dat
1 0 -2.4632 -24.4650 142.2466 -1.2366 0.3043 1.2311 -0.7855 -3.2728 -0.6348 0.9572 -2.2929 1.0695 1-4cyli.dat
1 0 -2.4632 -24.4650 142.2466 1.2366 0.3043 -1.2311 0.7855 -3.2728 0.6348 -0.9572 -2.2929 -1.0695 1-4cyli.dat
1 0 -4.9310 -24.6157 142.1343 1.2366 0.3043 -1.2311 0.7855 -3.2728 0.6348 -0.9572 -2.2929 -1.0695 3-4cyli.dat
2 24 -1.458 -20.984 142.482 -1.164 -24.601 140.780
2 24 -1.463 -22.038 144.721 -1.169 -25.655 143.019
2 24 -3.927 -21.147 142.400 -3.633 -24.763 140.698
2 24 -3.932 -22.200 144.639 -3.638 -25.817 142.938
2 24 1.010 -20.822 142.563 1.304 -24.439 140.862
2 24 1.005 -21.876 144.803 1.299 -25.493 143.101
1 0 2.2411 -21.2677 143.7234 -1.2365 0.2940 1.2316 -0.6080 -3.6166 -0.4458 1.0787 -1.7015 1.1605 3-4cyli.dat
1 0 -0.2272 -21.4300 143.6416 -1.2365 0.2940 1.2316 -0.6080 -3.6166 -0.4458 1.0787 -1.7015 1.1605 1-4cyli.dat
1 0 -0.2272 -21.4300 143.6416 1.2365 0.2940 -1.2316 0.6080 -3.6166 0.4458 -1.0787 -1.7015 -1.1605 1-4cyli.dat
1 0 -2.6946 -21.5921 143.5600 -1.2365 0.2940 1.2316 -0.6080 -3.6166 -0.4458 1.0787 -1.7015 1.1605 1-4cyli.dat
1 0 -2.6946 -21.5921 143.5600 1.2365 0.2940 -1.2316 0.6080 -3.6166 0.4458 -1.0787 -1.7015 -1.1605 1-4cyli.dat
1 0 -5.1629 -21.7543 143.4782 1.2365 0.2940 -1.2316 0.6080 -3.6166 0.4458 -1.0787 -1.7015 -1.1605 3-4cyli.dat
2 24 -1.681 -18.102 143.384 -1.398 -21.888 142.102
2 24 -1.685 -18.896 145.728 -1.402 -22.683 144.446
2 24 -4.150 -18.266 143.324 -3.866 -22.053 142.042
2 24 -4.154 -19.060 145.668 -3.871 -22.847 144.386
2 24 0.788 -17.938 143.445 1.071 -21.724 142.162
2 24 0.784 -18.732 145.789 1.067 -22.518 144.506
1 0 2.0197 -18.2526 144.6461 -1.2365 0.2832 1.2322 -0.4792 -3.7864 -0.3150 1.1419 -1.2824 1.2020 3-4cyli.dat
1 0 -0.4491 -18.4168 144.5860 -1.2365 0.2832 1.2322 -0.4792 -3.7864 -0.3150 1.1419 -1.2824 1.2020 1-4cyli.dat
1 0 -0.4491 -18.4168 144.5860 1.2365 0.2832 -1.2322 0.4792 -3.7864 0.3150 -1.1419 -1.2824 -1.2020 1-4cyli.dat
1 0 -2.9169 -18.5810 144.5258 -1.2365 0.2832 1.2322 -0.4792 -3.7864 -0.3150 1.1419 -1.2824 1.2020 1-4cyli.dat
1 0 -2.9169 -18.5810 144.5258 1.2365 0.2832 -1.2322 0.4792 -3.7864 0.3150 -1.1419 -1.2824 -1.2020 1-4cyli.dat
1 0 -5.3857 -18.7453 144.4656 1.2365 0.2832 -1.2322 0.4792 -3.7864 0.3150 -1.1419 -1.2824 -1.2020 3-4cyli.dat
2 24 -1.912 -14.893 144.094 -1.640 -18.788 143.189
2 24 -1.915 -15.454 146.505 -1.644 -19.348 145.600
2 24 -4.381 -15.055 144.053 -4.109 -18.950 143.148
2 24 -4.384 -15.616 146.464 -4.113 -19.511 145.558
2 24 0.558 -14.730 144.136 0.829 -18.625 143.231
2 24 0.554 -15.291 146.547 0.826 -19.186 145.641
1 0 1.7901 -14.9295 145.3616 -1.2364 0.2714 1.2327 -0.3615 -3.8946 -0.1991 1.1845 -0.9054 1.2260 3-4cyli.dat
1 0 -0.6792 -15.0920 145.3200 -1.2364 0.2714 1.2327 -0.3615 -3.8946 -0.1991 1.1845 -0.9054 1.2260 1-4cyli.dat
1 0 -0.6792 -15.0920 145.3200 1.2364 0.2714 -1.2327 0.3615 -3.8946 0.1991 -1.1845 -0.9054 -1.2260 1-4cyli.dat
1 0 -3.1475 -15.2544 145.2785 -1.2364 0.2714 1.2327 -0.3615 -3.8946 -0.1991 1.1845 -0.9054 1.2260 1-4cyli.dat
1 0 -3.1475 -15.2544 145.2785 1.2364 0.2714 -1.2327 0.3615 -3.8946 0.1991 -1.1845 -0.9054 -1.2260 1-4cyli.dat
1 0 -5.6168 -15.4168 145.2370 1.2364 0.2714 -1.2327 0.3615 -3.8946 0.1991 -1.1845 -0.9054 -1.2260 3-4cyli.dat
2 24 -2.117 -11.861 144.528 -1.856 -15.815 143.928
2 24 -2.120 -12.232 146.975 -1.859 -16.186 146.374
2 24 -4.587 -12.020 144.500 -4.326 -15.973 143.900
2 24 -4.590 -12.391 146.947 -4.329 -16.345 146.347
2 24 0.353 -11.702 144.555 0.614 -15.656 143.955
2 24 0.350 -12.074 147.002 0.611 -16.028 146.402
1 0 1.5856 -11.8084 145.7913 -1.2363 0.2608 1.2333 -0.2652 -3.9539 -0.1064 1.2098 -0.6001 1.2370 3-4cyli.dat
1 0 -0.8841 -11.9672 145.7641 -1.2363 0.2608 1.2333 -0.2652 -3.9539 -0.1064 1.2098 -0.6001 1.2370 1-4cyli.dat
1 0 -0.8841 -11.9672 145.7641 1.2363 0.2608 -1.2333 0.2652 -3.9539 0.1064 -1.2098 -0.6001 -1.2370 1-4cyli.dat
1 0 -3.3529 -12.1259 145.7370 -1.2363 0.2608 1.2333 -0.2652 -3.9539 -0.1064 1.2098 -0.6001 1.2370 1-4cyli.dat
1 0 -3.3529 -12.1259 145.7370 1.2363 0.2608 -1.2333 0.2652 -3.9539 0.1064 -1.2098 -0.6001 -1.2370 1-4cyli.dat
1 0 -5.8226 -12.2847 145.7098 1.2363 0.2608 -1.2333 0.2652 -3.9539 0.1064 -1.2098 -0.6001 -1.2370 3-4cyli.dat
2 24 -2.315 -8.785 144.770 -2.063 -12.769 144.410
2 24 -2.317 -9.008 147.235 -2.066 -12.992 146.875
2 24 -4.785 -8.940 144.754 -4.533 -12.924 144.394
2 24 -4.787 -9.163 147.219 -4.536 -13.147 146.859
2 24 0.155 -8.631 144.787 0.407 -12.614 144.427
2 24 0.153 -8.854 147.252 0.405 -12.837 146.892
1 0 1.3885 -8.6649 146.0271 -1.2362 0.2518 1.2337 -0.1889 -3.9835 -0.0342 1.2241 -0.3603 1.2406 3-4cyli.dat
1 0 -1.0816 -8.8196 146.0106 -1.2362 0.2518 1.2337 -0.1889 -3.9835 -0.0342 1.2241 -0.3603 1.2406 1-4cyli.dat
1 0 -1.0816 -8.8196 146.0106 1.2362 0.2518 -1.2337 0.1889 -3.9835 0.0342 -1.2241 -0.3603 -1.2406 1-4cyli.dat
1 0 -3.5507 -8.9742 145.9942 -1.2362 0.2518 1.2337 -0.1889 -3.9835 -0.0342 1.2241 -0.3603 1.2406 1-4cyli.dat
1 0 -3.5507 -8.9742 145.9942 1.2362 0.2518 -1.2337 0.1889 -3.9835 0.0342 -1.2241 -0.3603 -1.2406 1-4cyli.dat
1 0 -6.0208 -9.1289 145.9777 1.2362 0.2518 -1.2337 0.1889 -3.9835 0.0342 -1.2241 -0.3603 -1.2406 3-4cyli.dat
2 24 -2.507 -5.694 144.865 -2.263 -9.692 144.720
2 24 -2.509 -5.784 147.339 -2.265 -9.782 147.193
2 24 -4.977 -5.844 144.858 -4.734 -9.842 144.712
2 24 -4.979 -5.934 147.331 -4.736 -9.932 147.186
2 24 -0.036 -5.544 144.873 0.207 -9.541 144.727
2 24 -0.038 -5.634 147.346 0.205 -9.632 147.200
1 0 1.1975 -5.5138 146.1124 -1.2360 0.2434 1.2342 -0.1202 -3.9976 0.0300 1.2329 -0.1456 1.2402 3-4cyli.dat
1 0 -1.2730 -5.6640 146.1051 -1.2360 0.2434 1.2342 -0.1202 -3.9976 0.0300 1.2329 -0.1456 1.2402 1-4cyli.dat
1 0 -1.2730 -5.6640 146.1051 1.2360 0.2434 -1.2342 0.1202 -3.9976 -0.0300 -1.2329 -0.1456 -1.2402 1-4cyli.dat
1 0 -3.7424 -5.8141 146.0979 -1.2360 0.2434 1.2342 -0.1202 -3.9976 0.0300 1.2329 -0.1456 1.2402 1-4cyli.dat
1 0 -3.7424 -5.8141 146.0979 1.2360 0.2434 -1.2342 0.1202 -3.9976 -0.0300 -1.2329 -0.1456 -1.2402 1-4cyli.dat
1 0 -6.2128 -5.9642 146.0906 1.2360 0.2434 -1.2342 0.1202 -3.9976 -0.0300 -1.2329 -0.1456 -1.2402 3-4cyli.dat
2 24 -2.692 -2.597 144.792 -2.457 -6.597 144.849
2 24 -2.693 -2.562 147.267 -2.458 -6.562 147.324
2 24 -5.162 -2.742 144.793 -4.927 -6.743 144.850
2 24 -5.163 -2.707 147.268 -4.928 -6.707 147.325
2 24 -0.221 -2.452 144.791 0.014 -6.452 144.848
2 24 -0.222 -2.417 147.266 0.013 -6.417 147.323
1 0 1.0134 -2.3617 146.0271 -1.2358 0.2351 1.2348 -0.0549 -4.0004 0.0902 1.2378 0.0572 1.2368 3-4cyli.dat
1 0 -1.4574 -2.5069 146.0282 -1.2358 0.2351 1.2348 -0.0549 -4.0004 0.0902 1.2378 0.0572 1.2368 1-4cyli.dat
1 0 -1.4574 -2.5069 146.0282 1.2358 0.2351 -1.2348 0.0549 -4.0004 -0.0902 -1.2378 0.0572 -1.2368 1-4cyli.dat
1 0 -3.9271 -2.6520 146.0292 -1.2358 0.2351 1.2348 -0.0549 -4.0004 0.0902 1.2378 0.0572 1.2368 1-4cyli.dat
1 0 -3.9271 -2.6520 146.0292 1.2358 0.2351 -1.2348 0.0549 -4.0004 -0.0902 -1.2378 0.0572 -1.2368 1-4cyli.dat
1 0 -6.3978 -2.7972 146.0303 1.2358 0.2351 -1.2348 0.0549 -4.0004 -0.0902 -1.2378 0.0572 -1.2368 3-4cyli.dat
2 24 -2.871 0.500 144.592 -2.644 -3.494 144.831
2 24 -2.871 0.648 147.062 -2.644 -3.346 147.301
2 24 -5.342 0.360 144.600 -5.115 -3.634 144.839
2 24 -5.342 0.508 147.071 -5.115 -3.486 147.310
2 24 -0.400 0.641 144.584 -0.173 -3.353 144.822
2 24 -0.400 0.788 147.054 -0.173 -3.206 147.293
1 0 0.8347 0.7846 145.8142 -1.2355 0.2275 1.2353 0.0038 -3.9941 0.1440 1.2393 0.2389 1.2311 3-4cyli.dat
1 0 -1.6363 0.6444 145.8224 -1.2355 0.2275 1.2353 0.0038 -3.9941 0.1440 1.2393 0.2389 1.2311 1-4cyli.dat
1 0 -1.6363 0.6444 145.8224 1.2355 0.2275 -1.2353 -0.0038 -3.9941 -0.1440 -1.2393 0.2389 -1.2311 1-4cyli.dat
1 0 -4.1063 0.5042 145.8307 -1.2355 0.2275 1.2353 0.0038 -3.9941 0.1440 1.2393 0.2389 1.2311 1-4cyli.dat
1 0 -4.1063 0.5042 145.8307 1.2355 0.2275 -1.2353 -0.0038 -3.9941 -0.1440 -1.2393 0.2389 -1.2311 1-4cyli.dat
1 0 -6.5773 0.3640 145.8389 1.2355 0.2275 -1.2353 -0.0038 -3.9941 -0.1440 -1.2393 0.2389 -1.2311 3-4cyli.dat
2 24 -3.044 3.589 144.248 -2.824 -0.392 144.659
2 24 -3.044 3.843 146.709 -2.824 -0.137 147.121
2 24 -5.516 3.454 144.262 -5.296 -0.527 144.674
2 24 -5.515 3.708 146.724 -5.295 -0.272 147.136
2 24 -0.573 3.724 144.233 -0.353 -0.257 144.644
2 24 -0.572 3.978 146.695 -0.352 -0.002 147.106
1 0 0.6624 3.9184 145.4556 -1.2351 0.2200 1.2360 0.0598 -3.9804 0.1948 1.2383 0.4117 1.2234 3-4cyli.dat
1 0 -1.8089 3.7834 145.4705 -1.2351 0.2200 1.2360 0.0598 -3.9804 0.1948 1.2383 0.4117 1.2234 1-4cyli.dat
1 0 -1.8089 3.7834 145.4705 1.2351 0.2200 -1.2360 -0.0598 -3.9804 -0.1948 -1.2383 0.4117 -1.2234 1-4cyli.dat
1 0 -4.2791 3.6484 145.4854 -1.2351 0.2200 1.2360 0.0598 -3.9804 0.1948 1.2383 0.4117 1.2234 1-4cyli.dat
1 0 -4.2791 3.6484 145.4854 1.2351 0.2200 -1.2360 -0.0598 -3.9804 -0.1948 -1.2383 0.4117 -1.2234 1-4cyli.dat
1 0 -6.7504 3.5134 145.5002 1.2351 0.2200 -1.2360 -0.0598 -3.9804 -0.1948 -1.2383 0.4117 -1.2234 3-4cyli.dat
2 24 -3.225 6.907 143.742 -3.013 2.948 144.328
2 24 -3.223 7.269 146.190 -3.011 3.310 146.776
2 24 -5.697 6.777 143.763 -5.485 2.818 144.349
2 24 -5.695 7.140 146.212 -5.483 3.181 146.798
2 24 -0.754 7.036 143.721 -0.542 3.077 144.307
2 24 -0.752 7.398 146.169 -0.540 3.439 146.755
1 0 0.4825 7.2818 144.9340 -1.2347 0.2123 1.2367 0.1165 -3.9589 0.2459 1.2347 0.5859 1.2135 3-4cyli.dat
1 0 -1.9890 7.1524 144.9552 -1.2347 0.2123 1.2367 0.1165 -3.9589 0.2459 1.2347 0.5859 1.2135 1-4cyli.dat
1 0 -1.9890 7.1524 144.9552 1.2347 0.2123 -1.2367 -0.1165 -3.9589 -0.2459 -1.2347 0.5859 -1.2135 1-4cyli.dat
1 0 -4.4596 7.0231 144.9764 -1.2347 0.2123 1.2367 0.1165 -3.9589 0.2459 1.2347 0.5859 1.2135 1-4cyli.dat
1 0 -4.4596 7.0231 144.9764 1.2347 0.2123 -1.2367 -0.1165 -3.9589 -0.2459 -1.2347 0.5859 -1.2135 1-4cyli.dat
1 0 -6.9311 6.8937 144.9976 1.2347 0.2123 -1.2367 -0.1165 -3.9589 -0.2459 -1.2347 0.5859 -1.2135 3-4cyli.dat
2 24 -3.387 9.960 143.148 -3.182 6.028 143.896
2 24 -3.384 10.423 145.579 -3.179 6.491 146.327
2 24 -5.859 9.836 143.174 -5.654 5.904 143.922
2 24 -5.856 10.299 145.606 -5.651 6.367 146.354
2 24 -0.915 10.084 143.121 -0.710 6.152 143.869
2 24 -0.912 10.546 145.553 -0.707 6.614 146.301
1 0 0.3216 10.3766 144.3232 -1.2343 0.2049 1.2373 0.1695 -3.9319 0.2932 1.2289 0.7481 1.2023 3-4cyli.dat
1 0 -2.1502 10.2529 144.3497 -1.2343 0.2049 1.2373 0.1695 -3.9319 0.2932 1.2289 0.7481 1.2023 1-4cyli.dat
1 0 -2.1502 10.2529 144.3497 1.2343 0.2049 -1.2373 -0.1695 -3.9319 -0.2932 -1.2289 0.7481 -1.2023 1-4cyli.dat
1 0 -4.6209 10.1292 144.3763 -1.2343 0.2049 1.2373 0.1695 -3.9319 0.2932 1.2289 0.7481 1.2023 1-4cyli.dat
1 0 -4.6209 10.1292 144.3763 1.2343 0.2049 -1.2373 -0.1695 -3.9319 -0.2932 -1.2289 0.7481 -1.2023 1-4cyli.dat
1 0 -7.0927 10.0055 144.4028 1.2343 0.2049 -1.2373 -0.1695 -3.9319 -0.2932 -1.2289 0.7481 -1.2023 3-4cyli.dat
2 24 -3.543 12.992 142.431 -3.345 9.090 143.325
2 24 -3.539 13.545 144.844 -3.341 9.643 145.738
2 24 -6.015 12.874 142.462 -5.817 8.972 143.356
2 24 -6.011 13.427 144.874 -5.813 9.525 145.768
2 24 -1.071 13.110 142.401 -0.873 9.209 143.295
2 24 -1.067 13.663 144.813 -0.869 9.762 145.707
1 0 0.1664 13.4460 143.5908 -1.2342 0.1981 1.2376 0.2173 -3.9016 0.3357 1.2215 0.8942 1.1908 3-4cyli.dat
1 0 -2.3056 13.3276 143.6215 -1.2342 0.1981 1.2376 0.2173 -3.9016 0.3357 1.2215 0.8942 1.1908 1-4cyli.dat
1 0 -2.3056 13.3276 143.6215 1.2342 0.1981 -1.2376 -0.2173 -3.9016 -0.3357 -1.2215 0.8942 -1.1908 1-4cyli.dat
1 0 -4.7765 13.2092 143.6522 -1.2342 0.1981 1.2376 0.2173 -3.9016 0.3357 1.2215 0.8942 1.1908 1-4cyli.dat
1 0 -4.7765 13.2092 143.6522 1.2342 0.1981 -1.2376 -0.2173 -3.9016 -0.3357 -1.2215 0.8942 -1.1908 1-4cyli.dat
1 0 -7.2485 13.0907 143.6829 1.2342 0.1981 -1.2376 -0.2173 -3.9016 -0.3357 -1.2215 0.8942 -1.1908 3-4cyli.dat
2 24 -3.692 15.988 141.596 -3.502 12.127 142.654
2 24 -3.689 16.642 143.983 -3.499 12.781 145.041
2 24 -6.165 15.875 141.631 -5.974 12.014 142.689
2 24 -6.161 16.529 144.018 -5.971 12.669 145.076
2 24 -1.220 16.100 141.562 -1.030 12.239 142.620
2 24 -1.217 16.754 143.949 -1.027 12.893 145.007
1 0 0.0171 16.4832 142.7378 -1.2342 0.1902 1.2378 0.2708 -3.8609 0.3832 1.2106 1.0577 1.1762 3-4cyli.dat
1 0 -2.4551 16.3708 142.7722 -1.2342 0.1902 1.2378 0.2708 -3.8609 0.3832 1.2106 1.0577 1.1762 1-4cyli.dat
1 0 -2.4551 16.3708 142.7722 1.2342 0.1902 -1.2378 -0.2708 -3.8609 -0.3832 -1.2106 1.0577 -1.1762 1-4cyli.dat
1 0 -4.9263 16.2585 142.8067 -1.2342 0.1902 1.2378 0.2708 -3.8609 0.3832 1.2106 1.0577 1.1762 1-4cyli.dat
1 0 -4.9263 16.2585 142.8067 1.2342 0.1902 -1.2378 -0.2708 -3.8609 -0.3832 -1.2106 1.0577 -1.1762 1-4cyli.dat
1 0 -7.3985 16.1461 142.8411 1.2342 0.1902 -1.2378 -0.2708 -3.8609 -0.3832 -1.2106 1.0577 -1.1762 3-4cyli.dat
2 24 -3.835 18.946 140.630 -3.653 15.131 141.845
2 24 -3.832 19.697 142.988 -3.650 15.882 144.203
2 24 -6.308 18.840 140.668 -6.125 15.025 141.882
2 24 -6.305 19.591 143.026 -6.122 15.776 144.240
2 24 -1.363 19.052 140.593 -1.181 15.237 141.807
2 24 -1.360 19.803 142.951 -1.177 15.988 144.166
1 0 -0.1256 19.4808 141.7527 -1.2344 0.1825 1.2378 0.3223 -3.8148 0.4286 1.1978 1.2146 1.1604 3-4cyli.dat
1 0 -2.5981 19.3745 141.7901 -1.2344 0.1825 1.2378 0.3223 -3.8148 0.4286 1.1978 1.2146 1.1604 1-4cyli.dat
1 0 -2.5981 19.3745 141.7901 1.2344 0.1825 -1.2378 -0.3223 -3.8148 -0.4286 -1.1978 1.2146 -1.1604 1-4cyli.dat
1 0 -5.0695 19.2681 141.8275 -1.2344 0.1825 1.2378 0.3223 -3.8148 0.4286 1.1978 1.2146 1.1604 1-4cyli.dat
1 0 -5.0695 19.2681 141.8275 1.2344 0.1825 -1.2378 -0.3223 -3.8148 -0.4286 -1.1978 1.2146 -1.1604 1-4cyli.dat
1 0 -7.5419 19.1618 141.8649 1.2344 0.1825 -1.2378 -0.3223 -3.8148 -0.4286 -1.1978 1.2146 -1.1604 3-4cyli.dat
2 24 -3.984 22.100 139.468 -3.809 18.338 140.838
2 24 -3.980 22.947 141.794 -3.806 19.185 143.163
2 24 -6.456 22.000 139.508 -6.282 18.238 140.877
2 24 -6.453 22.847 141.834 -6.278 19.084 143.203
2 24 -1.511 22.201 139.428 -1.336 18.438 140.798
2 24 -1.508 23.047 141.754 -1.333 19.285 143.123
1 0 -0.2735 22.6739 140.5707 -1.2347 0.1746 1.2378 0.3732 -3.7624 0.4734 1.1826 1.3695 1.1428 3-4cyli.dat
1 0 -2.7462 22.5736 140.6105 -1.2347 0.1746 1.2378 0.3732 -3.7624 0.4734 1.1826 1.3695 1.1428 1-4cyli.dat
1 0 -2.7462 22.5736 140.6105 1.2347 0.1746 -1.2378 -0.3732 -3.7624 -0.4734 -1.1826 1.3695 -1.1428 1-4cyli.dat
1 0 -5.2178 22.4734 140.6503 -1.2347 0.1746 1.2378 0.3732 -3.7624 0.4734 1.1826 1.3695 1.1428 1-4cyli.dat
1 0 -5.2178 22.4734 140.6503 1.2347 0.1746 -1.2378 -0.3732 -3.7624 -0.4734 -1.1826 1.3695 -1.1428 1-4cyli.dat
1 0 -7.6905 22.3731 140.6900 1.2347 0.1746 -1.2378 -0.3732 -3.7624 -0.4734 -1.1826 1.3695 -1.1428 3-4cyli.dat
2 24 -4.114 24.969 138.268 -3.948 21.269 139.797
2 24 -4.111 25.914 140.555 -3.945 22.214 142.084
2 24 -6.587 24.876 138.310 -6.421 21.175 139.839
2 24 -6.584 25.821 140.597 -6.418 22.120 142.126
2 24 -1.641 25.063 138.226 -1.475 21.362 139.755
2 24 -1.638 26.008 140.514 -1.472 22.307 142.042
1 0 -0.4039 25.5825 139.3485 -1.2349 0.1662 1.2377 0.4256 -3.7009 0.5194 1.1645 1.5288 1.1228 3-4cyli.dat
1 0 -2.8768 25.4887 139.3903 -1.2349 0.1662 1.2377 0.4256 -3.7009 0.5194 1.1645 1.5288 1.1228 1-4cyli.dat
1 0 -2.8768 25.4887 139.3903 1.2349 0.1662 -1.2377 -0.4256 -3.7009 -0.5194 -1.1645 1.5288 -1.1228 1-4cyli.dat
1 0 -5.3486 25.3949 139.4320 -1.2349 0.1662 1.2377 0.4256 -3.7009 0.5194 1.1645 1.5288 1.1228 1-4cyli.dat
1 0 -5.3486 25.3949 139.4320 1.2349 0.1662 -1.2377 -0.4256 -3.7009 -0.5194 -1.1645 1.5288 -1.1228 1-4cyli.dat
1 0 -7.8215 25.3010 139.4738 1.2349 0.1662 -1.2377 -0.4256 -3.7009 -0.5194 -1.1645 1.5288 -1.1228 3-4cyli.dat
2 24 -4.238 27.784 136.940 -4.080 24.149 138.621
2 24 -4.235 28.823 139.187 -4.077 25.188 140.867
2 24 -6.711 27.697 136.984 -6.553 24.062 138.664
2 24 -6.708 28.736 139.230 -6.550 25.101 140.911
2 24 -1.764 27.872 136.897 -1.607 24.237 138.578
2 24 -1.762 28.911 139.144 -1.604 25.276 140.824
1 0 -0.5272 28.4348 137.9984 -1.2352 0.1580 1.2377 0.4756 -3.6349 0.5631 1.1447 1.6806 1.1016 3-4cyli.dat
1 0 -3.0003 28.3472 138.0416 -1.2352 0.1580 1.2377 0.4756 -3.6349 0.5631 1.1447 1.6806 1.1016 1-4cyli.dat
1 0 -3.0003 28.3472 138.0416 1.2352 0.1580 -1.2377 -0.4756 -3.6349 -0.5631 -1.1447 1.6806 -1.1016 1-4cyli.dat
1 0 -5.4724 28.2598 138.0848 -1.2352 0.1580 1.2377 0.4756 -3.6349 0.5631 1.1447 1.6806 1.1016 1-4cyli.dat
1 0 -5.4724 28.2598 138.0848 1.2352 0.1580 -1.2377 -0.4756 -3.6349 -0.5631 -1.1447 1.6806 -1.1016 1-4cyli.dat
1 0 -7.9454 28.1722 138.1280 1.2352 0.1580 -1.2377 -0.4756 -3.6349 -0.5631 -1.1447 1.6806 -1.1016 3-4cyli.dat
2 24 -4.354 30.529 135.490 -4.206 26.979 137.343
2 24 -4.352 31.674 137.684 -4.203 28.124 139.538
2 24 -6.827 30.449 135.535 -6.679 26.898 137.388
2 24 -6.825 31.594 137.729 -6.677 28.044 139.582
2 24 -1.880 30.609 135.446 -1.732 27.059 137.299
2 24 -1.878 31.754 137.640 -1.730 28.204 139.493
1 0 -0.6432 31.2215 136.5205 -1.2355 0.1482 1.2376 0.5325 -3.5504 0.6127 1.1191 1.8531 1.0748 3-4cyli.dat
1 0 -3.1165 31.1414 136.5648 -1.2355 0.1482 1.2376 0.5325 -3.5504 0.6127 1.1191 1.8531 1.0748 1-4cyli.dat
1 0 -3.1165 31.1414 136.5648 1.2355 0.1482 -1.2376 -0.5325 -3.5504 -0.6127 -1.1191 1.8531 -1.0748 1-4cyli.dat
1 0 -5.5888 31.0613 136.6090 -1.2355 0.1482 1.2376 0.5325 -3.5504 0.6127 1.1191 1.8531 1.0748 1-4cyli.dat
1 0 -5.5888 31.0613 136.6090 1.2355 0.1482 -1.2376 -0.5325 -3.5504 -0.6127 -1.1191 1.8531 -1.0748 1-4cyli.dat
1 0 -8.0621 30.9811 136.6533 1.2355 0.1482 -1.2376 -0.5325 -3.5504 -0.6127 -1.1191 1.8531 -1.0748 3-4cyli.dat
2 24 -4.462 33.203 133.907 -4.323 29.740 135.919
2 24 -4.460 34.447 136.047 -4.321 30.983 138.059
2 24 -6.935 33.130 133.952 -6.797 29.667 135.963
2 24 -6.934 34.373 136.092 -6.795 30.910 138.103
2 24 -1.988 33.277 133.862 -1.850 29.813 135.874
2 24 -1.987 34.520 136.002 -1.848 31.056 138.014
1 0 -0.7513 33.9346 134.9096 -1.2357 0.1388 1.2376 0.5849 -3.4635 0.6581 1.0923 2.0116 1.0477 3-4cyli.dat
1 0 -3.2248 33.8614 134.9542 -1.2357 0.1388 1.2376 0.5849 -3.4635 0.6581 1.0923 2.0116 1.0477 1-4cyli.dat
1 0 -3.2248 33.8614 134.9542 1.2357 0.1388 -1.2376 -0.5849 -3.4635 -0.6581 -1.0923 2.0116 -1.0477 1-4cyli.dat
1 0 -5.6973 33.7882 134.9989 -1.2357 0.1388 1.2376 0.5849 -3.4635 0.6581 1.0923 2.0116 1.0477 1-4cyli.dat
1 0 -5.6973 33.7882 134.9989 1.2357 0.1388 -1.2376 -0.5849 -3.4635 -0.6581 -1.0923 2.0116 -1.0477 1-4cyli.dat
1 0 -8.1708 33.7150 135.0435 1.2357 0.1388 -1.2376 -0.5849 -3.4635 -0.6581 -1.0923 2.0116 -1.0477 3-4cyli.dat
2 24 -4.562 35.796 132.204 -4.434 32.437 134.385
2 24 -4.561 37.144 134.279 -4.432 33.785 136.461
2 24 -7.036 35.731 132.248 -6.908 32.371 134.430
2 24 -7.035 37.079 134.324 -6.906 33.719 136.506
2 24 -2.089 35.862 132.159 -1.960 32.502 134.341
2 24 -2.087 37.210 134.235 -1.959 33.851 136.417
1 0 -0.8515 36.5683 133.1742 -1.2360 0.1283 1.2375 0.6413 -3.3592 0.7068 1.0599 2.1819 1.0155 3-4cyli.dat
1 0 -3.3252 36.5027 133.2187 -1.2360 0.1283 1.2375 0.6413 -3.3592 0.7068 1.0599 2.1819 1.0155 1-4cyli.dat
1 0 -3.3252 36.5027 133.2187 1.2360 0.1283 -1.2375 -0.6413 -3.3592 -0.7068 -1.0599 2.1819 -1.0155 1-4cyli.dat
1 0 -5.7979 36.4371 133.2631 -1.2360 0.1283 1.2375 0.6413 -3.3592 0.7068 1.0599 2.1819 1.0155 1-4cyli.dat
1 0 -5.7979 36.4371 133.2631 1.2360 0.1283 -1.2375 -0.6413 -3.3592 -0.7068 -1.0599 2.1819 -1.0155 1-4cyli.dat
1 0 -8.2716 36.3716 133.3076 1.2360 0.1283 -1.2375 -0.6413 -3.3592 -0.7068 -1.0599 2.1819 -1.0155 3-4cyli.dat
2 24 -4.654 38.298 130.366 -4.536 35.048 132.708
2 24 -4.652 39.745 132.373 -4.535 36.496 134.716
2 24 -7.128 38.239 130.409 -7.010 34.990 132.752
2 24 -7.126 39.687 132.417 -7.009 36.437 134.759
2 24 -2.180 38.356 130.322 -2.062 35.106 132.665
2 24 -2.179 39.803 132.330 -2.061 36.554 134.672
1 0 -0.9427 39.1085 131.3035 -1.2362 0.1178 1.2375 0.6945 -3.2495 0.7528 1.0255 2.3427 0.9819 3-4cyli.dat
1 0 -3.4167 39.0503 131.3471 -1.2362 0.1178 1.2375 0.6945 -3.2495 0.7528 1.0255 2.3427 0.9819 1-4cyli.dat
1 0 -3.4167 39.0503 131.3471 1.2362 0.1178 -1.2375 -0.6945 -3.2495 -0.7528 -1.0255 2.3427 -0.9819 1-4cyli.dat
1 0 -5.8896 38.9920 131.3907 -1.2362 0.1178 1.2375 0.6945 -3.2495 0.7528 1.0255 2.3427 0.9819 1-4cyli.dat
1 0 -5.8896 38.9920 131.3907 1.2362 0.1178 -1.2375 -0.6945 -3.2495 -0.7528 -1.0255 2.3427 -0.9819 1-4cyli.dat
1 0 -8.3635 38.9338 131.4343 1.2362 0.1178 -1.2375 -0.6945 -3.2495 -0.7528 -1.0255 2.3427 -0.9819 3-4cyli.dat
2 24 -4.743 40.885 128.245 -4.637 37.772 130.768
2 24 -4.742 42.443 130.168 -4.636 39.330 132.691
2 24 -7.217 40.835 128.287 -7.111 37.722 130.809
2 24 -7.216 42.393 130.210 -7.110 39.280 132.732
2 24 -2.268 40.934 128.204 -2.163 37.822 130.726
2 24 -2.267 42.493 130.126 -2.162 39.380 132.649
1 0 -1.0313 41.7382 129.1437 -1.2365 0.1054 1.2375 0.7541 -3.1126 0.8040 0.9823 2.5223 0.9405 3-4cyli.dat
1 0 -3.5055 41.6883 129.1855 -1.2365 0.1054 1.2375 0.7541 -3.1126 0.8040 0.9823 2.5223 0.9405 1-4cyli.dat
1 0 -3.5055 41.6883 129.1855 1.2365 0.1054 -1.2375 -0.7541 -3.1126 -0.8040 -0.9823 2.5223 -0.9405 1-4cyli.dat
1 0 -5.9786 41.6384 129.2272 -1.2365 0.1054 1.2375 0.7541 -3.1126 0.8040 0.9823 2.5223 0.9405 1-4cyli.dat
1 0 -5.9786 41.6384 129.2272 1.2365 0.1054 -1.2375 -0.7541 -3.1126 -0.8040 -0.9823 2.5223 -0.9405 1-4cyli.dat
1 0 -8.4527 41.5885 129.2690 1.2365 0.1054 -1.2375 -0.7541 -3.1126 -0.8040 -0.9823 2.5223 -0.9405 3-4cyli.dat
2 24 -4.814 43.146 126.142 -4.722 40.194 128.851
2 24 -4.813 44.820 127.965 -4.721 41.868 130.674
2 24 -7.288 43.105 126.180 -7.196 40.153 128.890
2 24 -7.287 44.779 128.004 -7.196 41.827 130.713
2 24 -2.339 43.187 126.103 -2.248 40.236 128.812
2 24 -2.339 44.861 127.926 -2.247 41.909 130.635
1 0 -1.1023 44.0444 126.9946 -1.2367 0.0916 1.2375 0.8162 -2.9518 0.8573 0.9310 2.7092 0.8922 3-4cyli.dat
1 0 -3.5767 44.0032 127.0334 -1.2367 0.0916 1.2375 0.8162 -2.9518 0.8573 0.9310 2.7092 0.8922 1-4cyli.dat
1 0 -3.5767 44.0032 127.0334 1.2367 0.0916 -1.2375 -0.8162 -2.9518 -0.8573 -0.9310 2.7092 -0.8922 1-4cyli.dat
1 0 -6.0500 43.9621 127.0722 -1.2367 0.0916 1.2375 0.8162 -2.9518 0.8573 0.9310 2.7092 0.8922 1-4cyli.dat
1 0 -6.0500 43.9621 127.0722 1.2367 0.0916 -1.2375 -0.8162 -2.9518 -0.8573 -0.9310 2.7092 -0.8922 1-4cyli.dat
1 0 -8.5244 43.9210 127.1110 1.2367 0.0916 -1.2375 -0.8162 -2.9518 -0.8573 -0.9310 2.7092 -0.8922 3-4cyli.dat
2 24 -4.874 45.281 123.900 -4.795 42.487 126.772
2 24 -4.873 47.055 125.626 -4.795 44.261 128.498
2 24 -7.349 45.248 123.935 -7.270 42.454 126.807
2 24 -7.348 47.022 125.661 -7.269 44.227 128.533
2 24 -2.400 45.315 123.865 -2.321 42.521 126.737
2 24 -2.399 47.089 125.591 -2.320 44.294 128.463
1 0 -1.1625 46.2182 124.7099 -1.2369 0.0787 1.2374 0.8701 -2.7943 0.9036 0.8805 2.8718 0.8453 3-4cyli.dat
1 0 -3.6370 46.1847 124.7452 -1.2369 0.0787 1.2374 0.8701 -2.7943 0.9036 0.8805 2.8718 0.8453 1-4cyli.dat
1 0 -3.6370 46.1847 124.7452 1.2369 0.0787 -1.2374 -0.8701 -2.7943 -0.9036 -0.8805 2.8718 -0.8453 1-4cyli.dat
1 0 -6.1105 46.1512 124.7804 -1.2369 0.0787 1.2374 0.8701 -2.7943 0.9036 0.8805 2.8718 0.8453 1-4cyli.dat
1 0 -6.1105 46.1512 124.7804 1.2369 0.0787 -1.2374 -0.8701 -2.7943 -0.9036 -0.8805 2.8718 -0.8453 1-4cyli.dat
1 0 -8.5850 46.1177 124.8156 1.2369 0.0787 -1.2374 -0.8701 -2.7943 -0.9036 -0.8805 2.8718 -0.8453 3-4cyli.dat
2 24 -4.924 47.281 121.545 -4.859 44.667 124.582
2 24 -4.924 49.157 123.160 -4.859 46.543 126.197
2 24 -7.399 47.256 121.576 -7.334 44.641 124.613
2 24 -7.398 49.131 123.190 -7.334 46.517 126.228
2 24 -2.449 47.307 121.515 -2.385 44.693 124.552
2 24 -2.449 49.183 123.129 -2.384 46.569 126.167
1 0 -1.2122 48.2574 122.3065 -1.2371 0.0646 1.2374 0.9250 -2.6141 0.9507 0.8225 3.0371 0.7920 3-4cyli.dat
1 0 -3.6869 48.2317 122.3371 -1.2371 0.0646 1.2374 0.9250 -2.6141 0.9507 0.8225 3.0371 0.7920 1-4cyli.dat
1 0 -3.6869 48.2317 122.3371 1.2371 0.0646 -1.2374 -0.9250 -2.6141 -0.9507 -0.8225 3.0371 -0.7920 1-4cyli.dat
1 0 -6.1606 48.2060 122.3675 -1.2371 0.0646 1.2374 0.9250 -2.6141 0.9507 0.8225 3.0371 0.7920 1-4cyli.dat
1 0 -6.1606 48.2060 122.3675 1.2371 0.0646 -1.2374 -0.9250 -2.6141 -0.9507 -0.8225 3.0371 -0.7920 1-4cyli.dat
1 0 -8.6353 48.1802 122.3980 1.2371 0.0646 -1.2374 -0.9250 -2.6141 -0.9507 -0.8225 3.0371 -0.7920 3-4cyli.dat
2 24 -4.961 49.111 119.060 -4.911 46.696 122.258
2 24 -4.961 51.086 120.551 -4.911 48.672 123.749
2 24 -7.436 49.093 119.084 -7.386 46.678 122.282
2 24 -7.436 51.068 120.576 -7.386 48.653 123.774
2 24 -2.486 49.129 119.035 -2.437 46.715 122.233
2 24 -2.486 51.105 120.526 -2.436 48.690 123.724
1 0 -1.2492 50.1258 119.7680 -1.2372 0.0497 1.2374 0.9784 -2.4147 0.9967 0.7579 3.1982 0.7333 3-4cyli.dat
1 0 -3.7240 50.1075 119.7926 -1.2372 0.0497 1.2374 0.9784 -2.4147 0.9967 0.7579 3.1982 0.7333 1-4cyli.dat
1 0 -3.7240 50.1075 119.7926 1.2372 0.0497 -1.2374 -0.9784 -2.4147 -0.9967 -0.7579 3.1982 -0.7333 1-4cyli.dat
1 0 -6.1979 50.0892 119.8172 -1.2372 0.0497 1.2374 0.9784 -2.4147 0.9967 0.7579 3.1982 0.7333 1-4cyli.dat
1 0 -6.1979 50.0892 119.8172 1.2372 0.0497 -1.2374 -0.9784 -2.4147 -0.9967 -0.7579 3.1982 -0.7333 1-4cyli.dat
1 0 -8.6727 50.0709 119.8418 1.2372 0.0497 -1.2374 -0.9784 -2.4147 -0.9967 -0.7579 3.1982 -0.7333 3-4cyli.dat
2 24 -4.988 50.905 116.256 -4.955 48.721 119.616
2 24 -4.988 52.980 117.605 -4.955 50.796 120.965
2 24 -7.463 50.894 116.273 -7.430 48.710 119.633
2 24 -7.463 52.969 117.622 -7.430 50.785 120.982
2 24 -2.513 50.916 116.239 -2.480 48.732 119.599
2 24 -2.513 52.991 117.587 -2.480 50.807 120.948
1 0 -1.2761 51.9584 116.9042 -1.2373 0.0331 1.2374 1.0320 -2.1838 1.0431 0.6829 3.3603 0.6657 3-4cyli.dat
1 0 -3.7510 51.9474 116.9214 -1.2373 0.0331 1.2374 1.0320 -2.1838 1.0431 0.6829 3.3603 0.6657 1-4cyli.dat
1 0 -3.7510 51.9474 116.9214 1.2373 0.0331 -1.2374 -1.0320 -2.1838 -1.0431 -0.6829 3.3603 -0.6657 1-4cyli.dat
1 0 -6.2249 51.9363 116.9386 -1.2373 0.0331 1.2374 1.0320 -2.1838 1.0431 0.6829 3.3603 0.6657 1-4cyli.dat
1 0 -6.2249 51.9363 116.9386 1.2373 0.0331 -1.2374 -1.0320 -2.1838 -1.0431 -0.6829 3.3603 -0.6657 1-4cyli.dat
1 0 -8.6998 51.9252 116.9558 1.2373 0.0331 -1.2374 -1.0320 -2.1838 -1.0431 -0.6829 3.3603 -0.6657 3-4cyli.dat
2 24 -5.000 52.379 113.552 -4.983 50.434 117.056
2 24 -5.000 54.543 114.753 -4.983 52.597 118.257
2 24 -7.475 52.374 113.561 -7.458 50.429 117.065
2 24 -7.475 54.538 114.762 -7.458 52.592 118.266
2 24 -2.525 52.384 113.543 -2.508 50.438 117.047
2 24 -2.525 54.548 114.744 -2.508 52.602 118.248
1 0 -1.2879 53.4676 114.1389 -1.2374 0.0167 1.2374 1.0794 -1.9451 1.0844 0.6051 3.5040 0.5961 3-4cyli.dat
1 0 -3.7629 53.4626 114.1479 -1.2374 0.0167 1.2374 1.0794 -1.9451 1.0844 0.6051 3.5040 0.5961 1-4cyli.dat
1 0 -3.7629 53.4626 114.1479 1.2374 0.0167 -1.2374 -1.0794 -1.9451 -1.0844 -0.6051 3.5040 -0.5961 1-4cyli.dat
1 0 -6.2369 53.4576 114.1569 -1.2374 0.0167 1.2374 1.0794 -1.9451 1.0844 0.6051 3.5040 0.5961 1-4cyli.dat
1 0 -6.2369 53.4576 114.1569 1.2374 0.0167 -1.2374 -1.0794 -1.9451 -1.0844 -0.6051 3.5040 -0.5961 1-4cyli.dat
1 0 -8.7118 53.4527 114.1659 1.2374 0.0167 -1.2374 -1.0794 -1.9451 -1.0844 -0.6051 3.5040 -0.5961 3-4cyli.dat
2 24 -5.005 53.665 110.747 -4.997 51.950 114.369
2 24 -5.005 55.902 111.806 -4.997 54.187 115.428
2 24 -7.480 53.663 110.751 -7.472 51.948 114.373
2 24 -7.480 55.900 111.810 -7.472 54.185 115.432
2 24 -2.530 53.667 110.742 -2.522 51.952 114.365
2 24 -2.530 55.904 111.801 -2.522 54.189 115.424
1 0 -1.2925 54.7861 111.2696 -1.2374 0.0075 1.2374 1.1174 -1.7150 1.1194 0.5316 3.6222 0.5274 3-4cyli.dat
1 0 -3.7675 54.7841 111.2737 -1.2374 0.0075 1.2374 1.1174 -1.7150 1.1194 0.5316 3.6222 0.5274 1-4cyli.dat
1 0 -3.7675 54.7841 111.2737 1.2374 0.0075 -1.2374 -1.1174 -1.7150 -1.1194 -0.5316 3.6222 -0.5274 1-4cyli.dat
1 0 -6.2415 54.7821 111.2779 -1.2374 0.0075 1.2374 1.1174 -1.7150 1.1194 0.5316 3.6222 0.5274 1-4cyli.dat
1 0 -6.2415 54.7821 111.2779 1.2374 0.0075 -1.2374 -1.1174 -1.7150 -1.1194 -0.5316 3.6222 -0.5274 1-4cyli.dat
1 0 -8.7165 54.7801 111.2821 1.2374 0.0075 -1.2374 -1.1174 -1.7150 -1.1194 -0.5316 3.6222 -0.5274 3-4cyli.dat
2 24 -5.028 54.860 107.874 -4.997 53.304 111.567
2 24 -5.033 57.141 108.835 -5.002 55.585 112.528
2 24 -7.503 54.848 107.890 -7.472 53.293 111.583
2 24 -7.508 57.129 108.850 -7.477 55.573 112.544
2 24 -2.554 54.872 107.858 -2.523 53.316 111.551
2 24 -2.558 57.153 108.819 -2.527 55.597 112.512
1 0 -1.3189 56.0175 108.3301 -1.2397 0.0310 1.2351 1.1345 -1.5558 1.1462 0.4883 3.6932 0.4725 3-4cyli.dat
1 0 -3.7938 56.0058 108.3460 -1.2397 0.0310 1.2351 1.1345 -1.5558 1.1462 0.4883 3.6932 0.4725 1-4cyli.dat
1 0 -3.7938 56.0058 108.3460 1.2397 0.0310 -1.2351 -1.1345 -1.5558 -1.1462 -0.4883 3.6932 -0.4725 1-4cyli.dat
1 0 -6.2677 55.9942 108.3618 -1.2397 0.0310 1.2351 1.1345 -1.5558 1.1462 0.4883 3.6932 0.4725 1-4cyli.dat
1 0 -6.2677 55.9942 108.3618 1.2397 0.0310 -1.2351 -1.1345 -1.5558 -1.1462 -0.4883 3.6932 -0.4725 1-4cyli.dat
1 0 -8.7426 55.9825 108.3777 1.2397 0.0310 -1.2351 -1.1345 -1.5558 -1.1462 -0.4883 3.6932 -0.4725 3-4cyli.dat
2 24 -5.073 55.964 104.949 -5.014 54.527 108.690
2 24 -5.088 58.274 105.837 -5.030 56.837 109.578
2 24 -7.547 55.937 104.977 -7.489 54.499 108.718
2 24 -7.563 58.247 105.865 -7.505 56.810 109.606
2 24 -2.598 55.992 104.922 -2.540 54.555 108.662
2 24 -2.614 58.302 105.809 -2.555 56.865 109.550
1 0 -1.3689 57.1602 105.3513 -1.2451 0.0582 1.2294 1.1412 -1.4371 1.1688 0.4578 3.7407 0.4299 3-4cyli.dat
1 0 -3.8436 57.1326 105.3792 -1.2451 0.0582 1.2294 1.1412 -1.4371 1.1688 0.4578 3.7407 0.4299 1-4cyli.dat
1 0 -3.8436 57.1326 105.3792 1.2451 0.0582 -1.2294 -1.1412 -1.4371 -1.1688 -0.4578 3.7407 -0.4299 1-4cyli.dat
1 0 -6.3173 57.1051 105.4071 -1.2451 0.0582 1.2294 1.1412 -1.4371 1.1688 0.4578 3.7407 0.4299 1-4cyli.dat
1 0 -6.3173 57.1051 105.4071 1.2451 0.0582 -1.2294 -1.1412 -1.4371 -1.1688 -0.4578 3.7407 -0.4299 1-4cyli.dat
1 0 -8.7920 57.0775 105.4350 1.2451 0.0582 -1.2294 -1.1412 -1.4371 -1.1688 -0.4578 3.7407 -0.4299 3-4cyli.dat
2 24 -5.141 56.971 101.995 -5.051 55.665 105.782
2 24 -5.167 59.311 102.802 -5.077 58.005 106.590
2 24 -7.615 56.929 102.039 -7.525 55.623 105.827
2 24 -7.641 59.269 102.846 -7.551 57.963 106.634
2 24 -2.667 57.013 101.950 -2.577 55.707 105.738
2 24 -2.692 59.353 102.758 -2.602 58.047 106.545
1 0 -1.4430 58.2037 102.3316 -1.2497 0.0900 1.2244 1.1486 -1.3061 1.1907 0.4258 3.7878 0.3815 3-4cyli.dat
1 0 -3.9172 58.1617 102.3759 -1.2497 0.0900 1.2244 1.1486 -1.3061 1.1907 0.4258 3.7878 0.3815 1-4cyli.dat
1 0 -3.9172 58.1617 102.3759 1.2497 0.0900 -1.2244 -1.1486 -1.3061 -1.1907 -0.4258 3.7878 -0.3815 1-4cyli.dat
1 0 -6.3905 58.1197 102.4202 -1.2497 0.0900 1.2244 1.1486 -1.3061 1.1907 0.4258 3.7878 0.3815 1-4cyli.dat
1 0 -6.3905 58.1197 102.4202 1.2497 0.0900 -1.2244 -1.1486 -1.3061 -1.1907 -0.4258 3.7878 -0.3815 1-4cyli.dat
1 0 -8.8647 58.0777 102.4645 1.2497 0.0900 -1.2244 -1.1486 -1.3061 -1.1907 -0.4258 3.7878 -0.3815 3-4cyli.dat
2 24 -5.229 57.913 99.003 -5.116 56.695 102.820
2 24 -5.263 60.270 99.757 -5.150 59.052 103.573
2 24 -7.702 57.859 99.059 -7.590 56.641 102.876
2 24 -7.737 60.216 99.813 -7.624 58.998 103.629
2 24 -2.755 57.966 98.948 -2.642 56.748 102.764
2 24 -2.789 60.324 99.701 -2.677 59.105 103.518
1 0 -1.5355 59.1714 99.2964 -1.2539 0.1124 1.2197 1.1517 -1.2183 1.2054 0.4046 3.8164 0.3488 3-4cyli.dat
1 0 -4.0093 59.1177 99.3522 -1.2539 0.1124 1.2197 1.1517 -1.2183 1.2054 0.4046 3.8164 0.3488 1-4cyli.dat
1 0 -4.0093 59.1177 99.3522 1.2539 0.1124 -1.2197 -1.1517 -1.2183 -1.2054 -0.4046 3.8164 -0.3488 1-4cyli.dat
1 0 -6.4821 59.0641 99.4079 -1.2539 0.1124 1.2197 1.1517 -1.2183 1.2054 0.4046 3.8164 0.3488 1-4cyli.dat
1 0 -6.4821 59.0641 99.4079 1.2539 0.1124 -1.2197 -1.1517 -1.2183 -1.2054 -0.4046 3.8164 -0.3488 1-4cyli.dat
1 0 -8.9559 59.0105 99.4636 1.2539 0.1124 -1.2197 -1.1517 -1.2183 -1.2054 -0.4046 3.8164 -0.3488 3-4cyli.dat
2 24 -5.350 58.831 95.755 -5.206 57.731 99.606
2 24 -5.391 61.210 96.437 -5.247 60.110 100.288
2 24 -7.823 58.767 95.829 -7.679 57.667 99.680
2 24 -7.864 61.146 96.511 -7.720 60.046 100.362
2 24 -2.877 58.895 95.681 -2.733 57.794 99.532
2 24 -2.918 61.274 96.362 -2.774 60.173 100.213
1 0 -1.6616 60.1157 95.9845 -1.2569 0.1439 1.2159 1.1575 -1.1004 1.2213 0.3777 3.8510 0.3035 3-4cyli.dat
1 0 -4.1346 60.0518 96.0587 -1.2569 0.1439 1.2159 1.1575 -1.1004 1.2213 0.3777 3.8510 0.3035 1-4cyli.dat
1 0 -4.1346 60.0518 96.0587 1.2569 0.1439 -1.2159 -1.1575 -1.1004 -1.2213 -0.3777 3.8510 -0.3035 1-4cyli.dat
1 0 -6.6067 59.9880 96.1329 -1.2569 0.1439 1.2159 1.1575 -1.1004 1.2213 0.3777 3.8510 0.3035 1-4cyli.dat
1 0 -6.6067 59.9880 96.1329 1.2569 0.1439 -1.2159 -1.1575 -1.1004 -1.2213 -0.3777 3.8510 -0.3035 1-4cyli.dat
1 0 -9.0798 59.9242 96.2071 1.2569 0.1439 -1.2159 -1.1575 -1.1004 -1.2213 -0.3777 3.8510 -0.3035 3-4cyli.dat
2 24 -5.479 59.628 92.720 -5.314 58.604 96.591
2 24 -5.527 62.020 93.355 -5.361 60.995 97.226
2 24 -7.951 59.556 92.806 -7.786 58.531 96.677
2 24 -7.999 61.947 93.441 -7.834 60.923 97.312
2 24 -3.007 59.700 92.633 -2.841 58.676 96.504
2 24 -3.054 62.092 93.268 -2.889 61.068 97.139
1 0 -1.7948 60.9319 92.9072 -1.2600 0.1655 1.2122 1.1595 -1.0243 1.2320 0.3607 3.8710 0.2742 3-4cyli.dat
1 0 -4.2672 60.8595 92.9937 -1.2600 0.1655 1.2122 1.1595 -1.0243 1.2320 0.3607 3.8710 0.2742 1-4cyli.dat
1 0 -4.2672 60.8595 92.9937 1.2600 0.1655 -1.2122 -1.1595 -1.0243 -1.2320 -0.3607 3.8710 -0.2742 1-4cyli.dat
1 0 -6.7386 60.7871 93.0802 -1.2600 0.1655 1.2122 1.1595 -1.0243 1.2320 0.3607 3.8710 0.2742 1-4cyli.dat
1 0 -6.7386 60.7871 93.0802 1.2600 0.1655 -1.2122 -1.1595 -1.0243 -1.2320 -0.3607 3.8710 -0.2742 1-4cyli.dat
1 0 -9.2111 60.7147 93.1667 1.2600 0.1655 -1.2122 -1.1595 -1.0243 -1.2320 -0.3607 3.8710 -0.2742 3-4cyli.dat
2 24 -5.631 60.350 89.670 -5.440 59.412 93.561
2 24 -5.684 62.755 90.252 -5.493 61.817 94.143
2 24 -8.102 60.271 89.772 -7.911 59.333 93.663
2 24 -8.156 62.676 90.354 -7.964 61.738 94.246
2 24 -3.159 60.430 89.567 -2.968 59.492 93.459
2 24 -3.212 62.835 90.149 -3.021 61.897 94.041
1 0 -1.9505 61.6715 89.8071 -1.2623 0.1912 1.2091 1.1627 -0.9379 1.2421 0.3422 3.8917 0.2400 3-4cyli.dat
1 0 -4.4221 61.5920 89.9094 -1.2623 0.1912 1.2091 1.1627 -0.9379 1.2421 0.3422 3.8917 0.2400 1-4cyli.dat
1 0 -4.4221 61.5920 89.9094 1.2623 0.1912 -1.2091 -1.1627 -0.9379 -1.2421 -0.3422 3.8917 -0.2400 1-4cyli.dat
1 0 -6.8927 61.5126 90.0116 -1.2623 0.1912 1.2091 1.1627 -0.9379 1.2421 0.3422 3.8917 0.2400 1-4cyli.dat
1 0 -6.8927 61.5126 90.0116 1.2623 0.1912 -1.2091 -1.1627 -0.9379 -1.2421 -0.3422 3.8917 -0.2400 1-4cyli.dat
1 0 -9.3643 61.4331 90.1139 1.2623 0.1912 -1.2091 -1.1627 -0.9379 -1.2421 -0.3422 3.8917 -0.2400 3-4cyli.dat
2 24 -5.799 61.024 86.604 -5.585 60.158 90.511
2 24 -5.857 63.439 87.143 -5.643 62.573 91.050
2 24 -8.269 60.939 86.720 -8.056 60.072 90.628
2 24 -8.328 63.354 87.259 -8.114 62.487 91.166
2 24 -3.328 61.110 86.488 -3.114 60.243 90.395
2 24 -3.386 63.525 87.027 -3.172 62.658 90.934
1 0 -2.1221 62.3594 86.6993 -1.2644 0.2136 1.2062 1.1647 -0.8663 1.2501 0.3274 3.9071 0.2112 3-4cyli.dat
1 0 -4.5929 62.2739 86.8155 -1.2644 0.2136 1.2062 1.1647 -0.8663 1.2501 0.3274 3.9071 0.2112 1-4cyli.dat
1 0 -4.5929 62.2739 86.8155 1.2644 0.2136 -1.2062 -1.1647 -0.8663 -1.2501 -0.3274 3.9071 -0.2112 1-4cyli.dat
1 0 -7.0627 62.1885 86.9316 -1.2644 0.2136 1.2062 1.1647 -0.8663 1.2501 0.3274 3.9071 0.2112 1-4cyli.dat
1 0 -7.0627 62.1885 86.9316 1.2644 0.2136 -1.2062 -1.1647 -0.8663 -1.2501 -0.3274 3.9071 -0.2112 1-4cyli.dat
1 0 -9.5335 62.1030 87.0477 1.2644 0.2136 -1.2062 -1.1647 -0.8663 -1.2501 -0.3274 3.9071 -0.2112 3-4cyli.dat
2 24 -5.986 61.642 83.527 -5.750 60.843 87.447
2 24 -6.048 64.065 84.025 -5.813 63.266 87.945
2 24 -8.456 61.551 83.657 -8.220 60.752 87.577
2 24 -8.518 63.975 84.155 -8.282 63.176 88.075
2 24 -3.516 61.732 83.397 -3.280 60.933 87.317
2 24 -3.578 64.156 83.894 -3.343 63.357 87.815
1 0 -2.3127 62.9887 83.5803 -1.2661 0.2359 1.2036 1.1665 -0.7990 1.2569 0.3139 3.9201 0.1838 3-4cyli.dat
1 0 -4.7827 62.8983 83.7105 -1.2661 0.2359 1.2036 1.1665 -0.7990 1.2569 0.3139 3.9201 0.1838 1-4cyli.dat
1 0 -4.7827 62.8983 83.7105 1.2661 0.2359 -1.2036 -1.1665 -0.7990 -1.2569 -0.3139 3.9201 -0.1838 1-4cyli.dat
1 0 -7.2516 62.8079 83.8407 -1.2661 0.2359 1.2036 1.1665 -0.7990 1.2569 0.3139 3.9201 0.1838 1-4cyli.dat
1 0 -7.2516 62.8079 83.8407 1.2661 0.2359 -1.2036 -1.1665 -0.7990 -1.2569 -0.3139 3.9201 -0.1838 1-4cyli.dat
1 0 -9.7215 62.7175 83.9708 1.2661 0.2359 -1.2036 -1.1665 -0.7990 -1.2569 -0.3139 3.9201 -0.1838 3-4cyli.dat
2 24 -6.427 62.759 77.194 -5.938 61.500 84.281
2 24 -6.490 65.195 77.631 -6.001 63.935 84.719
2 24 -8.895 62.667 77.348 -8.406 61.408 84.435
2 24 -8.959 65.103 77.785 -8.470 63.843 84.872
2 24 -3.958 62.851 77.040 -3.469 61.592 84.128
2 24 -4.022 65.287 77.477 -3.533 64.027 84.565
1 0 -2.7561 64.1144 77.1815 -1.2659 0.4886 1.2024 1.1715 -1.2597 1.2635 0.2955 7.0877 0.1417 3-4cyli.dat
1 0 -5.2246 64.0225 77.3353 -1.2659 0.4886 1.2024 1.1715 -1.2597 1.2635 0.2955 7.0877 0.1417 1-4cyli.dat
1 0 -5.2246 64.0225 77.3353 1.2659 0.4886 -1.2024 -1.1715 -1.2597 -1.2635 -0.2955 7.0877 -0.1417 1-4cyli.dat
1 0 -7.6921 63.9305 77.4891 -1.2659 0.4886 1.2024 1.1715 -1.2597 1.2635 0.2955 7.0877 0.1417 1-4cyli.dat
1 0 -7.6921 63.9305 77.4891 1.2659 0.4886 -1.2024 -1.1715 -1.2597 -1.2635 -0.2955 7.0877 -0.1417 1-4cyli.dat
1 0 -10.1606 63.8385 77.6429 1.2659 0.4886 -1.2024 -1.1715 -1.2597 -1.2635 -0.2955 7.0877 -0.1417 3-4cyli.dat
2 24 -6.924 63.678 70.983 -6.359 62.611 78.097
2 24 -6.993 66.124 71.356 -6.428 65.057 78.469
2 24 -9.390 63.581 71.164 -8.826 62.514 78.278
2 24 -9.459 66.027 71.537 -8.895 64.960 78.650
2 24 -4.457 63.775 70.802 -3.893 62.709 77.916
2 24 -4.526 66.221 71.174 -3.962 65.154 78.288
1 0 -3.2589 65.0464 70.8977 -1.2676 0.5643 1.1986 1.1743 -1.0669 1.2714 0.2767 7.1137 0.0956 3-4cyli.dat
1 0 -5.7254 64.9492 71.0788 -1.2676 0.5643 1.1986 1.1743 -1.0669 1.2714 0.2767 7.1137 0.0956 1-4cyli.dat
1 0 -5.7254 64.9492 71.0788 1.2676 0.5643 -1.1986 -1.1743 -1.0669 -1.2714 -0.2767 7.1137 -0.0956 1-4cyli.dat
1 0 -8.1908 64.8521 71.2598 -1.2676 0.5643 1.1986 1.1743 -1.0669 1.2714 0.2767 7.1137 0.0956 1-4cyli.dat
1 0 -8.1908 64.8521 71.2598 1.2676 0.5643 -1.1986 -1.1743 -1.0669 -1.2714 -0.2767 7.1137 -0.0956 1-4cyli.dat
1 0 -10.6573 64.7549 71.4409 1.2676 0.5643 -1.1986 -1.1743 -1.0669 -1.2714 -0.2767 7.1137 -0.0956 3-4cyli.dat
2 24 -7.492 64.441 64.755 -6.848 63.554 71.887
2 24 -7.564 66.896 65.067 -6.920 66.008 72.199
2 24 -9.956 64.342 64.965 -9.312 63.455 72.097
2 24 -10.028 66.797 65.277 -9.384 65.909 72.409
2 24 -5.027 64.540 64.545 -4.384 63.653 71.677
2 24 -5.099 66.995 64.857 -4.456 66.107 71.989
1 0 -3.8319 65.8164 64.5961 -1.2680 0.6435 1.1959 1.1775 -0.8871 1.2765 0.2609 7.1317 0.0509 3-4cyli.dat
1 0 -6.2960 65.7174 64.8061 -1.2680 0.6435 1.1959 1.1775 -0.8871 1.2765 0.2609 7.1317 0.0509 1-4cyli.dat
1 0 -6.2960 65.7174 64.8061 1.2680 0.6435 -1.1959 -1.1775 -0.8871 -1.2765 -0.2609 7.1317 -0.0509 1-4cyli.dat
1 0 -8.7591 65.6185 65.0161 -1.2680 0.6435 1.1959 1.1775 -0.8871 1.2765 0.2609 7.1317 0.0509 1-4cyli.dat
1 0 -8.7591 65.6185 65.0161 1.2680 0.6435 -1.1959 -1.1775 -0.8871 -1.2765 -0.2609 7.1317 -0.0509 1-4cyli.dat
1 0 -11.2232 65.5195 65.2261 1.2680 0.6435 -1.1959 -1.1775 -0.8871 -1.2765 -0.2609 7.1317 -0.0509 3-4cyli.dat
2 24 -8.151 65.100 58.267 -7.432 64.364 65.408
2 24 -8.224 67.560 58.528 -7.506 66.825 65.669
2 24 -10.612 65.001 58.504 -9.894 64.265 65.646
2 24 -10.686 67.461 58.765 -9.967 66.725 65.907
2 24 -5.689 65.199 58.029 -4.970 64.463 65.171
2 24 -5.763 67.659 58.290 -5.044 66.924 65.432
1 0 -4.4955 66.4783 58.0410 -1.2676 0.7185 1.1938 1.1804 -0.7358 1.2795 0.2491 7.1417 0.0117 3-4cyli.dat
1 0 -6.9571 66.3793 58.2785 -1.2676 0.7185 1.1938 1.1804 -0.7358 1.2795 0.2491 7.1417 0.0117 1-4cyli.dat
1 0 -6.9571 66.3793 58.2785 1.2676 0.7185 -1.1938 -1.1804 -0.7358 -1.2795 -0.2491 7.1417 -0.0117 1-4cyli.dat
1 0 -9.4177 66.2803 58.5158 -1.2676 0.7185 1.1938 1.1804 -0.7358 1.2795 0.2491 7.1417 0.0117 1-4cyli.dat
1 0 -9.4177 66.2803 58.5158 1.2676 0.7185 -1.1938 -1.1804 -0.7358 -1.2795 -0.2491 7.1417 -0.0117 1-4cyli.dat
1 0 -11.8793 66.1812 58.7533 1.2676 0.7185 -1.1938 -1.1804 -0.7358 -1.2795 -0.2491 7.1417 -0.0117 3-4cyli.dat
2 24 -8.886 65.627 51.774 -8.083 65.042 58.921
2 24 -8.958 68.092 51.984 -8.155 67.507 59.131
2 24 -11.344 65.532 52.043 -10.541 64.947 59.189
2 24 -11.417 67.997 52.252 -10.614 67.412 59.399
2 24 -6.427 65.723 51.506 -5.624 65.138 58.652
2 24 -6.500 68.188 51.716 -5.697 67.603 58.862
1 0 -5.2346 67.0022 51.4765 -1.2655 0.8029 1.1928 1.1847 -0.5849 1.2801 0.2391 7.1467 -0.0292 3-4cyli.dat
1 0 -7.6931 66.9068 51.7449 -1.2655 0.8029 1.1928 1.1847 -0.5849 1.2801 0.2391 7.1467 -0.0292 1-4cyli.dat
1 0 -7.6931 66.9068 51.7449 1.2655 0.8029 -1.1928 -1.1847 -0.5849 -1.2801 -0.2391 7.1467 0.0292 1-4cyli.dat
1 0 -10.1507 66.8114 52.0132 -1.2655 0.8029 1.1928 1.1847 -0.5849 1.2801 0.2391 7.1467 -0.0292 1-4cyli.dat
1 0 -10.1507 66.8114 52.0132 1.2655 0.8029 -1.1928 -1.1847 -0.5849 -1.2801 -0.2391 7.1467 0.0292 1-4cyli.dat
1 0 -12.6093 66.7161 52.2816 1.2655 0.8029 -1.1928 -1.1847 -0.5849 -1.2801 -0.2391 7.1467 0.0292 3-4cyli.dat
2 24 -9.661 66.027 45.524 -8.783 65.561 52.670
2 24 -9.733 68.496 45.694 -8.855 68.029 52.840
2 24 -12.117 65.936 45.820 -11.239 65.469 52.966
2 24 -12.188 68.404 45.990 -11.310 67.938 53.136
2 24 -7.206 66.119 45.228 -6.327 65.653 52.375
2 24 -7.277 68.587 45.398 -6.399 68.121 52.545
1 0 -6.0142 67.3985 45.1652 -1.2635 0.8782 1.1918 1.1881 -0.4663 1.2798 0.2328 7.1465 -0.0630 3-4cyli.dat
1 0 -8.4698 67.3068 45.4610 -1.2635 0.8782 1.1918 1.1881 -0.4663 1.2798 0.2328 7.1465 -0.0630 1-4cyli.dat
1 0 -8.4698 67.3068 45.4610 1.2635 0.8782 -1.1918 -1.1881 -0.4663 -1.2798 -0.2328 7.1465 0.0630 1-4cyli.dat
1 0 -10.9243 67.2151 45.7566 -1.2635 0.8782 1.1918 1.1881 -0.4663 1.2798 0.2328 7.1465 -0.0630 1-4cyli.dat
1 0 -10.9243 67.2151 45.7566 1.2635 0.8782 -1.1918 -1.1881 -0.4663 -1.2798 -0.2328 7.1465 0.0630 1-4cyli.dat
1 0 -13.3799 67.1234 46.0524 1.2635 0.8782 -1.1918 -1.1881 -0.4663 -1.2798 -0.2328 7.1465 0.0630 3-4cyli.dat
2 24 -10.507 66.332 39.276 -9.550 65.976 46.419
2 24 -10.576 68.802 39.408 -9.619 68.446 46.551
2 24 -12.959 66.246 39.600 -12.002 65.890 46.743
2 24 -13.028 68.716 39.733 -12.071 68.360 46.875
2 24 -8.055 66.418 38.952 -7.098 66.062 46.094
2 24 -8.124 68.888 39.084 -7.167 68.532 46.227
1 0 -6.8636 67.6956 38.8559 -1.2605 0.9568 1.1914 1.1922 -0.3561 1.2781 0.2283 7.1428 -0.0959 3-4cyli.dat
1 0 -9.3158 67.6096 39.1801 -1.2605 0.9568 1.1914 1.1922 -0.3561 1.2781 0.2283 7.1428 -0.0959 1-4cyli.dat
1 0 -9.3158 67.6096 39.1801 1.2605 0.9568 -1.1914 -1.1922 -0.3561 -1.2781 -0.2283 7.1428 0.0959 1-4cyli.dat
1 0 -11.7669 67.5237 39.5041 -1.2605 0.9568 1.1914 1.1922 -0.3561 1.2781 0.2283 7.1428 -0.0959 1-4cyli.dat
1 0 -11.7669 67.5237 39.5041 1.2605 0.9568 -1.1914 -1.1922 -0.3561 -1.2781 -0.2283 7.1428 0.0959 1-4cyli.dat
1 0 -14.2191 67.4377 39.8283 1.2605 0.9568 -1.1914 -1.1922 -0.3561 -1.2781 -0.2283 7.1428 0.0959 3-4cyli.dat
2 24 -11.937 66.627 29.767 -10.402 66.298 40.071
2 24 -11.998 69.100 29.855 -10.464 68.771 40.159
2 24 -14.384 66.553 30.129 -12.849 66.224 40.433
2 24 -14.446 69.026 30.217 -12.911 68.697 40.521
2 24 -9.490 66.701 29.404 -7.955 66.372 39.709
2 24 -9.551 69.174 29.493 -8.016 68.845 39.797
1 0 -8.2972 67.9742 29.2675 -1.2544 1.5348 1.1927 1.1992 -0.3292 1.2732 0.2251 10.3042 -0.1370 3-4cyli.dat
1 0 -10.7445 67.9003 29.6296 -1.2544 1.5348 1.1927 1.1992 -0.3292 1.2732 0.2251 10.3042 -0.1370 1-4cyli.dat
1 0 -10.7445 67.9003 29.6296 1.2544 1.5348 -1.1927 -1.1992 -0.3292 -1.2732 -0.2251 10.3042 0.1370 1-4cyli.dat
1 0 -13.1907 67.8263 29.9916 -1.2544 1.5348 1.1927 1.1992 -0.3292 1.2732 0.2251 10.3042 -0.1370 1-4cyli.dat
1 0 -13.1907 67.8263 29.9916 1.2544 1.5348 -1.1927 -1.1992 -0.3292 -1.2732 -0.2251 10.3042 0.1370 1-4cyli.dat
1 0 -15.6380 67.7523 30.3538 1.2544 1.5348 -1.1927 -1.1992 -0.3292 -1.2732 -0.2251 10.3042 0.1370 3-4cyli.dat
2 24 -12.986 66.726 23.438 -11.818 66.609 30.557
2 24 -13.043 69.200 23.488 -11.875 69.083 30.607
2 24 -15.428 66.662 23.837 -14.259 66.545 30.957
2 24 -15.485 69.135 23.887 -14.316 69.019 31.006
2 24 -10.544 66.790 23.038 -9.376 66.673 30.157
2 24 -10.601 69.264 23.088 -9.433 69.147 30.207
1 0 -9.3524 68.0584 22.8632 -1.2492 1.1683 1.1923 1.2047 -0.1167 1.2689 0.2248 7.1192 -0.1749 3-4cyli.dat
1 0 -11.7941 67.9942 23.2629 -1.2492 1.1683 1.1923 1.2047 -0.1167 1.2689 0.2248 7.1192 -0.1749 1-4cyli.dat
1 0 -11.7941 67.9942 23.2629 1.2492 1.1683 -1.1923 -1.2047 -0.1167 -1.2689 -0.2248 7.1192 0.1749 1-4cyli.dat
1 0 -14.2348 67.9301 23.6624 -1.2492 1.1683 1.1923 1.2047 -0.1167 1.2689 0.2248 7.1192 -0.1749 1-4cyli.dat
1 0 -14.2348 67.9301 23.6624 1.2492 1.1683 -1.1923 -1.2047 -0.1167 -1.2689 -0.2248 7.1192 0.1749 1-4cyli.dat
1 0 -16.6765 67.8658 24.0620 1.2492 1.1683 -1.1923 -1.2047 -0.1167 -1.2689 -0.2248 7.1192 0.1749 3-4cyli.dat
2 24 -14.718 66.735 13.970 -12.859 66.718 24.226
2 24 -14.764 69.210 13.983 -12.905 69.192 24.239
2 24 -17.153 66.688 14.411 -15.294 66.670 24.667
2 24 -17.199 69.162 14.424 -15.340 69.145 24.680
2 24 -12.283 66.783 13.529 -10.425 66.765 23.785
2 24 -12.329 69.257 13.541 -10.471 69.240 23.798
1 0 -11.0887 68.0434 13.3147 -1.2404 1.8581 1.1944 1.2134 -0.0177 1.2609 0.2268 10.2561 -0.2142 3-4cyli.dat
1 0 -13.5236 67.9959 13.7558 -1.2404 1.8581 1.1944 1.2134 -0.0177 1.2609 0.2268 10.2561 -0.2142 1-4cyli.dat
1 0 -13.5236 67.9959 13.7558 1.2404 1.8581 -1.1944 -1.2134 -0.0177 -1.2609 -0.2268 10.2561 0.2142 1-4cyli.dat
1 0 -15.9576 67.9484 14.1966 -1.2404 1.8581 1.1944 1.2134 -0.0177 1.2609 0.2268 10.2561 -0.2142 1-4cyli.dat
1 0 -15.9576 67.9484 14.1966 1.2404 1.8581 -1.1944 -1.2134 -0.0177 -1.2609 -0.2268 10.2561 0.2142 1-4cyli.dat
1 0 -18.3925 67.9009 14.6377 1.2404 1.8581 -1.1944 -1.2134 -0.0177 -1.2609 -0.2268 10.2561 0.2142 3-4cyli.dat
2 24 -16.669 66.598 4.441 -14.597 66.739 14.655
2 24 -16.701 69.073 4.413 -14.629 69.214 14.627
2 24 -19.095 66.572 4.934 -17.022 66.713 15.148
2 24 -19.127 69.047 4.906 -17.054 69.188 15.120
2 24 -14.244 66.624 3.949 -12.172 66.765 14.163
2 24 -14.276 69.099 3.921 -12.204 69.240 14.135
1 0 -13.0478 67.8737 3.6886 -1.2286 2.0725 1.1965 1.2243 0.1414 1.2502 0.2323 10.2140 -0.2601 3-4cyli.dat
1 0 -15.4732 67.8477 4.1811 -1.2286 2.0725 1.1965 1.2243 0.1414 1.2502 0.2323 10.2140 -0.2601 1-4cyli.dat
1 0 -15.4732 67.8477 4.1811 1.2286 2.0725 -1.1965 -1.2243 0.1414 -1.2502 -0.2323 10.2140 0.2601 1-4cyli.dat
1 0 -17.8976 67.8218 4.6734 -1.2286 2.0725 1.1965 1.2243 0.1414 1.2502 0.2323 10.2140 -0.2601 1-4cyli.dat
1 0 -17.8976 67.8218 4.6734 1.2286 2.0725 -1.1965 -1.2243 0.1414 -1.2502 -0.2323 10.2140 0.2601 1-4cyli.dat
1 0 -20.3230 67.7959 5.1659 1.2286 2.0725 -1.1965 -1.2243 0.1414 -1.2502 -0.2323 10.2140 0.2601 3-4cyli.dat
2 24 -18.087 66.431 -1.818 -16.515 66.614 5.221
2 24 -18.100 68.905 -1.880 -16.528 69.088 5.160
2 24 -20.502 66.432 -1.279 -18.931 66.614 5.761
2 24 -20.516 68.906 -1.340 -18.944 69.089 5.699
2 24 -15.671 66.431 -2.358 -14.100 66.613 4.682
2 24 -15.685 68.905 -2.419 -14.113 69.088 4.621
1 0 -14.4708 67.6670 -2.6579 -1.2143 1.5718 1.2011 1.2372 0.1828 1.2368 0.2390 7.0397 -0.3003 3-4cyli.dat
1 0 -16.8863 67.6675 -2.1186 -1.2143 1.5718 1.2011 1.2372 0.1828 1.2368 0.2390 7.0397 -0.3003 1-4cyli.dat
1 0 -16.8863 67.6675 -2.1186 1.2143 1.5718 -1.2011 -1.2372 0.1828 -1.2368 -0.2390 7.0397 0.3003 1-4cyli.dat
1 0 -19.3008 67.6680 -1.5795 -1.2143 1.5718 1.2011 1.2372 0.1828 1.2368 0.2390 7.0397 -0.3003 1-4cyli.dat
1 0 -19.3008 67.6680 -1.5795 1.2143 1.5718 -1.2011 -1.2372 0.1828 -1.2368 -0.2390 7.0397 0.3003 1-4cyli.dat
1 0 -21.7163 67.6684 -1.0402 1.2143 1.5718 -1.2011 -1.2372 0.1828 -1.2368 -0.2390 7.0397 0.3003 3-4cyli.dat
2 24 -19.586 66.215 -7.955 -17.901 66.458 -0.943
2 24 -19.572 68.689 -8.044 -17.887 68.931 -1.032
2 24 -21.992 66.249 -7.378 -20.307 66.491 -0.366
2 24 -21.979 68.722 -7.466 -20.294 68.965 -0.455
2 24 -17.179 66.181 -8.532 -15.494 66.424 -1.520
2 24 -17.166 68.655 -8.621 -15.481 68.897 -1.609
1 0 -15.9697 67.4007 -8.8649 -1.1965 1.6851 1.2099 1.2535 0.2424 1.2197 0.2442 7.0116 -0.3329 3-4cyli.dat
1 0 -18.3762 67.4345 -8.2877 -1.1965 1.6851 1.2099 1.2535 0.2424 1.2197 0.2442 7.0116 -0.3329 1-4cyli.dat
1 0 -18.3762 67.4345 -8.2877 1.1965 1.6851 -1.2099 -1.2535 0.2424 -1.2197 -0.2442 7.0116 0.3329 1-4cyli.dat
1 0 -20.7818 67.4683 -7.7107 -1.1965 1.6851 1.2099 1.2535 0.2424 1.2197 0.2442 7.0116 -0.3329 1-4cyli.dat
1 0 -20.7818 67.4683 -7.7107 1.1965 1.6851 -1.2099 -1.2535 0.2424 -1.2197 -0.2442 7.0116 0.3329 1-4cyli.dat
1 0 -23.1883 67.5020 -7.1335 1.1965 1.6851 -1.2099 -1.2535 0.2424 -1.2197 -0.2442 7.0116 0.3329 3-4cyli.dat
2 24 -21.201 65.952 -14.060 -19.395 66.249 -7.081
2 24 -21.141 68.423 -14.181 -19.335 68.721 -7.202
2 24 -23.596 66.039 -13.444 -21.790 66.337 -6.465
2 24 -23.537 68.511 -13.565 -21.731 68.808 -6.586
2 24 -18.805 65.864 -14.677 -16.999 66.162 -7.697
2 24 -18.746 68.335 -14.797 -16.940 68.633 -7.818
1 0 -17.5782 67.0554 -15.0448 -1.1680 1.8060 1.2273 1.2794 0.2978 1.1918 0.2477 6.9793 -0.3684 3-4cyli.dat
1 0 -19.9737 67.1430 -14.4287 -1.1680 1.8060 1.2273 1.2794 0.2978 1.1918 0.2477 6.9793 -0.3684 1-4cyli.dat
1 0 -19.9737 67.1430 -14.4287 1.1680 1.8060 -1.2273 -1.2794 0.2978 -1.1918 -0.2477 6.9793 0.3684 1-4cyli.dat
1 0 -22.3682 67.2305 -13.8128 -1.1680 1.8060 1.2273 1.2794 0.2978 1.1918 0.2477 6.9793 -0.3684 1-4cyli.dat
1 0 -22.3682 67.2305 -13.8128 1.1680 1.8060 -1.2273 -1.2794 0.2978 -1.1918 -0.2477 6.9793 0.3684 1-4cyli.dat
1 0 -24.7637 67.3181 -13.1967 1.1680 1.8060 -1.2273 -1.2794 0.2978 -1.1918 -0.2477 6.9793 0.3684 3-4cyli.dat
2 24 -22.953 65.642 -20.125 -21.010 65.994 -13.186
2 24 -22.815 68.108 -20.289 -20.872 68.460 -13.349
2 24 -25.333 65.819 -19.468 -23.390 66.171 -12.528
2 24 -25.195 68.285 -19.632 -23.252 68.637 -12.692
2 24 -20.574 65.465 -20.783 -18.631 65.817 -13.843
2 24 -20.436 67.931 -20.946 -18.492 68.283 -14.007
1 0 -19.3154 66.6093 -21.1931 -1.1206 1.9432 1.2588 1.3212 0.3518 1.1443 0.2468 6.9399 -0.4105 3-4cyli.dat
1 0 -21.6950 66.7863 -20.5358 -1.1206 1.9432 1.2588 1.3212 0.3518 1.1443 0.2468 6.9399 -0.4105 1-4cyli.dat
1 0 -21.6950 66.7863 -20.5358 1.1206 1.9432 -1.2588 -1.3212 0.3518 -1.1443 -0.2468 6.9399 0.4105 1-4cyli.dat
1 0 -24.0736 66.9632 -19.8787 -1.1206 1.9432 1.2588 1.3212 0.3518 1.1443 0.2468 6.9399 -0.4105 1-4cyli.dat
1 0 -24.0736 66.9632 -19.8787 1.1206 1.9432 -1.2588 -1.3212 0.3518 -1.1443 -0.2468 6.9399 0.4105 1-4cyli.dat
1 0 -26.4531 67.1402 -19.2215 1.1206 1.9432 -1.2588 -1.3212 0.3518 -1.1443 -0.2468 6.9399 0.4105 3-4cyli.dat
2 24 -24.858 65.296 -26.143 -22.771 65.696 -19.247
2 24 -24.590 67.746 -26.366 -22.503 68.146 -19.471
2 24 -27.212 65.618 -25.449 -25.125 66.018 -18.553
2 24 -26.944 68.068 -25.672 -24.857 68.468 -18.777
2 24 -22.505 64.974 -26.836 -20.418 65.375 -19.941
2 24 -22.236 67.425 -27.060 -20.149 67.825 -20.165
1 0 -21.1937 66.0384 -27.2949 -1.0425 2.0870 1.3112 1.3857 0.4002 1.0642 0.2351 6.8954 -0.4586 3-4cyli.dat
1 0 -23.5476 66.3599 -26.6011 -1.0425 2.0870 1.3112 1.3857 0.4002 1.0642 0.2351 6.8954 -0.4586 1-4cyli.dat
1 0 -23.5476 66.3599 -26.6011 1.0425 2.0870 -1.3112 -1.3857 0.4002 -1.0642 -0.2351 6.8954 0.4586 1-4cyli.dat
1 0 -25.9006 66.6813 -25.9076 -1.0425 2.0870 1.3112 1.3857 0.4002 1.0642 0.2351 6.8954 -0.4586 1-4cyli.dat
1 0 -25.9006 66.6813 -25.9076 1.0425 2.0870 -1.3112 -1.3857 0.4002 -1.0642 -0.2351 6.8954 0.4586 1-4cyli.dat
1 0 -28.2545 67.0029 -25.2138 1.0425 2.0870 -1.3112 -1.3857 0.4002 -1.0642 -0.2351 6.8954 0.4586 3-4cyli.dat
2 24 -25.971 65.118 -29.205 -24.746 65.359 -25.397
2 24 -25.490 67.526 -29.512 -24.265 67.768 -25.704
2 24 -28.278 65.668 -28.498 -27.053 65.910 -24.689
2 24 -27.797 68.076 -28.805 -26.572 68.318 -24.997
2 24 -23.663 64.567 -29.912 -22.439 64.809 -26.104
2 24 -23.183 66.976 -30.219 -21.958 67.217 -26.411
1 0 -22.2703 65.4959 -30.4189 -0.9133 1.2248 1.3936 1.4793 0.2416 0.9289 0.1999 3.8083 -0.5072 3-4cyli.dat
1 0 -24.5774 66.0463 -29.7118 -0.9133 1.2248 1.3936 1.4793 0.2416 0.9289 0.1999 3.8083 -0.5072 1-4cyli.dat
1 0 -24.5774 66.0463 -29.7118 0.9133 1.2248 -1.3936 -1.4793 0.2416 -0.9289 -0.1999 3.8083 0.5072 1-4cyli.dat
1 0 -26.8835 66.5965 -29.0050 -0.9133 1.2248 1.3936 1.4793 0.2416 0.9289 0.1999 3.8083 -0.5072 1-4cyli.dat
1 0 -26.8835 66.5965 -29.0050 0.9133 1.2248 -1.3936 -1.4793 0.2416 -0.9289 -0.1999 3.8083 0.5072 1-4cyli.dat
1 0 -29.1906 67.1469 -28.2979 0.9133 1.2248 -1.3936 -1.4793 0.2416 -0.9289 -0.1999 3.8083 0.5072 3-4cyli.dat
2 24 -27.154 64.929 -32.397 -25.883 65.183 -28.605
2 24 -26.480 67.280 -32.781 -25.209 67.534 -28.988
2 24 -29.402 65.688 -31.694 -28.131 65.942 -27.902
2 24 -28.729 68.039 -32.078 -27.457 68.293 -28.285
2 24 -24.906 64.170 -33.100 -23.634 64.424 -29.308
2 24 -24.232 66.521 -33.484 -22.961 66.775 -29.691
1 0 -23.4451 64.9658 -33.6432 -0.7873 1.2713 1.4609 1.5546 0.2539 0.7957 0.1599 3.7922 -0.5430 3-4cyli.dat
1 0 -25.6935 65.7248 -32.9403 -0.7873 1.2713 1.4609 1.5546 0.2539 0.7957 0.1599 3.7922 -0.5430 1-4cyli.dat
1 0 -25.6935 65.7248 -32.9403 0.7873 1.2713 -1.4609 -1.5546 0.2539 -0.7957 -0.1599 3.7922 0.5430 1-4cyli.dat
1 0 -27.9410 66.4835 -32.2376 -0.7873 1.2713 1.4609 1.5546 0.2539 0.7957 0.1599 3.7922 -0.5430 1-4cyli.dat
1 0 -27.9410 66.4835 -32.2376 0.7873 1.2713 -1.4609 -1.5546 0.2539 -0.7957 -0.1599 3.7922 0.5430 1-4cyli.dat
1 0 -30.1895 67.2425 -31.5346 0.7873 1.2713 -1.4609 -1.5546 0.2539 -0.7957 -0.1599 3.7922 0.5430 3-4cyli.dat
2 24 -28.384 64.793 -35.306 -27.050 65.062 -31.537
2 24 -27.367 66.989 -35.823 -26.033 67.258 -32.054
2 24 -30.485 65.921 -34.643 -29.150 66.190 -30.874
2 24 -29.468 68.118 -35.160 -28.133 68.387 -31.390
2 24 -26.284 63.664 -35.969 -24.949 63.933 -32.200
2 24 -25.267 65.861 -36.486 -23.932 66.130 -32.717
1 0 -24.7258 64.1979 -36.5591 -0.5417 1.3346 1.5586 1.6624 0.2689 0.5339 0.0732 3.7693 -0.5900 3-4cyli.dat
1 0 -26.8263 65.3265 -35.8958 -0.5417 1.3346 1.5586 1.6624 0.2689 0.5339 0.0732 3.7693 -0.5900 1-4cyli.dat
1 0 -26.8263 65.3265 -35.8958 0.5417 1.3346 -1.5586 -1.6624 0.2689 -0.5339 -0.0732 3.7693 0.5900 1-4cyli.dat
1 0 -28.9259 66.4547 -35.2329 -0.5417 1.3346 1.5586 1.6624 0.2689 0.5339 0.0732 3.7693 -0.5900 1-4cyli.dat
1 0 -28.9259 66.4547 -35.2329 0.5417 1.3346 -1.5586 -1.6624 0.2689 -0.5339 -0.0732 3.7693 0.5900 1-4cyli.dat
1 0 -31.0264 67.5833 -34.5697 0.5417 1.3346 -1.5586 -1.6624 0.2689 -0.5339 -0.0732 3.7693 0.5900 3-4cyli.dat
2 24 -29.722 64.749 -38.182 -28.343 65.027 -34.429
2 24 -28.220 66.591 -38.870 -26.841 66.869 -35.118
2 24 -31.495 66.392 -37.652 -30.116 66.670 -33.899
2 24 -29.993 68.235 -38.341 -28.614 68.513 -34.588
2 24 -27.949 63.105 -38.712 -26.570 63.383 -34.959
2 24 -26.447 64.948 -39.400 -25.068 65.226 -35.648
1 0 -26.3120 63.2047 -39.3205 -0.1355 1.3790 1.6375 1.7429 0.2782 0.0995 -0.0794 3.7527 -0.6091 3-4cyli.dat
1 0 -28.0851 64.8482 -38.7908 -0.1355 1.3790 1.6375 1.7429 0.2782 0.0995 -0.0794 3.7527 -0.6091 1-4cyli.dat
1 0 -28.0851 64.8482 -38.7908 0.1355 1.3790 -1.6375 -1.7429 0.2782 -0.0995 0.0794 3.7527 0.6091 1-4cyli.dat
1 0 -29.8575 66.4910 -38.2613 -0.1355 1.3790 1.6375 1.7429 0.2782 0.0995 -0.0794 3.7527 -0.6091 1-4cyli.dat
1 0 -29.8575 66.4910 -38.2613 0.1355 1.3790 -1.6375 -1.7429 0.2782 -0.0995 0.0794 3.7527 0.6091 1-4cyli.dat
1 0 -31.6306 68.1345 -37.7315 0.1355 1.3790 -1.6375 -1.7429 0.2782 -0.0995 0.0794 3.7527 0.6091 3-4cyli.dat
2 24 -31.180 65.017 -41.027 -29.748 65.306 -37.295
2 24 -29.032 65.865 -41.917 -27.600 66.154 -38.185
2 24 -32.034 67.335 -40.879 -30.602 67.624 -37.147
2 24 -29.886 68.183 -41.769 -28.454 68.472 -38.037
2 24 -30.326 62.699 -41.176 -28.894 62.987 -37.444
2 24 -28.178 63.547 -42.066 -26.746 63.836 -38.334
1 0 -28.8255 61.9640 -41.6947 0.6470 1.4321 1.5009 1.5831 0.2886 -0.7349 -0.3707 3.7319 -0.5191 3-4cyli.dat
1 0 -29.6795 64.2823 -41.5462 0.6470 1.4321 1.5009 1.5831 0.2886 -0.7349 -0.3707 3.7319 -0.5191 1-4cyli.dat
1 0 -29.6795 64.2823 -41.5462 -0.6470 1.4321 -1.5009 -1.5831 0.2886 0.7349 0.3707 3.7319 0.5191 1-4cyli.dat
1 0 -30.5332 66.5996 -41.3978 0.6470 1.4321 1.5009 1.5831 0.2886 -0.7349 -0.3707 3.7319 -0.5191 1-4cyli.dat
1 0 -30.5332 66.5996 -41.3978 -0.6470 1.4321 -1.5009 -1.5831 0.2886 0.7349 0.3707 3.7319 0.5191 1-4cyli.dat
1 0 -31.3871 68.9178 -41.2493 -0.6470 1.4321 -1.5009 -1.5831 0.2886 0.7349 0.3707 3.7319 0.5191 3-4cyli.dat
2 24 -32.395 65.585 -43.984 -30.903 65.885 -40.277
2 24 -30.191 64.821 -44.810 -28.698 65.120 -41.102
2 24 -31.749 67.932 -44.433 -30.257 68.231 -40.726
2 24 -29.545 67.167 -45.259 -28.053 67.467 -41.552
2 24 -33.041 63.239 -43.535 -31.548 63.538 -39.827
2 24 -30.837 62.474 -44.360 -29.344 62.773 -40.653
1 0 -32.2620 61.6838 -43.7228 1.4249 1.4927 0.7792 0.7909 0.2991 -1.5555 -0.6375 3.7073 -0.1882 3-4cyli.dat
1 0 -31.6163 64.0304 -44.1721 1.4249 1.4927 0.7792 0.7909 0.2991 -1.5555 -0.6375 3.7073 -0.1882 1-4cyli.dat
1 0 -31.6163 64.0304 -44.1721 -1.4249 1.4927 -0.7792 -0.7909 0.2991 1.5555 0.6375 3.7073 0.1882 1-4cyli.dat
1 0 -30.9708 66.3761 -44.6213 1.4249 1.4927 0.7792 0.7909 0.2991 -1.5555 -0.6375 3.7073 -0.1882 1-4cyli.dat
1 0 -30.9708 66.3761 -44.6213 -1.4249 1.4927 -0.7792 -0.7909 0.2991 1.5555 0.6375 3.7073 0.1882 1-4cyli.dat
1 0 -30.3251 68.7228 -45.0706 -1.4249 1.4927 -0.7792 -0.7909 0.2991 1.5555 0.6375 3.7073 0.1882 3-4cyli.dat
2 24 -33.473 65.795 -47.243 -31.913 66.105 -43.565
2 24 -31.781 64.082 -47.816 -30.222 64.391 -44.137
2 24 -31.944 67.571 -48.041 -30.384 67.880 -44.362
2 24 -30.253 65.857 -48.614 -28.693 66.166 -44.935
2 24 -35.002 64.020 -46.446 -33.442 64.329 -42.767
2 24 -33.310 62.306 -47.019 -31.751 62.616 -43.340
1 0 -34.9206 62.2762 -46.3336 1.6100 1.5595 0.0811 0.0307 0.3094 -1.7445 -0.6851 3.6788 0.1123 3-4cyli.dat
1 0 -33.3916 64.0515 -47.1311 1.6100 1.5595 0.0811 0.0307 0.3094 -1.7445 -0.6851 3.6788 0.1123 1-4cyli.dat
1 0 -33.3916 64.0515 -47.1311 -1.6100 1.5595 -0.0811 -0.0307 0.3094 1.7445 0.6851 3.6788 -0.1123 1-4cyli.dat
1 0 -31.8633 65.8262 -47.9282 1.6100 1.5595 0.0811 0.0307 0.3094 -1.7445 -0.6851 3.6788 0.1123 1-4cyli.dat
1 0 -31.8633 65.8262 -47.9282 -1.6100 1.5595 -0.0811 -0.0307 0.3094 1.7445 0.6851 3.6788 -0.1123 1-4cyli.dat
1 0 -30.3343 67.6015 -48.7257 -1.6100 1.5595 -0.0811 -0.0307 0.3094 1.7445 0.6851 3.6788 -0.1123 3-4cyli.dat
2 24 -34.564 65.720 -50.212 -32.942 66.038 -46.561
2 24 -33.262 63.653 -50.610 -31.640 63.971 -46.960
2 24 -32.714 67.068 -51.152 -31.091 67.386 -47.501
2 24 -31.411 65.001 -51.550 -29.789 65.319 -47.900
2 24 -36.415 64.372 -49.272 -34.793 64.690 -45.621
2 24 -35.113 62.306 -49.671 -33.491 62.624 -46.020
1 0 -36.6894 62.6657 -49.0013 1.5765 1.6224 -0.2742 -0.3593 0.3179 -1.7070 -0.6693 3.6508 0.2705 3-4cyli.dat
1 0 -34.8386 64.0135 -49.9412 1.5765 1.6224 -0.2742 -0.3593 0.3179 -1.7070 -0.6693 3.6508 0.2705 1-4cyli.dat
1 0 -34.8386 64.0135 -49.9412 -1.5765 1.6224 0.2742 0.3593 0.3179 1.7070 0.6693 3.6508 -0.2705 1-4cyli.dat
1 0 -32.9884 65.3607 -50.8807 1.5765 1.6224 -0.2742 -0.3593 0.3179 -1.7070 -0.6693 3.6508 0.2705 1-4cyli.dat
1 0 -32.9884 65.3607 -50.8807 -1.5765 1.6224 0.2742 0.3593 0.3179 1.7070 0.6693 3.6508 -0.2705 1-4cyli.dat
1 0 -31.1376 66.7085 -51.8207 -1.5765 1.6224 0.2742 0.3593 0.3179 1.7070 0.6693 3.6508 -0.2705 3-4cyli.dat
2 24 -35.784 65.541 -53.118 -34.086 65.868 -49.503
2 24 -34.745 63.313 -53.405 -33.047 63.640 -49.790
2 24 -33.798 66.600 -54.147 -32.100 66.927 -50.532
2 24 -32.759 64.372 -54.434 -31.061 64.699 -50.818
2 24 -37.771 64.482 -52.090 -36.073 64.809 -48.474
2 24 -36.732 62.254 -52.376 -35.034 62.581 -48.761
1 0 -38.2443 62.8397 -51.7188 1.5127 1.6980 -0.4737 -0.5845 0.3268 -1.6433 -0.6576 3.6154 0.3710 3-4cyli.dat
1 0 -36.2578 63.8985 -52.7475 1.5127 1.6980 -0.4737 -0.5845 0.3268 -1.6433 -0.6576 3.6154 0.3710 1-4cyli.dat
1 0 -36.2578 63.8985 -52.7475 -1.5127 1.6980 0.4737 0.5845 0.3268 1.6433 0.6576 3.6154 -0.3710 1-4cyli.dat
1 0 -34.2721 64.9570 -53.7758 1.5127 1.6980 -0.4737 -0.5845 0.3268 -1.6433 -0.6576 3.6154 0.3710 1-4cyli.dat
1 0 -34.2721 64.9570 -53.7758 -1.5127 1.6980 0.4737 0.5845 0.3268 1.6433 0.6576 3.6154 -0.3710 1-4cyli.dat
1 0 -32.2855 66.0159 -54.8045 -1.5127 1.6980 0.4737 0.5845 0.3268 1.6433 0.6576 3.6154 -0.3710 3-4cyli.dat
2 24 -37.104 65.316 -55.978 -35.335 65.650 -52.398
2 24 -36.231 63.010 -56.195 -34.461 63.344 -52.615
2 24 -35.063 66.192 -57.069 -33.293 66.526 -53.489
2 24 -34.189 63.886 -57.286 -32.420 64.220 -53.706
2 24 -39.146 64.440 -54.888 -37.376 64.774 -51.307
2 24 -38.273 62.134 -55.104 -36.503 62.468 -51.524
1 0 -39.7300 62.8498 -54.4506 1.4574 1.7697 -0.5841 -0.7148 0.3340 -1.5906 -0.6537 3.5803 0.4371 3-4cyli.dat
1 0 -37.6883 63.7257 -55.5415 1.4574 1.7697 -0.5841 -0.7148 0.3340 -1.5906 -0.6537 3.5803 0.4371 1-4cyli.dat
1 0 -37.6883 63.7257 -55.5415 -1.4574 1.7697 0.5841 0.7148 0.3340 1.5906 0.6537 3.5803 -0.4371 1-4cyli.dat
1 0 -35.6474 64.6012 -56.6319 1.4574 1.7697 -0.5841 -0.7148 0.3340 -1.5906 -0.6537 3.5803 0.4371 1-4cyli.dat
1 0 -35.6474 64.6012 -56.6319 -1.4574 1.7697 0.5841 0.7148 0.3340 1.5906 0.6537 3.5803 -0.4371 1-4cyli.dat
1 0 -33.6058 65.4771 -57.7228 -1.4574 1.7697 0.5841 0.7148 0.3340 1.5906 0.6537 3.5803 -0.4371 3-4cyli.dat
2 24 -38.513 65.069 -58.795 -36.668 65.409 -55.253
2 24 -37.757 62.718 -58.963 -35.912 63.058 -55.421
2 24 -36.450 65.814 -59.941 -34.605 66.154 -56.399
2 24 -35.693 63.463 -60.109 -33.849 63.804 -56.567
2 24 -40.576 64.323 -57.649 -38.731 64.663 -54.107
2 24 -39.820 61.972 -57.817 -37.975 62.313 -54.275
1 0 -41.2290 62.7756 -57.1598 1.4095 1.8444 -0.6534 -0.8025 0.3404 -1.5480 -0.6569 3.5417 0.4891 3-4cyli.dat
1 0 -39.1659 63.5211 -58.3059 1.4095 1.8444 -0.6534 -0.8025 0.3404 -1.5480 -0.6569 3.5417 0.4891 1-4cyli.dat
1 0 -39.1659 63.5211 -58.3059 -1.4095 1.8444 0.6534 0.8025 0.3404 1.5480 0.6569 3.5417 -0.4891 1-4cyli.dat
1 0 -37.1037 64.2663 -59.4515 1.4095 1.8444 -0.6534 -0.8025 0.3404 -1.5480 -0.6569 3.5417 0.4891 1-4cyli.dat
1 0 -37.1037 64.2663 -59.4515 -1.4095 1.8444 0.6534 0.8025 0.3404 1.5480 0.6569 3.5417 -0.4891 1-4cyli.dat
1 0 -35.0406 65.0118 -60.5976 -1.4095 1.8444 0.6534 0.8025 0.3404 1.5480 0.6569 3.5417 -0.4891 3-4cyli.dat
2 24 -40.004 64.810 -61.566 -38.064 65.157 -58.076
2 24 -39.343 62.428 -61.696 -37.404 62.775 -58.206
2 24 -37.941 65.447 -62.776 -36.001 65.794 -59.286
2 24 -37.281 63.066 -62.906 -35.341 63.413 -59.416
2 24 -42.066 64.172 -60.356 -40.127 64.519 -56.866
2 24 -41.406 61.790 -60.486 -39.467 62.137 -56.997
1 0 -42.7674 62.6625 -59.8167 1.3614 1.9395 -0.7012 -0.8719 0.3469 -1.5097 -0.6699 3.4899 0.5398 3-4cyli.dat
1 0 -40.7046 63.3004 -61.0265 1.3614 1.9395 -0.7012 -0.8719 0.3469 -1.5097 -0.6699 3.4899 0.5398 1-4cyli.dat
1 0 -40.7046 63.3004 -61.0265 -1.3614 1.9395 0.7012 0.8719 0.3469 1.5097 0.6699 3.4899 -0.5398 1-4cyli.dat
1 0 -38.6427 63.9380 -62.2358 1.3614 1.9395 -0.7012 -0.8719 0.3469 -1.5097 -0.6699 3.4899 0.5398 1-4cyli.dat
1 0 -38.6427 63.9380 -62.2358 -1.3614 1.9395 0.7012 0.8719 0.3469 1.5097 0.6699 3.4899 -0.5398 1-4cyli.dat
1 0 -36.5799 64.5759 -63.4457 -1.3614 1.9395 0.7012 0.8719 0.3469 1.5097 0.6699 3.4899 -0.5398 3-4cyli.dat
2 24 -41.583 64.541 -64.288 -39.554 64.893 -60.850
2 24 -40.993 62.140 -64.391 -38.964 62.491 -60.953
2 24 -39.532 65.100 -65.556 -37.503 65.451 -62.117
2 24 -38.941 62.698 -65.659 -36.913 63.050 -62.220
2 24 -43.634 63.983 -63.021 -41.606 64.334 -59.583
2 24 -43.044 61.581 -63.124 -41.015 61.933 -59.686
1 0 -44.3644 62.5033 -62.4392 1.3207 2.0286 -0.7304 -0.9214 0.3515 -1.4798 -0.6850 3.4384 0.5822 3-4cyli.dat
1 0 -42.3132 63.0618 -63.7065 1.3207 2.0286 -0.7304 -0.9214 0.3515 -1.4798 -0.6850 3.4384 0.5822 1-4cyli.dat
1 0 -42.3132 63.0618 -63.7065 -1.3207 2.0286 0.7304 0.9214 0.3515 1.4798 0.6850 3.4384 -0.5822 1-4cyli.dat
1 0 -40.2627 63.6201 -64.9732 1.3207 2.0286 -0.7304 -0.9214 0.3515 -1.4798 -0.6850 3.4384 0.5822 1-4cyli.dat
1 0 -40.2627 63.6201 -64.9732 -1.3207 2.0286 0.7304 0.9214 0.3515 1.4798 0.6850 3.4384 -0.5822 1-4cyli.dat
1 0 -38.2115 64.1786 -66.2405 -1.3207 2.0286 0.7304 0.9214 0.3515 1.4798 0.6850 3.4384 -0.5822 3-4cyli.dat
2 24 -43.381 64.246 -67.168 -41.244 64.601 -63.796
2 24 -42.852 61.829 -67.249 -40.716 62.184 -63.877
2 24 -41.355 64.733 -68.503 -39.218 65.089 -65.131
2 24 -40.826 62.317 -68.584 -38.689 62.672 -65.212
2 24 -45.407 63.758 -65.833 -43.270 64.113 -62.461
2 24 -44.878 61.341 -65.913 -42.742 61.697 -62.541
1 0 -46.1554 62.3064 -65.2058 1.2773 2.1366 -0.7486 -0.9643 0.3554 -1.4520 -0.7077 3.3720 0.6274 3-4cyli.dat
1 0 -44.1293 62.7941 -66.5410 1.2773 2.1366 -0.7486 -0.9643 0.3554 -1.4520 -0.7077 3.3720 0.6274 1-4cyli.dat
1 0 -44.1293 62.7941 -66.5410 -1.2773 2.1366 0.7486 0.9643 0.3554 1.4520 0.7077 3.3720 -0.6274 1-4cyli.dat
1 0 -42.1040 63.2816 -67.8757 1.2773 2.1366 -0.7486 -0.9643 0.3554 -1.4520 -0.7077 3.3720 0.6274 1-4cyli.dat
1 0 -42.1040 63.2816 -67.8757 -1.2773 2.1366 0.7486 0.9643 0.3554 1.4520 0.7077 3.3720 -0.6274 1-4cyli.dat
1 0 -40.0780 63.7693 -69.2109 -1.2773 2.1366 0.7486 0.9643 0.3554 1.4520 0.7077 3.3720 -0.6274 3-4cyli.dat
2 24 -45.134 63.968 -69.780 -42.893 64.326 -66.477
2 24 -44.654 61.541 -69.844 -42.413 61.899 -66.540
2 24 -43.140 64.399 -71.181 -40.898 64.757 -67.877
2 24 -42.659 61.972 -71.244 -40.418 62.330 -67.941
2 24 -47.129 63.537 -68.380 -44.888 63.895 -65.077
2 24 -46.649 61.110 -68.443 -44.408 61.468 -65.140
1 0 -47.8863 62.1090 -67.7119 1.2374 2.2413 -0.7573 -0.9980 0.3575 -1.4290 -0.7316 3.3031 0.6685 3-4cyli.dat
1 0 -45.8915 62.5400 -69.1121 1.2374 2.2413 -0.7573 -0.9980 0.3575 -1.4290 -0.7316 3.3031 0.6685 1-4cyli.dat
1 0 -45.8915 62.5400 -69.1121 -1.2374 2.2413 0.7573 0.9980 0.3575 1.4290 0.7316 3.3031 -0.6685 1-4cyli.dat
1 0 -43.8975 62.9708 -70.5118 1.2374 2.2413 -0.7573 -0.9980 0.3575 -1.4290 -0.7316 3.3031 0.6685 1-4cyli.dat
1 0 -43.8975 62.9708 -70.5118 -1.2374 2.2413 0.7573 0.9980 0.3575 1.4290 0.7316 3.3031 -0.6685 1-4cyli.dat
1 0 -41.9026 63.4018 -71.9119 -1.2374 2.2413 0.7573 0.9980 0.3575 1.4290 0.7316 3.3031 -0.6685 3-4cyli.dat
2 24 -46.988 63.690 -72.322 -44.633 64.048 -69.099
2 24 -46.551 61.254 -72.371 -44.196 61.612 -69.148
2 24 -45.034 64.070 -73.792 -42.679 64.428 -70.569
2 24 -44.597 61.635 -73.841 -42.242 61.993 -70.618
2 24 -48.943 63.310 -70.852 -46.588 63.668 -67.629
2 24 -48.505 60.874 -70.901 -46.151 61.232 -67.678
1 0 -49.7009 61.9022 -70.1415 1.1957 2.3549 -0.7586 -1.0275 0.3579 -1.4079 -0.7595 3.2231 0.7105 3-4cyli.dat
1 0 -47.7465 62.2826 -71.6117 1.1957 2.3549 -0.7586 -1.0275 0.3579 -1.4079 -0.7595 3.2231 0.7105 1-4cyli.dat
1 0 -47.7465 62.2826 -71.6117 -1.1957 2.3549 0.7586 1.0275 0.3579 1.4079 0.7595 3.2231 -0.7105 1-4cyli.dat
1 0 -45.7929 62.6628 -73.0812 1.1957 2.3549 -0.7586 -1.0275 0.3579 -1.4079 -0.7595 3.2231 0.7105 1-4cyli.dat
1 0 -45.7929 62.6628 -73.0812 -1.1957 2.3549 0.7586 1.0275 0.3579 1.4079 0.7595 3.2231 -0.7105 1-4cyli.dat
1 0 -43.8385 63.0431 -74.5514 -1.1957 2.3549 0.7586 1.0275 0.3579 1.4079 0.7595 3.2231 -0.7105 3-4cyli.dat
2 24 -48.935 63.412 -74.792 -46.457 63.768 -71.663
2 24 -48.537 60.970 -74.829 -46.058 61.326 -71.700
2 24 -47.032 63.746 -76.338 -44.553 64.103 -73.209
2 24 -46.633 61.304 -76.375 -44.155 61.660 -73.246
2 24 -50.839 63.078 -73.246 -48.360 63.434 -70.117
2 24 -50.441 60.635 -73.283 -47.962 60.992 -70.154
1 0 -51.5914 61.6902 -72.4921 1.1509 2.4785 -0.7526 -1.0541 0.3564 -1.3882 -0.7916 3.1291 0.7543 3-4cyli.dat
1 0 -49.6877 62.0243 -74.0380 1.1509 2.4785 -0.7526 -1.0541 0.3564 -1.3882 -0.7916 3.1291 0.7543 1-4cyli.dat
1 0 -49.6877 62.0243 -74.0380 -1.1509 2.4785 0.7526 1.0541 0.3564 1.3882 0.7916 3.1291 -0.7543 1-4cyli.dat
1 0 -47.7847 62.3583 -75.5833 1.1509 2.4785 -0.7526 -1.0541 0.3564 -1.3882 -0.7916 3.1291 0.7543 1-4cyli.dat
1 0 -47.7847 62.3583 -75.5833 -1.1509 2.4785 0.7526 1.0541 0.3564 1.3882 0.7916 3.1291 -0.7543 1-4cyli.dat
1 0 -45.8810 62.6924 -77.1293 -1.1509 2.4785 0.7526 1.0541 0.3564 1.3882 0.7916 3.1291 -0.7543 3-4cyli.dat
2 24 -51.000 63.137 -77.164 -48.386 63.490 -74.147
2 24 -50.638 60.689 -77.192 -48.024 61.041 -74.175
2 24 -49.159 63.428 -78.793 -46.545 63.780 -75.776
2 24 -48.797 60.979 -78.821 -46.183 61.332 -75.804
2 24 -52.841 62.847 -75.536 -50.227 63.199 -72.518
2 24 -52.479 60.398 -75.563 -49.865 60.751 -72.546
1 0 -53.5799 61.4779 -74.7354 1.1012 2.6142 -0.7394 -1.0788 0.3524 -1.3693 -0.8281 3.0172 0.8005 3-4cyli.dat
1 0 -51.7392 61.7684 -76.3642 1.1012 2.6142 -0.7394 -1.0788 0.3524 -1.3693 -0.8281 3.0172 0.8005 1-4cyli.dat
1 0 -51.7392 61.7684 -76.3642 -1.1012 2.6142 0.7394 1.0788 0.3524 1.3693 0.8281 3.0172 -0.8005 1-4cyli.dat
1 0 -49.8992 62.0587 -77.9923 1.1012 2.6142 -0.7394 -1.0788 0.3524 -1.3693 -0.8281 3.0172 0.8005 1-4cyli.dat
1 0 -49.8992 62.0587 -77.9923 -1.1012 2.6142 0.7394 1.0788 0.3524 1.3693 0.8281 3.0172 -0.8005 1-4cyli.dat
1 0 -48.0585 62.3492 -79.6211 -1.1012 2.6142 0.7394 1.0788 0.3524 1.3693 0.8281 3.0172 -0.8005 3-4cyli.dat
2 24 -53.335 62.845 -79.628 -50.588 63.191 -76.731
2 24 -53.005 60.392 -79.648 -50.258 60.738 -76.751
2 24 -51.564 63.097 -81.338 -48.816 63.443 -78.441
2 24 -51.234 60.644 -81.358 -48.486 60.990 -78.461
2 24 -55.107 62.593 -77.917 -52.359 62.939 -75.021
2 24 -54.777 60.140 -77.937 -52.029 60.486 -75.041
1 0 -55.8269 61.2410 -77.0727 1.0505 2.7478 -0.7206 -1.1003 0.3461 -1.3524 -0.8650 2.8968 0.8451 3-4cyli.dat
1 0 -54.0557 61.4931 -78.7829 1.0505 2.7478 -0.7206 -1.1003 0.3461 -1.3524 -0.8650 2.8968 0.8451 1-4cyli.dat
1 0 -54.0557 61.4931 -78.7829 -1.0505 2.7478 0.7206 1.1003 0.3461 1.3524 0.8650 2.8968 -0.8451 1-4cyli.dat
1 0 -52.2852 61.7451 -80.4924 1.0505 2.7478 -0.7206 -1.1003 0.3461 -1.3524 -0.8650 2.8968 0.8451 1-4cyli.dat
1 0 -52.2852 61.7451 -80.4924 -1.0505 2.7478 0.7206 1.1003 0.3461 1.3524 0.8650 2.8968 -0.8451 1-4cyli.dat
1 0 -50.5140 61.9973 -82.2027 -1.0505 2.7478 0.7206 1.1003 0.3461 1.3524 0.8650 2.8968 -0.8451 3-4cyli.dat
2 24 -55.643 62.585 -81.762 -52.714 62.919 -79.047
2 24 -55.351 60.127 -81.776 -52.422 60.461 -79.060
2 24 -53.979 62.792 -83.583 -51.050 63.126 -80.867
2 24 -53.687 60.335 -83.596 -50.758 60.668 -80.880
2 24 -57.307 62.377 -79.942 -54.379 62.711 -77.227
2 24 -57.015 59.920 -79.955 -54.086 60.253 -77.240
1 0 -57.9928 61.0453 -79.0391 0.9781 2.9285 -0.6859 -1.1250 0.3337 -1.3325 -0.9166 2.7155 0.9035 3-4cyli.dat
1 0 -56.3286 61.2528 -80.8593 0.9781 2.9285 -0.6859 -1.1250 0.3337 -1.3325 -0.9166 2.7155 0.9035 1-4cyli.dat
1 0 -56.3286 61.2528 -80.8593 -0.9781 2.9285 0.6859 1.1250 0.3337 1.3325 0.9166 2.7155 -0.9035 1-4cyli.dat
1 0 -54.6651 61.4602 -82.6788 0.9781 2.9285 -0.6859 -1.1250 0.3337 -1.3325 -0.9166 2.7155 0.9035 1-4cyli.dat
1 0 -54.6651 61.4602 -82.6788 -0.9781 2.9285 0.6859 1.1250 0.3337 1.3325 0.9166 2.7155 -0.9035 1-4cyli.dat
1 0 -53.0009 61.6678 -84.4990 -0.9781 2.9285 0.6859 1.1250 0.3337 1.3325 0.9166 2.7155 -0.9035 3-4cyli.dat
2 24 -58.072 62.335 -83.763 -55.003 62.656 -81.206
2 24 -57.808 59.874 -83.771 -54.739 60.195 -81.214
2 24 -56.502 62.510 -85.669 -53.433 62.830 -83.112
2 24 -56.239 60.049 -85.677 -53.169 60.369 -83.120
2 24 -59.641 62.161 -81.857 -56.572 62.481 -79.300
2 24 -59.378 59.700 -81.865 -56.308 60.020 -79.308
1 0 -60.2939 60.8435 -80.9086 0.9165 3.0693 -0.6528 -1.1431 0.3204 -1.3176 -0.9569 2.5570 0.9487 3-4cyli.dat
1 0 -58.7245 61.0180 -82.8143 0.9165 3.0693 -0.6528 -1.1431 0.3204 -1.3176 -0.9569 2.5570 0.9487 1-4cyli.dat
1 0 -58.7245 61.0180 -82.8143 -0.9165 3.0693 0.6528 1.1431 0.3204 1.3176 0.9569 2.5570 -0.9487 1-4cyli.dat
1 0 -57.1557 61.1925 -84.7194 0.9165 3.0693 -0.6528 -1.1431 0.3204 -1.3176 -0.9569 2.5570 0.9487 1-4cyli.dat
1 0 -57.1557 61.1925 -84.7194 -0.9165 3.0693 0.6528 1.1431 0.3204 1.3176 0.9569 2.5570 -0.9487 1-4cyli.dat
1 0 -55.5862 61.3671 -86.6251 -0.9165 3.0693 0.6528 1.1431 0.3204 1.3176 0.9569 2.5570 -0.9487 3-4cyli.dat
2 24 -60.619 62.100 -85.608 -57.389 62.402 -83.255
2 24 -60.386 59.636 -85.612 -57.156 59.938 -83.259
2 24 -59.173 62.241 -87.611 -55.942 62.542 -85.258
2 24 -58.940 59.777 -87.615 -55.709 60.078 -85.262
2 24 -62.065 61.960 -83.604 -58.835 62.261 -81.251
2 24 -61.832 59.496 -83.608 -58.602 59.797 -81.255
1 0 -62.6718 60.6584 -82.6049 0.8396 3.2302 -0.6067 -1.1618 0.3013 -1.3020 -1.0038 2.3531 0.9995 3-4cyli.dat
1 0 -61.2254 60.7987 -84.6084 0.8396 3.2302 -0.6067 -1.1618 0.3013 -1.3020 -1.0038 2.3531 0.9995 1-4cyli.dat
1 0 -61.2254 60.7987 -84.6084 -0.8396 3.2302 0.6067 1.1618 0.3013 1.3020 1.0038 2.3531 -0.9995 1-4cyli.dat
1 0 -59.7796 60.9389 -86.6111 0.8396 3.2302 -0.6067 -1.1618 0.3013 -1.3020 -1.0038 2.3531 0.9995 1-4cyli.dat
1 0 -59.7796 60.9389 -86.6111 -0.8396 3.2302 0.6067 1.1618 0.3013 1.3020 1.0038 2.3531 -0.9995 1-4cyli.dat
1 0 -58.3332 61.0791 -88.6146 -0.8396 3.2302 0.6067 1.1618 0.3013 1.3020 1.0038 2.3531 -0.9995 3-4cyli.dat
2 24 -63.301 61.886 -87.252 -59.912 62.163 -85.131
2 24 -63.098 59.419 -87.254 -59.709 59.697 -85.132
2 24 -61.995 61.994 -89.352 -58.606 62.272 -87.231
2 24 -61.792 59.528 -89.354 -58.404 59.805 -87.232
2 24 -64.607 61.777 -85.153 -61.218 62.055 -83.031
2 24 -64.404 59.311 -85.154 -61.015 59.588 -83.033
1 0 -65.1579 60.4903 -84.1039 0.7542 3.3887 -0.5514 -1.1790 0.2773 -1.2875 -1.0505 2.1216 1.0491 3-4cyli.dat
1 0 -63.8522 60.5989 -86.2037 0.7542 3.3887 -0.5514 -1.1790 0.2773 -1.2875 -1.0505 2.1216 1.0491 1-4cyli.dat
1 0 -63.8522 60.5989 -86.2037 -0.7542 3.3887 0.5514 1.1790 0.2773 1.2875 1.0505 2.1216 -1.0491 1-4cyli.dat
1 0 -62.5470 60.7074 -88.3026 0.7542 3.3887 -0.5514 -1.1790 0.2773 -1.2875 -1.0505 2.1216 1.0491 1-4cyli.dat
1 0 -62.5470 60.7074 -88.3026 -0.7542 3.3887 0.5514 1.1790 0.2773 1.2875 1.0505 2.1216 -1.0491 1-4cyli.dat
1 0 -61.2413 60.8159 -90.4024 -0.7542 3.3887 0.5514 1.1790 0.2773 1.2875 1.0505 2.1216 -1.0491 3-4cyli.dat
2 24 -66.090 61.693 -88.710 -62.553 61.942 -86.841
2 24 -65.916 59.224 -88.709 -62.379 59.473 -86.841
2 24 -64.939 61.773 -90.899 -61.402 62.022 -89.031
2 24 -64.765 59.304 -90.899 -61.228 59.553 -89.030
2 24 -67.241 61.612 -86.520 -63.704 61.861 -84.652
2 24 -67.067 59.143 -86.520 -63.530 59.392 -84.651
1 0 -67.7292 60.3379 -85.4256 0.6622 3.5368 -0.4887 -1.1941 0.2490 -1.2746 -1.0944 1.8684 1.0950 3-4cyli.dat
1 0 -66.5782 60.4184 -87.6152 0.6622 3.5368 -0.4887 -1.1941 0.2490 -1.2746 -1.0944 1.8684 1.0950 1-4cyli.dat
1 0 -66.5782 60.4184 -87.6152 -0.6622 3.5368 0.4887 1.1941 0.2490 1.2746 1.0944 1.8684 -1.0950 1-4cyli.dat
1 0 -65.4276 60.4988 -89.8039 0.6622 3.5368 -0.4887 -1.1941 0.2490 -1.2746 -1.0944 1.8684 1.0950 1-4cyli.dat
1 0 -65.4276 60.4988 -89.8039 -0.6622 3.5368 0.4887 1.1941 0.2490 1.2746 1.0944 1.8684 -1.0950 1-4cyli.dat
1 0 -64.2766 60.5792 -91.9935 -0.6622 3.5368 0.4887 1.1941 0.2490 1.2746 1.0944 1.8684 -1.0950 3-4cyli.dat
2 24 -69.003 61.531 -89.902 -65.319 61.743 -88.340
2 24 -68.861 59.060 -89.900 -65.177 59.272 -88.338
2 24 -68.040 61.584 -92.181 -64.355 61.797 -90.619
2 24 -67.898 59.114 -92.180 -64.214 59.326 -90.617
2 24 -69.966 61.477 -87.623 -66.282 61.690 -86.061
2 24 -69.825 59.006 -87.621 -66.140 59.219 -86.059
1 0 -70.3770 60.2154 -86.4828 0.5524 3.6846 -0.4107 -1.2086 0.2124 -1.2622 -1.1386 1.5622 1.1404 3-4cyli.dat
1 0 -69.4137 60.2691 -88.7621 0.5524 3.6846 -0.4107 -1.2086 0.2124 -1.2622 -1.1386 1.5622 1.1404 1-4cyli.dat
1 0 -69.4137 60.2691 -88.7621 -0.5524 3.6846 0.4107 1.2086 0.2124 1.2622 1.1386 1.5622 -1.1404 1-4cyli.dat
1 0 -68.4508 60.3227 -91.0404 0.5524 3.6846 -0.4107 -1.2086 0.2124 -1.2622 -1.1386 1.5622 1.1404 1-4cyli.dat
1 0 -68.4508 60.3227 -91.0404 -0.5524 3.6846 0.4107 1.2086 0.2124 1.2622 1.1386 1.5622 -1.1404 1-4cyli.dat
1 0 -67.4876 60.3763 -93.3196 -0.5524 3.6846 0.4107 1.2086 0.2124 1.2622 1.1386 1.5622 -1.1404 3-4cyli.dat
2 24 -72.248 61.392 -90.908 -68.431 61.560 -89.697
2 24 -72.139 58.919 -90.905 -68.323 59.087 -89.695
2 24 -71.500 61.422 -93.267 -67.684 61.590 -92.056
2 24 -71.392 58.950 -93.265 -67.576 59.118 -92.054
2 24 -72.995 61.361 -88.548 -69.178 61.529 -87.338
2 24 -72.887 58.889 -88.546 -69.070 59.057 -87.335
1 0 -73.3140 60.1104 -87.3680 0.4275 3.8167 -0.3195 -1.2210 0.1679 -1.2514 -1.1784 1.2107 1.1807 3-4cyli.dat
1 0 -72.5669 60.1409 -89.7274 0.4275 3.8167 -0.3195 -1.2210 0.1679 -1.2514 -1.1784 1.2107 1.1807 1-4cyli.dat
1 0 -72.5669 60.1409 -89.7274 -0.4275 3.8167 0.3195 1.2210 0.1679 1.2514 1.1784 1.2107 -1.1807 1-4cyli.dat
1 0 -71.8202 60.1713 -92.0858 0.4275 3.8167 -0.3195 -1.2210 0.1679 -1.2514 -1.1784 1.2107 1.1807 1-4cyli.dat
1 0 -71.8202 60.1713 -92.0858 -0.4275 3.8167 0.3195 1.2210 0.1679 1.2514 1.1784 1.2107 -1.1807 1-4cyli.dat
1 0 -71.0731 60.2017 -94.4451 -0.4275 3.8167 0.3195 1.2210 0.1679 1.2514 1.1784 1.2107 -1.1807 3-4cyli.dat
2 24 -75.327 61.300 -91.562 -71.415 61.422 -90.701
2 24 -75.251 58.826 -91.560 -71.339 58.948 -90.698
2 24 -74.796 61.314 -93.979 -70.883 61.436 -93.118
2 24 -74.719 58.840 -93.977 -70.807 58.962 -93.115
2 24 -75.859 61.286 -89.145 -71.947 61.407 -88.283
2 24 -75.783 58.812 -89.143 -71.871 58.934 -88.281
1 0 -76.0869 60.0422 -87.9356 0.3041 3.9121 -0.2277 -1.2297 0.1216 -1.2439 -1.2073 0.8615 1.2096 3-4cyli.dat
1 0 -75.5551 60.0564 -90.3528 0.3041 3.9121 -0.2277 -1.2297 0.1216 -1.2439 -1.2073 0.8615 1.2096 1-4cyli.dat
1 0 -75.5551 60.0564 -90.3528 -0.3041 3.9121 0.2277 1.2297 0.1216 1.2439 1.2073 0.8615 -1.2096 1-4cyli.dat
1 0 -75.0235 60.0706 -92.7689 0.3041 3.9121 -0.2277 -1.2297 0.1216 -1.2439 -1.2073 0.8615 1.2096 1-4cyli.dat
1 0 -75.0235 60.0706 -92.7689 -0.3041 3.9121 0.2277 1.2297 0.1216 1.2439 1.2073 0.8615 -1.2096 1-4cyli.dat
1 0 -74.4916 60.0847 -95.1861 -0.3041 3.9121 0.2277 1.2297 0.1216 1.2439 1.2073 0.8615 -1.2096 3-4cyli.dat
2 24 -78.458 61.249 -91.916 -74.484 61.322 -91.407
2 24 -78.413 58.775 -91.914 -74.438 58.848 -91.405
2 24 -78.143 61.253 -94.371 -74.169 61.326 -93.861
2 24 -78.098 58.779 -94.369 -74.124 58.852 -93.860
2 24 -78.773 61.245 -89.461 -74.798 61.318 -88.952
2 24 -78.727 58.771 -89.459 -74.753 58.844 -88.950
1 0 -78.9074 60.0066 -88.2332 0.1799 3.9745 -0.1347 -1.2353 0.0731 -1.2391 -1.2264 0.5095 1.2283 3-4cyli.dat
1 0 -78.5927 60.0105 -90.6881 0.1799 3.9745 -0.1347 -1.2353 0.0731 -1.2391 -1.2264 0.5095 1.2283 1-4cyli.dat
1 0 -78.5927 60.0105 -90.6881 -0.1799 3.9745 0.1347 1.2353 0.0731 1.2391 1.2264 0.5095 -1.2283 1-4cyli.dat
1 0 -78.2782 60.0144 -93.1420 0.1799 3.9745 -0.1347 -1.2353 0.0731 -1.2391 -1.2264 0.5095 1.2283 1-4cyli.dat
1 0 -78.2782 60.0144 -93.1420 -0.1799 3.9745 0.1347 1.2353 0.0731 1.2391 1.2264 0.5095 -1.2283 1-4cyli.dat
1 0 -77.9636 60.0182 -95.5969 -0.1799 3.9745 0.1347 1.2353 0.0731 1.2391 1.2264 0.5095 -1.2283 3-4cyli.dat
2 24 -81.580 61.233 -92.025 -77.576 61.258 -91.853
2 24 -81.565 58.758 -92.024 -77.561 58.783 -91.852
2 24 -81.474 61.233 -94.498 -77.470 61.258 -94.326
2 24 -81.459 58.758 -94.497 -77.455 58.783 -94.325
2 24 -81.686 61.234 -89.552 -77.682 61.259 -89.381
2 24 -81.671 58.759 -89.551 -77.667 58.784 -89.379
1 0 -81.7315 59.9971 -88.3160 0.0608 4.0039 -0.0454 -1.2376 0.0250 -1.2372 -1.2357 0.1718 1.2368 3-4cyli.dat
1 0 -81.6254 59.9967 -90.7887 0.0608 4.0039 -0.0454 -1.2376 0.0250 -1.2372 -1.2357 0.1718 1.2368 1-4cyli.dat
1 0 -81.6254 59.9967 -90.7887 -0.0608 4.0039 0.0454 1.2376 0.0250 1.2372 1.2357 0.1718 -1.2368 1-4cyli.dat
1 0 -81.5194 59.9962 -93.2604 0.0608 4.0039 -0.0454 -1.2376 0.0250 -1.2372 -1.2357 0.1718 1.2368 1-4cyli.dat
1 0 -81.5194 59.9962 -93.2604 -0.0608 4.0039 0.0454 1.2376 0.0250 1.2372 1.2357 0.1718 -1.2368 1-4cyli.dat
1 0 -81.4133 59.9958 -95.7332 -0.0608 4.0039 0.0454 1.2376 0.0250 1.2372 1.2357 0.1718 -1.2368 3-4cyli.dat
