0 FILE xt0020.dat
0 xt0020
0 Name:  Untitled_7
0 Author:  
0 BL_Item_No xt0020.dat
0 BFC CERTIFY CCW
1 71 0.0000 0.0000 0.0000 1.0000 0.0000 0.0000 0.0000 1.0000 0.0000 0.0000 0.0000 1.0000 58120.dat
1 72 -172.0000 -115.0000 43.0000 1.0000 0.0000 0.0000 0.0000 1.0000 0.0000 0.0000 0.0000 1.0000 58124c01.dat
2 24 -0.169 -25.016 121.397 0.011 -22.006 118.736
2 24 -0.165 -26.655 119.543 0.015 -23.646 116.882
2 24 -2.642 -24.936 121.321 -2.462 -21.926 118.660
2 24 -2.637 -26.575 119.466 -2.457 -23.565 116.806
2 24 2.303 -25.096 121.474 2.483 -22.086 118.813
2 24 2.308 -26.735 119.620 2.488 -23.726 116.959
1 0 3.5412 -25.9555 120.5854 -1.2340 0.1801 1.2383 -0.7796 3.0098 -0.8597 -0.9653 -2.6608 -0.8887 3-4cyli.dat
1 0 1.0687 -25.8753 120.5088 -1.2340 0.1801 1.2383 -0.7796 3.0098 -0.8597 -0.9653 -2.6608 -0.8887 1-4cyli.dat
1 0 1.0687 -25.8753 120.5088 1.2340 0.1801 -1.2383 0.7796 3.0098 0.8597 0.9653 -2.6608 0.8887 1-4cyli.dat
1 0 -1.4028 -25.7952 120.4322 -1.2340 0.1801 1.2383 -0.7796 3.0098 -0.8597 -0.9653 -2.6608 -0.8887 1-4cyli.dat
1 0 -1.4028 -25.7952 120.4322 1.2340 0.1801 -1.2383 0.7796 3.0098 0.8597 0.9653 -2.6608 0.8887 1-4cyli.dat
1 0 -3.8753 -25.7150 120.3555 1.2340 0.1801 -1.2383 0.7796 3.0098 0.8597 0.9653 -2.6608 0.8887 3-4cyli.dat
2 24 -0.659 -27.944 123.404 -0.142 -24.671 121.126
2 24 -0.609 -29.363 121.377 -0.091 -26.090 119.099
2 24 -3.113 -27.712 123.181 -2.596 -24.439 120.903
2 24 -3.063 -29.131 121.154 -2.545 -25.858 118.875
2 24 1.795 -28.177 123.628 2.312 -24.904 121.350
2 24 1.845 -29.596 121.601 2.363 -26.323 119.323
1 0 3.0463 -29.0021 122.7264 -1.2017 0.5175 1.2520 -0.5932 3.2732 -0.8256 -1.1253 -2.2781 -0.9018 3-4cyli.dat
1 0 0.5924 -28.7697 122.5028 -1.2017 0.5175 1.2520 -0.5932 3.2732 -0.8256 -1.1253 -2.2781 -0.9018 1-4cyli.dat
1 0 0.5924 -28.7697 122.5028 1.2017 0.5175 -1.2520 0.5932 3.2732 0.8256 1.1253 -2.2781 0.9018 1-4cyli.dat
1 0 -1.8605 -28.5374 122.2794 -1.2017 0.5175 1.2520 -0.5932 3.2732 -0.8256 -1.1253 -2.2781 -0.9018 1-4cyli.dat
1 0 -1.8605 -28.5374 122.2794 1.2017 0.5175 -1.2520 0.5932 3.2732 0.8256 1.1253 -2.2781 0.9018 1-4cyli.dat
1 0 -4.3144 -28.3049 122.0558 1.2017 0.5175 -1.2520 0.5932 3.2732 0.8256 1.1253 -2.2781 0.9018 3-4cyli.dat
2 24 -1.487 -30.894 124.818 -0.548 -27.384 123.094
2 24 -1.331 -32.016 122.617 -0.392 -28.506 120.894
2 24 -3.889 -30.447 124.420 -2.950 -26.937 122.696
2 24 -3.733 -31.569 122.219 -2.794 -28.059 120.496
2 24 0.915 -31.340 125.215 1.853 -27.830 123.492
2 24 1.070 -32.463 123.015 2.009 -28.953 121.292
1 0 2.1928 -32.1246 124.3146 -1.1228 0.9387 1.2786 -0.3376 3.5100 -0.7844 -1.2991 -1.7234 -0.9012 3-4cyli.dat
1 0 -0.2088 -31.6777 123.9166 -1.1228 0.9387 1.2786 -0.3376 3.5100 -0.7844 -1.2991 -1.7234 -0.9012 1-4cyli.dat
1 0 -0.2088 -31.6777 123.9166 1.1228 0.9387 -1.2786 0.3376 3.5100 0.7844 1.2991 -1.7234 0.9012 1-4cyli.dat
1 0 -2.6094 -31.2310 123.5188 -1.1228 0.9387 1.2786 -0.3376 3.5100 -0.7844 -1.2991 -1.7234 -0.9012 1-4cyli.dat
1 0 -2.6094 -31.2310 123.5188 1.1228 0.9387 -1.2786 0.3376 3.5100 0.7844 1.2991 -1.7234 0.9012 1-4cyli.dat
1 0 -5.0109 -30.7842 123.1208 1.1228 0.9387 -1.2786 0.3376 3.5100 0.7844 1.2991 -1.7234 0.9012 3-4cyli.dat
2 24 -2.620 -33.905 125.747 -1.337 -30.287 124.549
2 24 -2.326 -34.771 123.447 -1.043 -31.153 122.249
2 24 -4.947 -33.259 125.206 -3.664 -29.641 124.008
2 24 -4.653 -34.125 122.906 -3.370 -30.507 121.708
2 24 -0.293 -34.551 126.288 0.990 -30.934 125.090
2 24 0.001 -35.417 123.988 1.284 -31.800 122.790
1 0 1.0169 -35.3073 125.4085 -1.0164 1.2834 1.3105 -0.1098 3.6178 -0.7561 -1.4203 -1.1981 -0.8794 3-4cyli.dat
1 0 -1.3101 -34.6610 124.8676 -1.0164 1.2834 1.3105 -0.1098 3.6178 -0.7561 -1.4203 -1.1981 -0.8794 1-4cyli.dat
1 0 -1.3101 -34.6610 124.8676 1.0164 1.2834 -1.3105 0.1098 3.6178 0.7561 1.4203 -1.1981 0.8794 1-4cyli.dat
1 0 -3.6362 -34.0148 124.3268 -1.0164 1.2834 1.3105 -0.1098 3.6178 -0.7561 -1.4203 -1.1981 -0.8794 1-4cyli.dat
1 0 -3.6362 -34.0148 124.3268 1.0164 1.2834 -1.3105 0.1098 3.6178 0.7561 1.4203 -1.1981 0.8794 1-4cyli.dat
1 0 -5.9633 -33.3685 123.7859 1.0164 1.2834 -1.3105 0.1098 3.6178 0.7561 1.4203 -1.1981 0.8794 3-4cyli.dat
2 24 -4.067 -36.924 126.151 -2.410 -33.299 125.614
2 24 -3.562 -37.503 123.799 -1.905 -33.879 123.261
2 24 -6.265 -36.022 125.458 -4.608 -32.397 124.921
2 24 -5.760 -36.601 123.105 -4.103 -32.977 122.568
2 24 -1.869 -37.826 126.845 -0.212 -34.202 126.307
2 24 -1.364 -38.405 124.492 0.293 -34.781 123.955
1 0 -0.5182 -38.5664 126.0152 -0.8467 1.6571 1.3511 0.1614 3.6245 -0.7407 -1.5229 -0.5372 -0.8297 3-4cyli.dat
1 0 -2.7162 -37.6643 125.3219 -0.8467 1.6571 1.3511 0.1614 3.6245 -0.7407 -1.5229 -0.5372 -0.8297 1-4cyli.dat
1 0 -2.7162 -37.6643 125.3219 0.8467 1.6571 -1.3511 -0.1614 3.6245 0.7407 1.5229 -0.5372 0.8297 1-4cyli.dat
1 0 -4.9133 -36.7625 124.6289 -0.8467 1.6571 1.3511 0.1614 3.6245 -0.7407 -1.5229 -0.5372 -0.8297 1-4cyli.dat
1 0 -4.9133 -36.7625 124.6289 0.8467 1.6571 -1.3511 -0.1614 3.6245 0.7407 1.5229 -0.5372 0.8297 1-4cyli.dat
1 0 -7.1112 -35.8604 123.9356 0.8467 1.6571 -1.3511 -0.1614 3.6245 0.7407 1.5229 -0.5372 0.8297 3-4cyli.dat
2 24 -5.704 -39.814 126.110 -3.804 -36.271 126.070
2 24 -5.007 -40.215 123.769 -3.106 -36.671 123.730
2 24 -7.771 -38.715 125.306 -5.870 -35.171 125.267
2 24 -7.073 -39.115 122.966 -5.173 -35.572 122.926
2 24 -3.637 -40.914 126.914 -1.737 -37.370 126.874
2 24 -2.940 -41.314 124.573 -1.039 -37.770 124.533
1 0 -2.2559 -41.6633 126.1454 -0.6846 1.9005 1.3819 0.3496 3.5437 -0.7497 -1.5721 -0.0396 -0.7685 3-4cyli.dat
1 0 -4.3225 -40.5640 125.3417 -0.6846 1.9005 1.3819 0.3496 3.5437 -0.7497 -1.5721 -0.0396 -0.7685 1-4cyli.dat
1 0 -4.3225 -40.5640 125.3417 0.6846 1.9005 -1.3819 -0.3496 3.5437 0.7497 1.5721 -0.0396 0.7685 1-4cyli.dat
1 0 -6.3884 -39.4651 124.5383 -0.6846 1.9005 1.3819 0.3496 3.5437 -0.7497 -1.5721 -0.0396 -0.7685 1-4cyli.dat
1 0 -6.3884 -39.4651 124.5383 0.6846 1.9005 -1.3819 -0.3496 3.5437 0.7497 1.5721 -0.0396 0.7685 1-4cyli.dat
1 0 -8.4550 -38.3657 123.7346 0.6846 1.9005 -1.3819 -0.3496 3.5437 0.7497 1.5721 -0.0396 0.7685 3-4cyli.dat
2 24 -7.509 -42.562 125.675 -5.393 -39.175 126.141
2 24 -6.592 -42.821 123.391 -4.475 -39.433 123.857
2 24 -9.403 -41.253 124.766 -7.287 -37.866 125.232
2 24 -8.485 -41.512 122.482 -6.369 -38.125 122.948
2 24 -5.615 -43.870 126.584 -3.499 -40.483 127.050
2 24 -4.698 -44.129 124.300 -2.581 -40.742 124.766
1 0 -4.2100 -44.6537 125.8967 -0.4881 2.1164 1.4056 0.5249 3.3874 -0.7836 -1.5964 0.4666 -0.6874 3-4cyli.dat
1 0 -6.1039 -43.3452 124.9876 -0.4881 2.1164 1.4056 0.5249 3.3874 -0.7836 -1.5964 0.4666 -0.6874 1-4cyli.dat
1 0 -6.1039 -43.3452 124.9876 0.4881 2.1164 -1.4056 -0.5249 3.3874 0.7836 1.5964 0.4666 0.6874 1-4cyli.dat
1 0 -7.9971 -42.0372 124.0789 -0.4881 2.1164 1.4056 0.5249 3.3874 -0.7836 -1.5964 0.4666 -0.6874 1-4cyli.dat
1 0 -7.9971 -42.0372 124.0789 0.4881 2.1164 -1.4056 -0.5249 3.3874 0.7836 1.5964 0.4666 0.6874 1-4cyli.dat
1 0 -9.8910 -40.7286 123.1698 0.4881 2.1164 -1.4056 -0.5249 3.3874 0.7836 1.5964 0.4666 0.6874 3-4cyli.dat
2 24 -9.391 -45.140 124.958 -7.148 -41.901 125.760
2 24 -8.304 -45.345 122.744 -6.061 -42.105 123.546
2 24 -11.134 -43.688 123.969 -8.891 -40.449 124.771
2 24 -10.047 -43.893 121.754 -7.804 -40.653 122.557
2 24 -7.648 -46.592 125.948 -5.405 -43.352 126.750
2 24 -6.561 -46.796 123.734 -4.318 -43.557 124.536
1 0 -6.2334 -47.4200 125.3358 -0.3281 2.2432 1.4149 0.6238 3.2397 -0.8280 -1.6018 0.8022 -0.6122 3-4cyli.dat
1 0 -7.9765 -45.9680 124.3462 -0.3281 2.2432 1.4149 0.6238 3.2397 -0.8280 -1.6018 0.8022 -0.6122 1-4cyli.dat
1 0 -7.9765 -45.9680 124.3462 0.3281 2.2432 -1.4149 -0.6238 3.2397 0.8280 1.6018 0.8022 0.6122 1-4cyli.dat
1 0 -9.7188 -44.5167 123.3570 -0.3281 2.2432 1.4149 0.6238 3.2397 -0.8280 -1.6018 0.8022 -0.6122 1-4cyli.dat
1 0 -9.7188 -44.5167 123.3570 0.3281 2.2432 -1.4149 -0.6238 3.2397 0.8280 1.6018 0.8022 0.6122 1-4cyli.dat
1 0 -11.4619 -43.0648 122.3674 0.3281 2.2432 -1.4149 -0.6238 3.2397 0.8280 1.6018 0.8022 0.6122 3-4cyli.dat
2 24 -11.493 -47.761 123.937 -9.143 -44.693 125.052
2 24 -10.238 -47.949 121.812 -7.889 -44.882 122.927
2 24 -13.061 -46.171 122.870 -10.712 -43.104 123.985
2 24 -11.807 -46.360 120.745 -9.457 -43.292 121.860
2 24 -9.924 -49.350 125.005 -7.575 -46.282 126.119
2 24 -8.669 -49.538 122.880 -6.320 -46.471 123.994
1 0 -8.5130 -50.2384 124.4759 -0.1569 2.3492 1.4116 0.7002 3.0675 -0.8889 -1.5961 1.1148 -0.5287 3-4cyli.dat
1 0 -10.0816 -48.6491 123.4085 -0.1569 2.3492 1.4116 0.7002 3.0675 -0.8889 -1.5961 1.1148 -0.5287 1-4cyli.dat
1 0 -10.0816 -48.6491 123.4085 0.1569 2.3492 -1.4116 -0.7002 3.0675 0.8889 1.5961 1.1148 0.5287 1-4cyli.dat
1 0 -11.6496 -47.0605 122.3415 -0.1569 2.3492 1.4116 0.7002 3.0675 -0.8889 -1.5961 1.1148 -0.5287 1-4cyli.dat
1 0 -11.6496 -47.0605 122.3415 0.1569 2.3492 -1.4116 -0.7002 3.0675 0.8889 1.5961 1.1148 0.5287 1-4cyli.dat
1 0 -13.2182 -45.4713 121.2741 0.1569 2.3492 -1.4116 -0.7002 3.0675 0.8889 1.5961 1.1148 0.5287 3-4cyli.dat
2 24 -13.489 -50.048 122.804 -11.067 -47.136 124.154
2 24 -12.097 -50.263 120.769 -9.675 -47.350 122.118
2 24 -14.891 -48.355 121.667 -12.469 -45.443 123.017
2 24 -13.499 -48.569 119.631 -11.077 -45.657 120.981
2 24 -12.087 -51.741 123.941 -9.665 -48.829 125.291
2 24 -10.695 -51.956 121.906 -8.273 -49.043 123.256
1 0 -10.6904 -52.6947 123.4919 -0.0051 2.4221 1.3969 0.7394 2.9124 -0.9536 -1.5861 1.3500 -0.4491 3-4cyli.dat
1 0 -12.0926 -51.0016 122.3549 -0.0051 2.4221 1.3969 0.7394 2.9124 -0.9536 -1.5861 1.3500 -0.4491 1-4cyli.dat
1 0 -12.0926 -51.0016 122.3549 0.0051 2.4221 -1.3969 -0.7394 2.9124 0.9536 1.5861 1.3500 0.4491 1-4cyli.dat
1 0 -13.4942 -49.3092 121.2182 -0.0051 2.4221 1.3969 0.7394 2.9124 -0.9536 -1.5861 1.3500 -0.4491 1-4cyli.dat
1 0 -13.4942 -49.3092 121.2182 0.0051 2.4221 -1.3969 -0.7394 2.9124 0.9536 1.5861 1.3500 0.4491 1-4cyli.dat
1 0 -14.8963 -47.6160 120.0812 0.0051 2.4221 -1.3969 -0.7394 2.9124 0.9536 1.5861 1.3500 0.4491 3-4cyli.dat
2 24 -15.512 -52.214 121.531 -13.040 -49.432 123.052
2 24 -14.013 -52.480 119.580 -11.540 -49.697 121.101
2 24 -16.762 -50.447 120.330 -14.289 -47.665 121.851
2 24 -15.262 -50.713 118.379 -12.790 -47.930 119.901
2 24 -14.263 -53.981 122.731 -11.790 -51.199 124.253
2 24 -12.763 -54.247 120.781 -10.291 -51.464 122.302
1 0 -12.8886 -54.9970 122.3565 0.1250 2.4723 1.3745 0.7507 2.7827 -1.0161 -1.5758 1.5218 -0.3750 3-4cyli.dat
1 0 -14.1381 -53.2301 121.1557 0.1250 2.4723 1.3745 0.7507 2.7827 -1.0161 -1.5758 1.5218 -0.3750 1-4cyli.dat
1 0 -14.1381 -53.2301 121.1557 -0.1250 2.4723 -1.3745 -0.7507 2.7827 1.0161 1.5758 1.5218 0.3750 1-4cyli.dat
1 0 -15.3872 -51.4638 119.9553 0.1250 2.4723 1.3745 0.7507 2.7827 -1.0161 -1.5758 1.5218 -0.3750 1-4cyli.dat
1 0 -15.3872 -51.4638 119.9553 -0.1250 2.4723 -1.3745 -0.7507 2.7827 1.0161 1.5758 1.5218 0.3750 1-4cyli.dat
1 0 -16.6368 -49.6969 118.7544 -0.1250 2.4723 -1.3745 -0.7507 2.7827 1.0161 1.5758 1.5218 0.3750 3-4cyli.dat
2 24 -17.560 -54.276 120.146 -15.045 -51.622 121.820
2 24 -15.964 -54.613 118.284 -13.449 -51.959 119.958
2 24 -18.648 -52.447 118.883 -16.133 -49.793 120.557
2 24 -17.053 -52.784 117.020 -14.538 -50.130 118.695
2 24 -16.471 -56.105 121.409 -13.956 -53.451 123.084
2 24 -14.876 -56.442 119.547 -12.361 -53.788 121.221
1 0 -15.1298 -57.1872 121.1096 0.2533 2.5151 1.3417 0.7460 2.6535 -1.0828 -1.5626 1.6746 -0.2995 3-4cyli.dat
1 0 -16.2184 -55.3582 119.8464 0.2533 2.5151 1.3417 0.7460 2.6535 -1.0828 -1.5626 1.6746 -0.2995 1-4cyli.dat
1 0 -16.2184 -55.3582 119.8464 -0.2533 2.5151 -1.3417 -0.7460 2.6535 1.0828 1.5626 1.6746 0.2995 1-4cyli.dat
1 0 -17.3064 -53.5300 118.5837 0.2533 2.5151 1.3417 0.7460 2.6535 -1.0828 -1.5626 1.6746 -0.2995 1-4cyli.dat
1 0 -17.3064 -53.5300 118.5837 -0.2533 2.5151 -1.3417 -0.7460 2.6535 1.0828 1.5626 1.6746 0.2995 1-4cyli.dat
1 0 -18.3949 -51.7010 117.3205 -0.2533 2.5151 -1.3417 -0.7460 2.6535 1.0828 1.5626 1.6746 0.2995 3-4cyli.dat
2 24 -19.619 -56.251 118.678 -17.074 -53.696 120.459
2 24 -17.954 -56.667 116.895 -15.409 -54.112 118.676
2 24 -20.567 -54.385 117.357 -18.023 -51.831 119.138
2 24 -18.902 -54.801 115.574 -16.357 -52.247 117.355
2 24 -18.670 -58.116 119.999 -16.126 -55.562 121.780
2 24 -17.005 -58.532 118.216 -14.460 -55.978 119.997
1 0 -17.3641 -59.2568 119.7684 0.3584 2.5447 1.3067 0.7249 2.5543 -1.1408 -1.5519 1.7807 -0.2311 3-4cyli.dat
1 0 -18.3125 -57.3911 118.4474 0.3584 2.5447 1.3067 0.7249 2.5543 -1.1408 -1.5519 1.7807 -0.2311 1-4cyli.dat
1 0 -18.3125 -57.3911 118.4474 -0.3584 2.5447 -1.3067 -0.7249 2.5543 1.1408 1.5519 1.7807 0.2311 1-4cyli.dat
1 0 -19.2605 -55.5260 117.1270 0.3584 2.5447 1.3067 0.7249 2.5543 -1.1408 -1.5519 1.7807 -0.2311 1-4cyli.dat
1 0 -19.2605 -55.5260 117.1270 -0.3584 2.5447 -1.3067 -0.7249 2.5543 1.1408 1.5519 1.7807 0.2311 1-4cyli.dat
1 0 -20.2090 -53.6602 115.8060 -0.3584 2.5447 -1.3067 -0.7249 2.5543 1.1408 1.5519 1.7807 0.2311 3-4cyli.dat
2 24 -21.694 -58.145 117.136 -19.121 -55.692 119.017
2 24 -19.967 -58.652 115.437 -17.395 -56.200 117.318
2 24 -22.493 -56.250 115.759 -19.920 -53.797 117.640
2 24 -20.767 -56.758 114.059 -18.194 -54.305 115.940
2 24 -20.895 -60.039 118.514 -18.322 -57.587 120.395
2 24 -19.168 -60.547 116.815 -16.596 -58.094 118.695
1 0 -19.6325 -61.2397 118.3530 0.4636 2.5727 1.2625 0.6934 2.4526 -1.2010 -1.5384 1.8807 -0.1609 3-4cyli.dat
1 0 -20.4316 -59.3452 116.9755 0.4636 2.5727 1.2625 0.6934 2.4526 -1.2010 -1.5384 1.8807 -0.1609 1-4cyli.dat
1 0 -20.4316 -59.3452 116.9755 -0.4636 2.5727 -1.2625 -0.6934 2.4526 1.2010 1.5384 1.8807 0.1609 1-4cyli.dat
1 0 -21.2303 -57.4513 115.5984 0.4636 2.5727 1.2625 0.6934 2.4526 -1.2010 -1.5384 1.8807 -0.1609 1-4cyli.dat
1 0 -21.2303 -57.4513 115.5984 -0.4636 2.5727 -1.2625 -0.6934 2.4526 1.2010 1.5384 1.8807 0.1609 1-4cyli.dat
1 0 -22.0293 -55.5568 114.2209 -0.4636 2.5727 -1.2625 -0.6934 2.4526 1.2010 1.5384 1.8807 0.1609 3-4cyli.dat
2 24 -23.781 -59.962 115.530 -21.185 -57.598 117.490
2 24 -22.009 -60.565 113.911 -19.413 -58.201 115.870
2 24 -24.439 -58.053 114.098 -21.843 -55.689 116.058
2 24 -22.667 -58.657 112.479 -20.071 -56.292 114.439
2 24 -23.122 -61.871 116.961 -20.526 -59.506 118.921
2 24 -21.350 -62.474 115.342 -18.755 -60.110 117.302
1 0 -21.9078 -63.1266 116.8671 0.5568 2.5959 1.2150 0.6528 2.3646 -1.2559 -1.5252 1.9598 -0.0939 3-4cyli.dat
1 0 -22.5660 -61.2178 115.4358 0.5568 2.5959 1.2150 0.6528 2.3646 -1.2559 -1.5252 1.9598 -0.0939 1-4cyli.dat
1 0 -22.5660 -61.2178 115.4358 -0.5568 2.5959 -1.2150 -0.6528 2.3646 1.2559 1.5252 1.9598 0.0939 1-4cyli.dat
1 0 -23.2239 -59.3097 114.0051 0.5568 2.5959 1.2150 0.6528 2.3646 -1.2559 -1.5252 1.9598 -0.0939 1-4cyli.dat
1 0 -23.2239 -59.3097 114.0051 -0.5568 2.5959 -1.2150 -0.6528 2.3646 1.2559 1.5252 1.9598 0.0939 1-4cyli.dat
1 0 -23.8821 -57.4008 112.5737 -0.5568 2.5959 -1.2150 -0.6528 2.3646 1.2559 1.5252 1.9598 0.0939 3-4cyli.dat
2 24 -25.877 -61.720 113.876 -23.260 -59.436 115.903
2 24 -24.071 -62.422 112.336 -21.454 -60.139 114.363
2 24 -26.397 -59.807 112.393 -23.780 -57.524 114.420
2 24 -24.591 -60.510 110.854 -21.974 -58.226 112.881
2 24 -25.356 -63.632 115.359 -22.739 -61.348 117.386
2 24 -23.550 -64.334 113.819 -20.934 -62.051 115.846
1 0 -24.1937 -64.9388 115.3300 0.6427 2.6169 1.1629 0.6048 2.2835 -1.3073 -1.5111 2.0270 -0.0286 3-4cyli.dat
1 0 -24.7139 -63.0265 113.8474 0.6427 2.6169 1.1629 0.6048 2.2835 -1.3073 -1.5111 2.0270 -0.0286 1-4cyli.dat
1 0 -24.7139 -63.0265 113.8474 -0.6427 2.6169 -1.1629 -0.6048 2.2835 1.3073 1.5111 2.0270 0.0286 1-4cyli.dat
1 0 -25.2340 -61.1150 112.3653 0.6427 2.6169 1.1629 0.6048 2.2835 -1.3073 -1.5111 2.0270 -0.0286 1-4cyli.dat
1 0 -25.2340 -61.1150 112.3653 -0.6427 2.6169 -1.1629 -0.6048 2.2835 1.3073 1.5111 2.0270 0.0286 1-4cyli.dat
1 0 -25.7543 -59.2027 110.8827 -0.6427 2.6169 -1.1629 -0.6048 2.2835 1.3073 1.5111 2.0270 0.0286 3-4cyli.dat
2 24 -27.982 -63.418 112.179 -25.347 -61.205 114.259
2 24 -26.154 -64.219 110.715 -23.519 -62.006 112.796
2 24 -28.373 -61.513 110.648 -25.738 -59.300 112.728
2 24 -26.545 -62.314 109.184 -23.910 -60.101 111.265
2 24 -27.591 -65.323 113.710 -24.956 -63.110 115.790
2 24 -25.763 -66.124 112.246 -23.128 -63.911 114.327
1 0 -26.4818 -66.6755 113.7435 0.7185 2.6350 1.1096 0.5520 2.2133 -1.3528 -1.4971 2.0807 0.0338 3-4cyli.dat
1 0 -26.8729 -64.7706 112.2125 0.7185 2.6350 1.1096 0.5520 2.2133 -1.3528 -1.4971 2.0807 0.0338 1-4cyli.dat
1 0 -26.8729 -64.7706 112.2125 -0.7185 2.6350 -1.1096 -0.5520 2.2133 1.3528 1.4971 2.0807 -0.0338 1-4cyli.dat
1 0 -27.2638 -62.8665 110.6821 0.7185 2.6350 1.1096 0.5520 2.2133 -1.3528 -1.4971 2.0807 0.0338 1-4cyli.dat
1 0 -27.2638 -62.8665 110.6821 -0.7185 2.6350 -1.1096 -0.5520 2.2133 1.3528 1.4971 2.0807 -0.0338 1-4cyli.dat
1 0 -27.6549 -60.9615 109.1511 -0.7185 2.6350 -1.1096 -0.5520 2.2133 1.3528 1.4971 2.0807 -0.0338 3-4cyli.dat
2 24 -32.310 -66.774 108.638 -27.515 -62.973 112.512
2 24 -30.469 -67.697 107.265 -25.674 -63.896 111.140
2 24 -32.536 -64.880 107.060 -27.741 -61.079 110.935
2 24 -30.695 -65.804 105.688 -25.900 -62.003 109.562
2 24 -32.084 -68.667 110.216 -27.289 -64.866 114.090
2 24 -30.243 -69.591 108.843 -25.448 -65.790 112.718
1 0 -31.0514 -70.0750 110.3182 0.8074 4.7955 1.0334 0.4848 3.8010 -1.4085 -1.4749 3.8745 0.1027 3-4cyli.dat
1 0 -31.2774 -68.1815 108.7404 0.8074 4.7955 1.0334 0.4848 3.8010 -1.4085 -1.4749 3.8745 0.1027 1-4cyli.dat
1 0 -31.2774 -68.1815 108.7404 -0.8074 4.7955 -1.0334 -0.4848 3.8010 1.4085 1.4749 3.8745 -0.1027 1-4cyli.dat
1 0 -31.5033 -66.2889 107.1633 0.8074 4.7955 1.0334 0.4848 3.8010 -1.4085 -1.4749 3.8745 0.1027 1-4cyli.dat
1 0 -31.5033 -66.2889 107.1633 -0.8074 4.7955 -1.0334 -0.4848 3.8010 1.4085 1.4749 3.8745 -0.1027 1-4cyli.dat
1 0 -31.7293 -64.3954 105.5855 -0.8074 4.7955 -1.0334 -0.4848 3.8010 1.4085 1.4749 3.8745 -0.1027 3-4cyli.dat
2 24 -36.592 -69.834 105.035 -31.737 -66.239 109.031
2 24 -34.755 -70.950 103.808 -29.900 -67.356 107.804
2 24 -36.585 -67.998 103.375 -31.730 -64.403 107.371
2 24 -34.748 -69.114 102.148 -29.893 -65.520 106.144
2 24 -36.599 -71.669 106.695 -31.744 -68.075 110.691
2 24 -34.762 -72.786 105.468 -29.907 -69.192 109.464
1 0 -35.6845 -73.1450 106.9113 0.9218 4.8549 0.9147 0.3596 3.5942 -1.4761 -1.4434 3.9960 0.2164 3-4cyli.dat
1 0 -35.6774 -71.3091 105.2515 0.9218 4.8549 0.9147 0.3596 3.5942 -1.4761 -1.4434 3.9960 0.2164 1-4cyli.dat
1 0 -35.6774 -71.3091 105.2515 -0.9218 4.8549 -0.9147 -0.3596 3.5942 1.4761 1.4434 3.9960 -0.2164 1-4cyli.dat
1 0 -35.6704 -69.4740 103.5923 0.9218 4.8549 0.9147 0.3596 3.5942 -1.4761 -1.4434 3.9960 0.2164 1-4cyli.dat
1 0 -35.6704 -69.4740 103.5923 -0.9218 4.8549 -0.9147 -0.3596 3.5942 1.4761 1.4434 3.9960 -0.2164 1-4cyli.dat
1 0 -35.6633 -67.6381 101.9324 -0.9218 4.8549 -0.9147 -0.3596 3.5942 1.4761 1.4434 3.9960 -0.2164 3-4cyli.dat
2 24 -40.911 -72.741 101.362 -35.998 -69.328 105.444
2 24 -39.106 -74.038 100.273 -34.193 -70.626 104.356
2 24 -40.693 -70.985 99.631 -35.779 -67.573 103.713
2 24 -38.888 -72.283 98.543 -33.974 -68.870 102.625
2 24 -41.130 -74.497 103.092 -36.216 -71.084 107.175
2 24 -39.325 -75.794 102.004 -34.411 -72.381 106.087
1 0 -40.3370 -76.0226 103.4134 1.0118 4.9136 0.7932 0.2292 3.4126 -1.5264 -1.4093 4.0825 0.3213 3-4cyli.dat
1 0 -40.1184 -74.2669 101.6827 1.0118 4.9136 0.7932 0.2292 3.4126 -1.5264 -1.4093 4.0825 0.3213 1-4cyli.dat
1 0 -40.1184 -74.2669 101.6827 -1.0118 4.9136 -0.7932 -0.2292 3.4126 1.5264 1.4093 4.0825 -0.3213 1-4cyli.dat
1 0 -39.9000 -72.5119 99.9527 1.0118 4.9136 0.7932 0.2292 3.4126 -1.5264 -1.4093 4.0825 0.3213 1-4cyli.dat
1 0 -39.9000 -72.5119 99.9527 -1.0118 4.9136 -0.7932 -0.2292 3.4126 1.5264 1.4093 4.0825 -0.3213 1-4cyli.dat
1 0 -39.6814 -70.7562 98.2220 -1.0118 4.9136 -0.7932 -0.2292 3.4126 1.5264 1.4093 4.0825 -0.3213 3-4cyli.dat
2 24 -45.273 -75.518 97.642 -40.300 -72.264 101.783
2 24 -43.519 -76.979 96.685 -38.547 -73.726 100.826
2 24 -44.867 -73.859 95.851 -39.895 -70.605 99.992
2 24 -43.114 -75.320 94.894 -38.142 -72.066 99.035
2 24 -45.678 -77.178 99.433 -40.706 -73.924 103.574
2 24 -43.924 -78.639 98.476 -38.952 -75.385 102.616
1 0 -45.0041 -78.7376 99.8496 1.0792 4.9722 0.6740 0.0992 3.2538 -1.5603 -1.3739 4.1408 0.4167 3-4cyli.dat
1 0 -44.5988 -77.0780 98.0587 1.0792 4.9722 0.6740 0.0992 3.2538 -1.5603 -1.3739 4.1408 0.4167 1-4cyli.dat
1 0 -44.5988 -77.0780 98.0587 -1.0792 4.9722 -0.6740 -0.0992 3.2538 1.5603 1.3739 4.1408 -0.4167 1-4cyli.dat
1 0 -44.1936 -75.4191 96.2687 1.0792 4.9722 0.6740 0.0992 3.2538 -1.5603 -1.3739 4.1408 0.4167 1-4cyli.dat
1 0 -44.1936 -75.4191 96.2687 -1.0792 4.9722 -0.6740 -0.0992 3.2538 1.5603 1.3739 4.1408 -0.4167 1-4cyli.dat
1 0 -43.7883 -73.7594 94.4778 -1.0792 4.9722 -0.6740 -0.0992 3.2538 1.5603 1.3739 4.1408 -0.4167 3-4cyli.dat
2 24 -49.855 -78.279 93.750 -44.820 -75.175 97.929
2 24 -48.171 -79.888 92.916 -43.135 -76.784 97.094
2 24 -49.284 -76.726 91.909 -44.249 -73.622 96.088
2 24 -47.600 -78.336 91.075 -42.564 -75.232 95.253
2 24 -50.426 -79.831 95.591 -45.390 -76.727 99.770
2 24 -48.742 -81.441 94.757 -43.706 -78.337 98.936
1 0 -49.8696 -81.4116 96.0945 1.1277 5.0358 0.5569 -0.0285 3.1040 -1.5808 -1.3378 4.1788 0.5032 3-4cyli.dat
1 0 -49.2987 -79.8592 94.2533 1.1277 5.0358 0.5569 -0.0285 3.1040 -1.5808 -1.3378 4.1788 0.5032 1-4cyli.dat
1 0 -49.2987 -79.8592 94.2533 -1.1277 5.0358 -0.5569 0.0285 3.1040 1.5808 1.3378 4.1788 -0.5032 1-4cyli.dat
1 0 -48.7280 -78.3074 92.4130 1.1277 5.0358 0.5569 -0.0285 3.1040 -1.5808 -1.3378 4.1788 0.5032 1-4cyli.dat
1 0 -48.7280 -78.3074 92.4130 -1.1277 5.0358 -0.5569 0.0285 3.1040 1.5808 1.3378 4.1788 -0.5032 1-4cyli.dat
1 0 -48.1571 -76.7550 90.5719 -1.1277 5.0358 -0.5569 0.0285 3.1040 1.5808 1.3378 4.1788 -0.5032 3-4cyli.dat
2 24 -54.491 -80.930 89.848 -49.390 -77.962 94.046
2 24 -52.885 -82.669 89.126 -47.784 -79.701 93.323
2 24 -53.780 -79.491 87.965 -48.678 -76.522 92.163
2 24 -52.174 -81.229 87.243 -47.072 -78.261 91.440
2 24 -55.203 -82.370 91.732 -50.101 -79.402 95.929
2 24 -53.597 -84.109 91.009 -48.495 -81.141 95.206
1 0 -54.7558 -83.9590 92.3117 1.1588 5.1015 0.4473 -0.1495 2.9686 -1.5892 -1.3027 4.1974 0.5803 3-4cyli.dat
1 0 -54.0442 -82.5192 90.4285 1.1588 5.1015 0.4473 -0.1495 2.9686 -1.5892 -1.3027 4.1974 0.5803 1-4cyli.dat
1 0 -54.0442 -82.5192 90.4285 -1.1588 5.1015 -0.4473 0.1495 2.9686 1.5892 1.3027 4.1974 -0.5803 1-4cyli.dat
1 0 -53.3330 -81.0799 88.5461 1.1588 5.1015 0.4473 -0.1495 2.9686 -1.5892 -1.3027 4.1974 0.5803 1-4cyli.dat
1 0 -53.3330 -81.0799 88.5461 -1.1588 5.1015 -0.4473 0.1495 2.9686 1.5892 1.3027 4.1974 -0.5803 1-4cyli.dat
1 0 -52.6214 -79.6401 86.6630 -1.1588 5.1015 -0.4473 0.1495 2.9686 1.5892 1.3027 4.1974 -0.5803 3-4cyli.dat
2 24 -59.013 -83.372 86.096 -53.841 -80.530 90.295
2 24 -57.492 -85.223 85.475 -52.320 -82.382 89.674
2 24 -58.183 -82.047 84.177 -53.011 -79.205 88.376
2 24 -56.662 -83.898 83.556 -51.490 -81.056 87.755
2 24 -59.842 -84.697 88.014 -54.670 -81.856 92.213
2 24 -58.321 -86.548 87.393 -53.149 -83.707 91.592
1 0 -59.4968 -86.2846 88.6629 1.1752 5.1722 0.3457 -0.2629 2.8413 -1.5881 -1.2697 4.1990 0.6488 3-4cyli.dat
1 0 -58.6673 -84.9593 86.7443 1.1752 5.1722 0.3457 -0.2629 2.8413 -1.5881 -1.2697 4.1990 0.6488 1-4cyli.dat
1 0 -58.6673 -84.9593 86.7443 -1.1752 5.1722 -0.3457 0.2629 2.8413 1.5881 1.2697 4.1990 -0.6488 1-4cyli.dat
1 0 -57.8381 -83.6346 84.8265 1.1752 5.1722 0.3457 -0.2629 2.8413 -1.5881 -1.2697 4.1990 0.6488 1-4cyli.dat
1 0 -57.8381 -83.6346 84.8265 -1.1752 5.1722 -0.3457 0.2629 2.8413 1.5881 1.2697 4.1990 -0.6488 1-4cyli.dat
1 0 -57.0085 -82.3093 82.9078 -1.1752 5.1722 -0.3457 0.2629 2.8413 1.5881 1.2697 4.1990 -0.6488 3-4cyli.dat
2 24 -63.599 -85.719 82.361 -58.353 -82.995 86.547
2 24 -62.165 -87.665 81.831 -56.919 -84.941 86.017
2 24 -62.673 -84.506 80.412 -57.427 -81.782 84.597
2 24 -61.239 -86.453 79.882 -55.993 -83.729 84.067
2 24 -64.524 -86.931 84.311 -59.278 -84.207 88.496
2 24 -63.090 -88.878 83.781 -57.844 -86.154 87.966
1 0 -64.2699 -88.5100 85.0199 1.1795 5.2460 0.2541 -0.3670 2.7241 -1.5794 -1.2395 4.1851 0.7095 3-4cyli.dat
1 0 -63.3445 -87.2976 83.0707 1.1795 5.2460 0.2541 -0.3670 2.7241 -1.5794 -1.2395 4.1851 0.7095 1-4cyli.dat
1 0 -63.3445 -87.2976 83.0707 -1.1795 5.2460 -0.2541 0.3670 2.7241 1.5794 1.2395 4.1851 -0.7095 1-4cyli.dat
1 0 -62.4194 -86.0857 81.1223 1.1795 5.2460 0.2541 -0.3670 2.7241 -1.5794 -1.2395 4.1851 0.7095 1-4cyli.dat
1 0 -62.4194 -86.0857 81.1223 -1.1795 5.2460 -0.2541 0.3670 2.7241 1.5794 1.2395 4.1851 -0.7095 1-4cyli.dat
1 0 -61.4940 -84.8732 79.1732 -1.1795 5.2460 -0.2541 0.3670 2.7241 1.5794 1.2395 4.1851 -0.7095 3-4cyli.dat
2 24 -68.253 -87.975 78.658 -62.929 -85.362 82.815
2 24 -66.907 -90.003 78.208 -61.583 -87.390 82.366
2 24 -67.251 -86.872 76.682 -61.927 -84.259 80.839
2 24 -65.906 -88.900 76.232 -60.581 -86.287 80.389
2 24 -69.255 -89.078 80.634 -63.931 -86.465 84.791
2 24 -67.909 -91.105 80.185 -62.585 -88.493 84.342
1 0 -69.0832 -90.6424 81.3971 1.1738 5.3244 0.1720 -0.4624 2.6125 -1.5653 -1.2127 4.1572 0.7633 3-4cyli.dat
1 0 -68.0813 -89.5395 79.4209 1.1738 5.3244 0.1720 -0.4624 2.6125 -1.5653 -1.2127 4.1572 0.7633 1-4cyli.dat
1 0 -68.0813 -89.5395 79.4209 -1.1738 5.3244 -0.1720 0.4624 2.6125 1.5653 1.2127 4.1572 -0.7633 1-4cyli.dat
1 0 -67.0799 -88.4370 77.4454 1.1738 5.3244 0.1720 -0.4624 2.6125 -1.5653 -1.2127 4.1572 0.7633 1-4cyli.dat
1 0 -67.0799 -88.4370 77.4454 -1.1738 5.3244 -0.1720 0.4624 2.6125 1.5653 1.2127 4.1572 -0.7633 1-4cyli.dat
1 0 -66.0780 -87.3341 75.4692 -1.1738 5.3244 -0.1720 0.4624 2.6125 1.5653 1.2127 4.1572 -0.7633 3-4cyli.dat
2 24 -72.985 -90.138 74.998 -67.574 -87.637 79.112
2 24 -71.727 -92.236 74.620 -66.316 -89.735 78.733
2 24 -71.924 -89.141 72.997 -66.513 -86.640 77.111
2 24 -70.666 -91.239 72.618 -65.255 -88.738 76.732
2 24 -74.045 -91.136 77.000 -68.634 -88.634 81.114
2 24 -72.788 -93.233 76.621 -67.377 -90.732 80.735
1 0 -73.9468 -92.6824 77.8108 1.1591 5.4108 0.0985 -0.5502 2.5012 -1.5474 -1.1900 4.1138 0.8113 3-4cyli.dat
1 0 -72.8861 -91.6852 75.8093 1.1591 5.4108 0.0985 -0.5502 2.5012 -1.5474 -1.1900 4.1138 0.8113 1-4cyli.dat
1 0 -72.8861 -91.6852 75.8093 -1.1591 5.4108 -0.0985 0.5502 2.5012 1.5474 1.1900 4.1138 -0.8113 1-4cyli.dat
1 0 -71.8258 -90.6883 73.8086 1.1591 5.4108 0.0985 -0.5502 2.5012 -1.5474 -1.1900 4.1138 0.8113 1-4cyli.dat
1 0 -71.8258 -90.6883 73.8086 -1.1591 5.4108 -0.0985 0.5502 2.5012 1.5474 1.1900 4.1138 -0.8113 1-4cyli.dat
1 0 -70.7651 -89.6910 71.8071 -1.1591 5.4108 -0.0985 0.5502 2.5012 1.5474 1.1900 4.1138 -0.8113 3-4cyli.dat
2 24 -77.798 -92.212 71.395 -72.296 -89.819 75.451
2 24 -76.626 -94.369 71.078 -71.124 -91.976 75.134
2 24 -76.695 -91.315 69.369 -71.192 -88.922 73.425
2 24 -75.523 -93.472 69.052 -70.021 -91.079 73.108
2 24 -78.901 -93.109 73.421 -73.399 -90.716 77.477
2 24 -77.729 -95.266 73.104 -72.227 -92.873 77.160
1 0 -78.8669 -94.6356 74.2748 1.1374 5.5024 0.0343 -0.6299 2.3932 -1.5268 -1.1713 4.0561 0.8543 3-4cyli.dat
1 0 -77.7638 -93.7385 72.2490 1.1374 5.5024 0.0343 -0.6299 2.3932 -1.5268 -1.1713 4.0561 0.8543 1-4cyli.dat
1 0 -77.7638 -93.7385 72.2490 -1.1374 5.5024 -0.0343 0.6299 2.3932 1.5268 1.1713 4.0561 -0.8543 1-4cyli.dat
1 0 -76.6610 -92.8418 70.2240 1.1374 5.5024 0.0343 -0.6299 2.3932 -1.5268 -1.1713 4.0561 0.8543 1-4cyli.dat
1 0 -76.6610 -92.8418 70.2240 -1.1374 5.5024 -0.0343 0.6299 2.3932 1.5268 1.1713 4.0561 -0.8543 1-4cyli.dat
1 0 -75.5579 -91.9448 68.1981 -1.1374 5.5024 -0.0343 0.6299 2.3932 1.5268 1.1713 4.0561 -0.8543 3-4cyli.dat
2 24 -82.704 -94.190 67.866 -77.097 -91.910 71.844
2 24 -81.618 -96.398 67.601 -76.012 -94.118 71.580
2 24 -81.574 -93.388 65.815 -75.968 -91.109 69.793
2 24 -80.488 -95.597 65.550 -74.882 -93.317 69.529
2 24 -83.834 -94.991 69.917 -78.227 -92.711 73.895
2 24 -82.748 -97.199 69.653 -77.141 -94.919 73.631
1 0 -83.8555 -96.4951 70.8101 1.1077 5.6063 -0.0220 -0.7035 2.2799 -1.5047 -1.1578 3.9784 0.8932 3-4cyli.dat
1 0 -82.7258 -95.6939 68.7589 1.1077 5.6063 -0.0220 -0.7035 2.2799 -1.5047 -1.1578 3.9784 0.8932 1-4cyli.dat
1 0 -82.7258 -95.6939 68.7589 -1.1077 5.6063 0.0220 0.7035 2.2799 1.5047 1.1578 3.9784 -0.8932 1-4cyli.dat
1 0 -81.5965 -94.8929 66.7085 1.1077 5.6063 -0.0220 -0.7035 2.2799 -1.5047 -1.1578 3.9784 0.8932 1-4cyli.dat
1 0 -81.5965 -94.8929 66.7085 -1.1077 5.6063 0.0220 0.7035 2.2799 1.5047 1.1578 3.9784 -0.8932 1-4cyli.dat
1 0 -80.4667 -94.0917 64.6573 -1.1077 5.6063 0.0220 0.7035 2.2799 1.5047 1.1578 3.9784 -0.8932 3-4cyli.dat
2 24 -87.709 -96.071 64.426 -81.992 -93.905 68.309
2 24 -86.706 -98.324 64.206 -80.989 -96.157 68.089
2 24 -86.567 -95.360 62.348 -80.850 -93.194 66.231
2 24 -85.564 -97.613 62.128 -79.847 -95.446 66.012
2 24 -88.851 -96.782 66.503 -83.134 -94.616 70.386
2 24 -87.848 -99.034 66.284 -82.131 -96.868 70.167
1 0 -88.9200 -98.2633 67.4320 1.0722 5.7168 -0.0695 -0.7705 2.1669 -1.4814 -1.1485 3.8832 0.9289 3-4cyli.dat
1 0 -87.7782 -97.5524 65.3543 1.0722 5.7168 -0.0695 -0.7705 2.1669 -1.4814 -1.1485 3.8832 0.9289 1-4cyli.dat
1 0 -87.7782 -97.5524 65.3543 -1.0722 5.7168 0.0695 0.7705 2.1669 1.4814 1.1485 3.8832 -0.9289 1-4cyli.dat
1 0 -86.6370 -96.8417 63.2776 1.0722 5.7168 -0.0695 -0.7705 2.1669 -1.4814 -1.1485 3.8832 0.9289 1-4cyli.dat
1 0 -86.6370 -96.8417 63.2776 -1.0722 5.7168 0.0695 0.7705 2.1669 1.4814 1.1485 3.8832 -0.9289 1-4cyli.dat
1 0 -85.4952 -96.1307 61.1999 -1.0722 5.7168 0.0695 0.7705 2.1669 1.4814 1.1485 3.8832 -0.9289 3-4cyli.dat
2 24 -93.026 -97.919 60.968 -87.185 -95.873 64.730
2 24 -92.106 -100.209 60.786 -86.265 -98.164 64.547
2 24 -91.888 -97.294 58.861 -86.046 -95.249 62.623
2 24 -90.968 -99.585 58.679 -85.127 -97.539 62.440
2 24 -94.164 -98.544 63.075 -88.323 -96.498 66.837
2 24 -93.244 -100.834 62.893 -87.403 -98.789 66.655
1 0 -94.2733 -100.0008 64.0373 1.0288 5.8414 -0.1092 -0.8328 2.0454 -1.4576 -1.1447 3.7617 0.9622 3-4cyli.dat
1 0 -93.1352 -99.3760 61.9302 1.0288 5.8414 -0.1092 -0.8328 2.0454 -1.4576 -1.1447 3.7617 0.9622 1-4cyli.dat
1 0 -93.1352 -99.3760 61.9302 -1.0288 5.8414 0.1092 0.8328 2.0454 1.4576 1.1447 3.7617 -0.9622 1-4cyli.dat
1 0 -91.9975 -98.7514 59.8239 1.0288 5.8414 -0.1092 -0.8328 2.0454 -1.4576 -1.1447 3.7617 0.9622 1-4cyli.dat
1 0 -91.9975 -98.7514 59.8239 -1.0288 5.8414 0.1092 0.8328 2.0454 1.4576 1.1447 3.7617 -0.9622 1-4cyli.dat
1 0 -90.8594 -98.1265 57.7168 -1.0288 5.8414 0.1092 0.8328 2.0454 1.4576 1.1447 3.7617 -0.9622 3-4cyli.dat
2 24 -98.470 -99.648 57.657 -92.485 -97.738 61.260
2 24 -97.636 -101.973 57.503 -91.650 -100.063 61.106
2 24 -97.354 -99.106 55.515 -91.368 -97.196 59.119
2 24 -96.520 -101.431 55.362 -90.534 -99.521 58.965
2 24 -99.586 -100.190 59.798 -93.601 -98.280 63.401
2 24 -98.752 -102.515 59.644 -92.767 -100.605 63.248
1 0 -99.7274 -101.6224 60.7915 0.9752 5.9854 -0.1411 -0.8915 1.9096 -1.4334 -1.1474 3.6035 0.9939 3-4cyli.dat
1 0 -98.6111 -101.0805 58.6501 0.9752 5.9854 -0.1411 -0.8915 1.9096 -1.4334 -1.1474 3.6035 0.9939 1-4cyli.dat
1 0 -98.6111 -101.0805 58.6501 -0.9752 5.9854 0.1411 0.8915 1.9096 1.4334 1.1474 3.6035 -0.9939 1-4cyli.dat
1 0 -97.4952 -100.5388 56.5095 0.9752 5.9854 -0.1411 -0.8915 1.9096 -1.4334 -1.1474 3.6035 0.9939 1-4cyli.dat
1 0 -97.4952 -100.5388 56.5095 -0.9752 5.9854 0.1411 0.8915 1.9096 1.4334 1.1474 3.6035 -0.9939 1-4cyli.dat
1 0 -96.3789 -99.9969 54.3681 -0.9752 5.9854 0.1411 0.8915 1.9096 1.4334 1.1474 3.6035 -0.9939 3-4cyli.dat
2 24 -101.010 -100.394 56.181 -97.629 -99.387 58.112
2 24 -100.241 -102.744 56.061 -96.861 -101.737 57.992
2 24 -99.911 -99.924 54.013 -96.531 -98.917 55.945
2 24 -99.143 -102.274 53.893 -95.763 -101.267 55.825
2 24 -102.108 -100.864 58.348 -98.728 -99.857 60.280
2 24 -101.340 -103.214 58.228 -97.959 -102.207 60.160
1 0 -102.2732 -102.2734 59.3715 0.9334 3.3804 -0.1650 -0.9397 1.0069 -1.4097 -1.1437 1.9315 1.0236 3-4cyli.dat
1 0 -101.1747 -101.8034 57.2040 0.9334 3.3804 -0.1650 -0.9397 1.0069 -1.4097 -1.1437 1.9315 1.0236 1-4cyli.dat
1 0 -101.1747 -101.8034 57.2040 -0.9334 3.3804 0.1650 0.9397 1.0069 1.4097 1.1437 1.9315 -1.0236 1-4cyli.dat
1 0 -100.0767 -101.3335 55.0374 0.9334 3.3804 -0.1650 -0.9397 1.0069 -1.4097 -1.1437 1.9315 1.0236 1-4cyli.dat
1 0 -100.0767 -101.3335 55.0374 -0.9334 3.3804 0.1650 0.9397 1.0069 1.4097 1.1437 1.9315 -1.0236 1-4cyli.dat
1 0 -98.9783 -100.8634 52.8699 -0.9334 3.3804 0.1650 0.9397 1.0069 1.4097 1.1437 1.9315 -1.0236 3-4cyli.dat
2 24 -103.714 -101.148 54.696 -100.289 -100.183 56.570
2 24 -102.987 -103.512 54.586 -99.563 -102.546 56.460
2 24 -102.639 -100.716 52.509 -99.214 -99.751 54.382
2 24 -101.912 -103.080 52.399 -98.488 -102.114 54.272
2 24 -104.788 -101.580 56.883 -101.364 -100.615 58.757
2 24 -104.062 -103.944 56.773 -100.637 -102.978 58.647
1 0 -104.9625 -102.9774 57.9213 0.9005 3.4247 -0.1742 -0.9656 0.9654 -1.3976 -1.1485 1.8736 1.0385 3-4cyli.dat
1 0 -103.8878 -102.5453 55.7341 0.9005 3.4247 -0.1742 -0.9656 0.9654 -1.3976 -1.1485 1.8736 1.0385 1-4cyli.dat
1 0 -103.8878 -102.5453 55.7341 -0.9005 3.4247 0.1742 0.9656 0.9654 1.3976 1.1485 1.8736 -1.0385 1-4cyli.dat
1 0 -102.8134 -102.1134 53.5478 0.9005 3.4247 -0.1742 -0.9656 0.9654 -1.3976 -1.1485 1.8736 1.0385 1-4cyli.dat
1 0 -102.8134 -102.1134 53.5478 -0.9005 3.4247 0.1742 0.9656 0.9654 1.3976 1.1485 1.8736 -1.0385 1-4cyli.dat
1 0 -101.7386 -101.6813 51.3607 -0.9005 3.4247 0.1742 0.9656 0.9654 1.3976 1.1485 1.8736 -1.0385 3-4cyli.dat
2 24 -106.450 -101.873 53.255 -102.982 -100.948 55.069
2 24 -105.764 -104.249 53.155 -102.296 -103.324 54.969
2 24 -105.401 -101.478 51.048 -101.933 -100.553 52.862
2 24 -104.715 -103.854 50.949 -101.247 -102.929 52.762
2 24 -107.498 -102.269 55.462 -104.031 -101.344 57.276
2 24 -106.813 -104.645 55.362 -103.345 -103.720 57.176
1 0 -107.6797 -103.6539 56.5147 0.8672 3.4678 -0.1814 -0.9901 0.9248 -1.3856 -1.1532 1.8139 1.0533 3-4cyli.dat
1 0 -106.6310 -103.2583 54.3080 0.8672 3.4678 -0.1814 -0.9901 0.9248 -1.3856 -1.1532 1.8139 1.0533 1-4cyli.dat
1 0 -106.6310 -103.2583 54.3080 -0.8672 3.4678 0.1814 0.9901 0.9248 1.3856 1.1532 1.8139 -1.0533 1-4cyli.dat
1 0 -105.5826 -102.8629 52.1023 0.8672 3.4678 -0.1814 -0.9901 0.9248 -1.3856 -1.1532 1.8139 1.0533 1-4cyli.dat
1 0 -105.5826 -102.8629 52.1023 -0.8672 3.4678 0.1814 0.9901 0.9248 1.3856 1.1532 1.8139 -1.0533 1-4cyli.dat
1 0 -104.5339 -102.4673 49.8957 -0.8672 3.4678 0.1814 0.9901 0.9248 1.3856 1.1532 1.8139 -1.0533 3-4cyli.dat
2 24 -109.227 -102.557 51.880 -105.709 -101.680 53.620
2 24 -108.585 -104.946 51.787 -105.068 -104.068 53.527
2 24 -108.213 -102.198 49.650 -104.696 -101.321 51.391
2 24 -107.571 -104.587 49.558 -104.054 -103.710 51.298
2 24 -110.240 -102.916 54.109 -106.723 -102.038 55.849
2 24 -109.599 -105.304 54.016 -106.081 -104.427 55.757
1 0 -110.4262 -104.2887 55.1766 0.8275 3.5174 -0.1860 -1.0149 0.8773 -1.3735 -1.1608 1.7405 1.0682 3-4cyli.dat
1 0 -109.4126 -103.9300 52.9474 0.8275 3.5174 -0.1860 -1.0149 0.8773 -1.3735 -1.1608 1.7405 1.0682 1-4cyli.dat
1 0 -109.4126 -103.9300 52.9474 -0.8275 3.5174 0.1860 1.0149 0.8773 1.3735 1.1608 1.7405 -1.0682 1-4cyli.dat
1 0 -108.3993 -103.5714 50.7191 0.8275 3.5174 -0.1860 -1.0149 0.8773 -1.3735 -1.1608 1.7405 1.0682 1-4cyli.dat
1 0 -108.3993 -103.5714 50.7191 -0.8275 3.5174 0.1860 1.0149 0.8773 1.3735 1.1608 1.7405 -1.0682 1-4cyli.dat
1 0 -107.3857 -103.2127 48.4898 -0.8275 3.5174 0.1860 1.0149 0.8773 1.3735 1.1608 1.7405 -1.0682 3-4cyli.dat
2 24 -112.037 -103.210 50.554 -108.475 -102.377 52.225
2 24 -111.436 -105.610 50.470 -107.874 -104.776 52.140
2 24 -111.058 -102.886 48.305 -107.496 -102.053 49.975
2 24 -110.457 -105.286 48.221 -106.895 -104.452 49.891
2 24 -113.016 -103.534 52.804 -109.454 -102.701 54.474
2 24 -112.415 -105.934 52.720 -108.854 -105.100 54.390
1 0 -113.2053 -104.8953 53.8869 0.7899 3.5619 -0.1890 -1.0376 0.8336 -1.3616 -1.1669 1.6700 1.0828 3-4cyli.dat
1 0 -112.2263 -104.5713 51.6370 0.7899 3.5619 -0.1890 -1.0376 0.8336 -1.3616 -1.1669 1.6700 1.0828 1-4cyli.dat
1 0 -112.2263 -104.5713 51.6370 -0.7899 3.5619 0.1890 1.0376 0.8336 1.3616 1.1669 1.6700 -1.0828 1-4cyli.dat
1 0 -111.2476 -104.2474 49.3880 0.7899 3.5619 -0.1890 -1.0376 0.8336 -1.3616 -1.1669 1.6700 1.0828 1-4cyli.dat
1 0 -111.2476 -104.2474 49.3880 -0.7899 3.5619 0.1890 1.0376 0.8336 1.3616 1.1669 1.6700 -1.0828 1-4cyli.dat
1 0 -110.2685 -103.9234 47.1381 -0.7899 3.5619 0.1890 1.0376 0.8336 1.3616 1.1669 1.6700 -1.0828 3-4cyli.dat
2 24 -114.892 -103.814 49.314 -111.275 -103.037 50.890
2 24 -114.339 -106.225 49.234 -110.722 -105.448 50.810
2 24 -113.963 -103.526 47.038 -110.346 -102.748 48.614
2 24 -113.410 -105.937 46.959 -109.793 -105.160 48.535
2 24 -115.822 -104.102 51.589 -112.205 -103.325 53.165
2 24 -115.269 -106.513 51.510 -111.652 -105.736 53.086
1 0 -116.0100 -105.4513 52.6869 0.7412 3.6170 -0.1883 -1.0615 0.7777 -1.3495 -1.1774 1.5760 1.0981 3-4cyli.dat
1 0 -115.0804 -105.1633 50.4113 0.7412 3.6170 -0.1883 -1.0615 0.7777 -1.3495 -1.1774 1.5760 1.0981 1-4cyli.dat
1 0 -115.0804 -105.1633 50.4113 -0.7412 3.6170 0.1883 1.0615 0.7777 1.3495 1.1774 1.5760 -1.0981 1-4cyli.dat
1 0 -114.1512 -104.8753 48.1366 0.7412 3.6170 -0.1883 -1.0615 0.7777 -1.3495 -1.1774 1.5760 1.0981 1-4cyli.dat
1 0 -114.1512 -104.8753 48.1366 -0.7412 3.6170 0.1883 1.0615 0.7777 1.3495 1.1774 1.5760 -1.0981 1-4cyli.dat
1 0 -113.2215 -104.5873 45.8609 -0.7412 3.6170 0.1883 1.0615 0.7777 1.3495 1.1774 1.5760 -1.0981 3-4cyli.dat
2 24 -118.013 -104.426 48.048 -114.345 -103.701 49.531
2 24 -117.505 -106.847 47.975 -113.837 -106.122 49.457
2 24 -117.133 -104.171 45.749 -113.466 -103.447 47.231
2 24 -116.625 -106.593 45.675 -112.958 -105.868 47.158
2 24 -118.892 -104.680 50.347 -115.225 -103.955 51.830
2 24 -118.384 -107.101 50.274 -114.717 -106.376 51.757
1 0 -119.0777 -106.0166 51.4601 0.6937 3.6671 -0.1858 -1.0835 0.7244 -1.3375 -1.1862 1.4827 1.1130 3-4cyli.dat
1 0 -118.1982 -105.7626 49.1607 0.6937 3.6671 -0.1858 -1.0835 0.7244 -1.3375 -1.1862 1.4827 1.1130 1-4cyli.dat
1 0 -118.1982 -105.7626 49.1607 -0.6937 3.6671 0.1858 1.0835 0.7244 1.3375 1.1862 1.4827 -1.1130 1-4cyli.dat
1 0 -117.3190 -105.5086 46.8621 0.6937 3.6671 -0.1858 -1.0835 0.7244 -1.3375 -1.1862 1.4827 1.1130 1-4cyli.dat
1 0 -117.3190 -105.5086 46.8621 -0.6937 3.6671 0.1858 1.0835 0.7244 1.3375 1.1862 1.4827 -1.1130 1-4cyli.dat
1 0 -116.4395 -105.2546 44.5627 -0.6937 3.6671 0.1858 1.0835 0.7244 1.3375 1.1862 1.4827 -1.1130 3-4cyli.dat
2 24 -120.949 -104.937 46.976 -117.222 -104.280 48.336
2 24 -120.495 -107.369 46.906 -116.768 -106.712 48.265
2 24 -120.138 -104.718 44.648 -116.411 -104.061 46.008
2 24 -119.684 -107.150 44.577 -115.957 -106.493 45.937
2 24 -121.760 -105.156 49.304 -118.032 -104.499 50.664
2 24 -121.305 -107.587 49.234 -117.578 -106.931 50.593
1 0 -121.9377 -106.4803 50.4327 0.6324 3.7271 -0.1783 -1.1064 0.6567 -1.3253 -1.1992 1.3596 1.1288 3-4cyli.dat
1 0 -121.1270 -106.2615 48.1045 0.6324 3.7271 -0.1783 -1.1064 0.6567 -1.3253 -1.1992 1.3596 1.1288 1-4cyli.dat
1 0 -121.1270 -106.2615 48.1045 -0.6324 3.7271 0.1783 1.1064 0.6567 1.3253 1.1992 1.3596 -1.1288 1-4cyli.dat
1 0 -120.3166 -106.0427 45.7773 0.6324 3.7271 -0.1783 -1.1064 0.6567 -1.3253 -1.1992 1.3596 1.1288 1-4cyli.dat
1 0 -120.3166 -106.0427 45.7773 -0.6324 3.7271 0.1783 1.1064 0.6567 1.3253 1.1992 1.3596 -1.1288 1-4cyli.dat
1 0 -119.5059 -105.8238 43.4491 -0.6324 3.7271 0.1783 1.1064 0.6567 1.3253 1.1992 1.3596 -1.1288 3-4cyli.dat
2 24 -123.929 -105.401 45.994 -120.154 -104.801 47.245
2 24 -123.520 -107.841 45.930 -119.746 -107.241 47.181
2 24 -123.179 -105.213 43.642 -119.404 -104.614 44.894
2 24 -122.770 -107.654 43.578 -118.996 -107.054 44.830
2 24 -124.679 -105.588 48.345 -120.905 -104.988 49.596
2 24 -124.270 -108.028 48.281 -120.496 -107.429 49.533
1 0 -124.8494 -106.9009 49.4878 0.5793 3.7743 -0.1707 -1.1264 0.5993 -1.3136 -1.2074 1.2518 1.1435 3-4cyli.dat
1 0 -124.0993 -106.7137 47.1367 0.5793 3.7743 -0.1707 -1.1264 0.5993 -1.3136 -1.2074 1.2518 1.1435 1-4cyli.dat
1 0 -124.0993 -106.7137 47.1367 -0.5793 3.7743 0.1707 1.1264 0.5993 1.3136 1.2074 1.2518 -1.1435 1-4cyli.dat
1 0 -123.3495 -106.5266 44.7865 0.5793 3.7743 -0.1707 -1.1264 0.5993 -1.3136 -1.2074 1.2518 1.1435 1-4cyli.dat
1 0 -123.3495 -106.5266 44.7865 -0.5793 3.7743 0.1707 1.1264 0.5993 1.3136 1.2074 1.2518 -1.1435 1-4cyli.dat
1 0 -122.5995 -106.3394 42.4353 -0.5793 3.7743 0.1707 1.1264 0.5993 1.3136 1.2074 1.2518 -1.1435 3-4cyli.dat
2 24 -126.948 -105.801 45.136 -123.112 -105.283 46.229
2 24 -126.600 -108.250 45.075 -122.764 -107.733 46.167
2 24 -126.290 -105.647 42.755 -122.455 -105.130 43.848
2 24 -125.942 -108.097 42.694 -122.107 -107.580 43.786
2 24 -127.605 -105.954 47.517 -123.770 -105.437 48.610
2 24 -127.257 -108.404 47.456 -123.422 -107.886 48.548
1 0 -127.7601 -107.2549 48.6766 0.5028 3.8353 -0.1549 -1.1480 0.5172 -1.3014 -1.2213 1.0928 1.1596 3-4cyli.dat
1 0 -127.1024 -107.1015 46.2955 0.5028 3.8353 -0.1549 -1.1480 0.5172 -1.3014 -1.2213 1.0928 1.1596 1-4cyli.dat
1 0 -127.1024 -107.1015 46.2955 -0.5028 3.8353 0.1549 1.1480 0.5172 1.3014 1.2213 1.0928 -1.1596 1-4cyli.dat
1 0 -126.4449 -106.9482 43.9154 0.5028 3.8353 -0.1549 -1.1480 0.5172 -1.3014 -1.2213 1.0928 1.1596 1-4cyli.dat
1 0 -126.4449 -106.9482 43.9154 -0.5028 3.8353 0.1549 1.1480 0.5172 1.3014 1.2213 1.0928 -1.1596 1-4cyli.dat
1 0 -125.7872 -106.7948 41.5343 -0.5028 3.8353 0.1549 1.1480 0.5172 1.3014 1.2213 1.0928 -1.1596 3-4cyli.dat
2 24 -130.009 -106.142 44.398 -126.128 -105.696 45.348
2 24 -129.714 -108.598 44.343 -125.832 -108.152 45.293
2 24 -129.435 -106.018 41.994 -125.553 -105.572 42.944
2 24 -129.139 -108.475 41.938 -125.257 -108.029 42.889
2 24 -130.584 -106.265 46.802 -126.702 -105.819 47.752
2 24 -130.288 -108.721 46.747 -126.406 -108.275 47.697
1 0 -130.7231 -107.5541 47.9761 0.4350 3.8819 -0.1393 -1.1666 0.4459 -1.2898 -1.2297 0.9503 1.1744 3-4cyli.dat
1 0 -130.1487 -107.4309 45.5718 0.4350 3.8819 -0.1393 -1.1666 0.4459 -1.2898 -1.2297 0.9503 1.1744 1-4cyli.dat
1 0 -130.1487 -107.4309 45.5718 -0.4350 3.8819 0.1393 1.1666 0.4459 1.2898 1.2297 0.9503 -1.1744 1-4cyli.dat
1 0 -129.5745 -107.3077 43.1685 0.4350 3.8819 -0.1393 -1.1666 0.4459 -1.2898 -1.2297 0.9503 1.1744 1-4cyli.dat
1 0 -129.5745 -107.3077 43.1685 -0.4350 3.8819 0.1393 1.1666 0.4459 1.2898 1.2297 0.9503 -1.1744 1-4cyli.dat
1 0 -129.0001 -107.1845 40.7643 -0.4350 3.8819 0.1393 1.1666 0.4459 1.2898 1.2297 0.9503 -1.1744 3-4cyli.dat
2 24 -133.102 -106.420 43.788 -129.173 -106.058 44.568
2 24 -132.865 -108.883 43.739 -128.936 -108.521 44.519
2 24 -132.628 -106.326 41.360 -128.700 -105.964 42.140
2 24 -132.391 -108.789 41.311 -128.463 -108.427 42.091
2 24 -133.575 -106.514 46.215 -129.647 -106.151 46.995
2 24 -133.338 -108.977 46.166 -129.410 -108.614 46.946
1 0 -133.6930 -107.7916 47.4042 0.3551 3.9283 -0.1181 -1.1846 0.3625 -1.2784 -1.2381 0.7798 1.1892 3-4cyli.dat
1 0 -133.2198 -107.6979 44.9767 0.3551 3.9283 -0.1181 -1.1846 0.3625 -1.2784 -1.2381 0.7798 1.1892 1-4cyli.dat
1 0 -133.2198 -107.6979 44.9767 -0.3551 3.9283 0.1181 1.1846 0.3625 1.2784 1.2381 0.7798 -1.1892 1-4cyli.dat
1 0 -132.7467 -107.6041 42.5502 0.3551 3.9283 -0.1181 -1.1846 0.3625 -1.2784 -1.2381 0.7798 1.1892 1-4cyli.dat
1 0 -132.7467 -107.6041 42.5502 -0.3551 3.9283 0.1181 1.1846 0.3625 1.2784 1.2381 0.7798 -1.1892 1-4cyli.dat
1 0 -132.2735 -107.5104 40.1226 -0.3551 3.9283 0.1181 1.1846 0.3625 1.2784 1.2381 0.7798 -1.1892 3-4cyli.dat
2 24 -136.227 -106.613 43.358 -132.255 -106.350 43.930
2 24 -136.057 -109.082 43.316 -132.085 -108.818 43.888
2 24 -135.878 -106.548 40.908 -131.906 -106.284 41.481
2 24 -135.708 -109.016 40.866 -131.736 -108.753 41.439
2 24 -136.575 -106.679 45.807 -132.604 -106.415 46.380
2 24 -136.406 -109.147 45.765 -132.434 -108.884 46.338
1 0 -136.6649 -107.9453 47.0103 0.2593 3.9716 -0.0895 -1.2015 0.2636 -1.2671 -1.2455 0.5727 1.2037 3-4cyli.dat
1 0 -136.3160 -107.8797 44.5608 0.2593 3.9716 -0.0895 -1.2015 0.2636 -1.2671 -1.2455 0.5727 1.2037 1-4cyli.dat
1 0 -136.3160 -107.8797 44.5608 -0.2593 3.9716 0.0895 1.2015 0.2636 1.2671 1.2455 0.5727 -1.2037 1-4cyli.dat
1 0 -135.9673 -107.8142 42.1124 0.2593 3.9716 -0.0895 -1.2015 0.2636 -1.2671 -1.2455 0.5727 1.2037 1-4cyli.dat
1 0 -135.9673 -107.8142 42.1124 -0.2593 3.9716 0.0895 1.2015 0.2636 1.2671 1.2455 0.5727 -1.2037 1-4cyli.dat
1 0 -135.6185 -107.7486 39.6630 -0.2593 3.9716 0.0895 1.2015 0.2636 1.2671 1.2455 0.5727 -1.2037 3-4cyli.dat
2 24 -139.373 -106.736 43.078 -135.371 -106.570 43.442
2 24 -139.267 -109.209 43.047 -135.266 -109.042 43.411
2 24 -139.150 -106.696 40.613 -135.149 -106.529 40.978
2 24 -139.044 -109.168 40.582 -135.043 -109.002 40.947
2 24 -139.596 -106.777 45.542 -135.594 -106.610 45.907
2 24 -139.490 -109.249 45.511 -135.489 -109.083 45.876
1 0 -139.6542 -108.0328 46.7587 0.1642 4.0013 -0.0586 -1.2159 0.1664 -1.2565 -1.2478 0.3646 1.2166 3-4cyli.dat
1 0 -139.4313 -107.9923 44.2941 0.1642 4.0013 -0.0586 -1.2159 0.1664 -1.2565 -1.2478 0.3646 1.2166 1-4cyli.dat
1 0 -139.4313 -107.9923 44.2941 -0.1642 4.0013 0.0586 1.2159 0.1664 1.2565 1.2478 0.3646 -1.2166 1-4cyli.dat
1 0 -139.2085 -107.9517 41.8304 0.1642 4.0013 -0.0586 -1.2159 0.1664 -1.2565 -1.2478 0.3646 1.2166 1-4cyli.dat
1 0 -139.2085 -107.9517 41.8304 -0.1642 4.0013 0.0586 1.2159 0.1664 1.2565 1.2478 0.3646 -1.2166 1-4cyli.dat
1 0 -138.9857 -107.9112 39.3658 -0.1642 4.0013 0.0586 1.2159 0.1664 1.2565 1.2478 0.3646 -1.2166 3-4cyli.dat
2 24 -142.420 -106.769 42.995 -138.402 -106.707 43.134
2 24 -142.381 -109.244 42.978 -138.363 -109.181 43.116
2 24 -142.335 -106.751 40.521 -138.317 -106.688 40.660
2 24 -142.296 -109.226 40.504 -138.277 -109.163 40.643
2 24 -142.506 -106.788 45.468 -138.487 -106.725 45.607
2 24 -142.466 -109.263 45.451 -138.448 -109.200 45.590
1 0 -142.5284 -108.0342 46.6959 0.0622 4.0184 -0.0229 -1.2279 0.0629 -1.2465 -1.2453 0.1388 1.2280 3-4cyli.dat
1 0 -142.4433 -108.0156 44.2224 0.0622 4.0184 -0.0229 -1.2279 0.0629 -1.2465 -1.2453 0.1388 1.2280 1-4cyli.dat
1 0 -142.4433 -108.0156 44.2224 -0.0622 4.0184 0.0229 1.2279 0.0629 1.2465 1.2453 0.1388 -1.2280 1-4cyli.dat
1 0 -142.3581 -107.9970 41.7499 0.0622 4.0184 -0.0229 -1.2279 0.0629 -1.2465 -1.2453 0.1388 1.2280 1-4cyli.dat
1 0 -142.3581 -107.9970 41.7499 -0.0622 4.0184 0.0229 1.2279 0.0629 1.2465 1.2453 0.1388 -1.2280 1-4cyli.dat
1 0 -142.2729 -107.9784 39.2765 -0.0622 4.0184 0.0229 1.2279 0.0629 1.2465 1.2453 0.1388 -1.2280 3-4cyli.dat
