0 FILE xt0016.dat
0 xt0016
0 Name:  UntitledModel
0 Author:  
0 BL_Item_No xt0016.dat
0 BFC CERTIFY CCW
1 71 0.0000 0.0000 0.0000 1.0000 0.0000 0.0000 0.0000 1.0000 0.0000 0.0000 0.0000 1.0000 58120.dat
1 72 0.0000 180.0000 117.0000 -1.0000 0.0000 0.0000 0.0000 0.0000 -1.0000 0.0000 -1.0000 0.0000 58124c01.dat
2 24 -0.168 -24.688 121.524 0.014 -21.938 118.635
2 24 -0.168 -26.480 119.818 0.014 -23.730 116.929
2 24 -2.641 -24.610 121.443 -2.458 -21.860 118.553
2 24 -2.641 -26.402 119.736 -2.459 -23.652 116.847
2 24 2.304 -24.765 121.606 2.486 -22.015 118.716
2 24 2.304 -26.558 119.900 2.486 -23.808 117.010
1 0 3.5399 -25.7004 120.7939 -1.2362 0.1821 1.2360 -0.8574 2.7500 -0.9353 -0.8939 -2.8895 -0.8122 3-4cyli.dat
1 0 1.0675 -25.6225 120.7123 -1.2362 0.1821 1.2360 -0.8574 2.7500 -0.9353 -0.8939 -2.8895 -0.8122 1-4cyli.dat
1 0 1.0675 -25.6225 120.7123 1.2362 0.1821 -1.2360 0.8574 2.7500 0.9353 0.8939 -2.8895 0.8122 1-4cyli.dat
1 0 -1.4040 -25.5446 120.6306 -1.2362 0.1821 1.2360 -0.8574 2.7500 -0.9353 -0.8939 -2.8895 -0.8122 1-4cyli.dat
1 0 -1.4040 -25.5446 120.6306 1.2362 0.1821 -1.2360 0.8574 2.7500 0.9353 0.8939 -2.8895 0.8122 1-4cyli.dat
1 0 -3.8764 -25.4667 120.5489 1.2362 0.1821 -1.2360 0.8574 2.7500 0.9353 0.8939 -2.8895 0.8122 3-4cyli.dat
2 24 -0.651 -26.823 124.028 -0.112 -24.240 121.030
2 24 -0.654 -28.698 122.412 -0.115 -26.115 119.414
2 24 -3.103 -26.602 123.777 -2.564 -24.020 120.780
2 24 -3.106 -28.477 122.161 -2.567 -25.894 119.164
2 24 1.802 -27.044 124.278 2.341 -24.461 121.281
2 24 1.799 -28.918 122.662 2.337 -26.335 119.665
1 0 3.0259 -28.0908 123.5961 -1.2277 0.5389 1.2244 -0.8269 2.5829 -1.0475 -0.9334 -2.9972 -0.6825 3-4cyli.dat
1 0 0.5735 -27.8702 123.3452 -1.2277 0.5389 1.2244 -0.8269 2.5829 -1.0475 -0.9334 -2.9972 -0.6825 1-4cyli.dat
1 0 0.5735 -27.8702 123.3452 1.2277 0.5389 -1.2244 0.8269 2.5829 1.0475 0.9334 -2.9972 0.6825 1-4cyli.dat
1 0 -1.8779 -27.6496 123.0945 -1.2277 0.5389 1.2244 -0.8269 2.5829 -1.0475 -0.9334 -2.9972 -0.6825 1-4cyli.dat
1 0 -1.8779 -27.6496 123.0945 1.2277 0.5389 -1.2244 0.8269 2.5829 1.0475 0.9334 -2.9972 0.6825 1-4cyli.dat
1 0 -4.3302 -27.4290 122.8436 1.2277 0.5389 -1.2244 0.8269 2.5829 1.0475 0.9334 -2.9972 0.6825 3-4cyli.dat
2 24 -1.494 -28.552 126.397 -0.464 -26.251 123.300
2 24 -1.502 -30.537 124.919 -0.473 -28.236 121.822
2 24 -3.885 -28.164 125.890 -2.855 -25.863 122.793
2 24 -3.894 -30.149 124.412 -2.864 -27.848 121.315
2 24 0.898 -28.940 126.904 1.928 -26.639 123.807
2 24 0.889 -30.926 125.426 1.919 -28.625 122.329
1 0 2.0883 -30.1266 126.4182 -1.2000 1.0299 1.1911 -0.7984 2.3011 -1.1865 -0.9924 -3.0966 -0.4856 3-4cyli.dat
1 0 -0.3029 -29.7385 125.9112 -1.2000 1.0299 1.1911 -0.7984 2.3011 -1.1865 -0.9924 -3.0966 -0.4856 1-4cyli.dat
1 0 -0.3029 -29.7385 125.9112 1.2000 1.0299 -1.1911 0.7984 2.3011 1.1865 0.9924 -3.0966 0.4856 1-4cyli.dat
1 0 -2.6932 -29.3505 125.4045 -1.2000 1.0299 1.1911 -0.7984 2.3011 -1.1865 -0.9924 -3.0966 -0.4856 1-4cyli.dat
1 0 -2.6932 -29.3505 125.4045 1.2000 1.0299 -1.1911 0.7984 2.3011 1.1865 0.9924 -3.0966 0.4856 1-4cyli.dat
1 0 -5.0844 -28.9623 124.8976 1.2000 1.0299 -1.1911 0.7984 2.3011 1.1865 0.9924 -3.0966 0.4856 3-4cyli.dat
2 24 -2.801 -29.934 128.768 -1.225 -28.024 125.635
2 24 -2.819 -32.043 127.473 -1.243 -30.134 124.340
2 24 -5.075 -29.409 127.944 -3.499 -27.499 124.811
2 24 -5.093 -31.518 126.649 -3.517 -29.609 123.516
2 24 -0.527 -30.459 129.592 1.049 -28.549 126.459
2 24 -0.545 -32.568 128.297 1.031 -30.659 125.164
1 0 0.6008 -31.7752 129.3563 -1.1459 1.5757 1.1280 -0.7922 1.9094 -1.3170 -1.0591 -3.1331 -0.2353 3-4cyli.dat
1 0 -1.6733 -31.2503 128.5325 -1.1459 1.5757 1.1280 -0.7922 1.9094 -1.3170 -1.0591 -3.1331 -0.2353 1-4cyli.dat
1 0 -1.6733 -31.2503 128.5325 1.1459 1.5757 -1.1280 0.7922 1.9094 1.3170 1.0591 -3.1331 0.2353 1-4cyli.dat
1 0 -3.9464 -30.7257 127.7090 -1.1459 1.5757 1.1280 -0.7922 1.9094 -1.3170 -1.0591 -3.1331 -0.2353 1-4cyli.dat
1 0 -3.9464 -30.7257 127.7090 1.1459 1.5757 -1.1280 0.7922 1.9094 1.3170 1.0591 -3.1331 0.2353 1-4cyli.dat
1 0 -6.2205 -30.2008 126.8852 1.1459 1.5757 -1.1280 0.7922 1.9094 1.3170 1.0591 -3.1331 0.2353 3-4cyli.dat
2 24 -4.714 -30.932 131.199 -2.503 -29.610 128.149
2 24 -4.748 -33.193 130.195 -2.536 -31.871 127.144
2 24 -6.775 -30.350 129.958 -4.563 -29.028 126.907
2 24 -6.808 -32.611 128.953 -4.597 -31.289 125.903
2 24 -2.654 -31.514 132.441 -0.442 -30.192 129.390
2 24 -2.687 -33.775 131.436 -0.476 -32.453 128.386
1 0 -1.6406 -32.9349 132.5592 -1.0470 2.2115 1.0133 -0.8398 1.3219 -1.4218 -1.1229 -3.0506 0.1185 3-4cyli.dat
1 0 -3.7011 -32.3529 131.3176 -1.0470 2.2115 1.0133 -0.8398 1.3219 -1.4218 -1.1229 -3.0506 0.1185 1-4cyli.dat
1 0 -3.7011 -32.3529 131.3176 1.0470 2.2115 -1.0133 0.8398 1.3219 1.4218 1.1229 -3.0506 -0.1185 1-4cyli.dat
1 0 -5.7607 -31.7712 130.0766 -1.0470 2.2115 1.0133 -0.8398 1.3219 -1.4218 -1.1229 -3.0506 0.1185 1-4cyli.dat
1 0 -5.7607 -31.7712 130.0766 1.0470 2.2115 -1.0133 0.8398 1.3219 1.4218 1.1229 -3.0506 -0.1185 1-4cyli.dat
1 0 -7.8212 -31.1892 128.8351 1.0470 2.2115 -1.0133 0.8398 1.3219 1.4218 1.1229 -3.0506 -0.1185 3-4cyli.dat
2 24 -6.933 -31.274 133.157 -4.146 -30.674 130.362
2 24 -6.991 -33.681 132.583 -4.203 -33.081 129.788
2 24 -8.704 -30.833 131.485 -5.917 -30.234 128.690
2 24 -8.762 -33.240 130.912 -5.974 -32.641 128.116
2 24 -5.162 -31.715 134.829 -2.375 -31.115 132.034
2 24 -5.220 -34.122 134.255 -2.432 -33.522 131.460
1 0 -4.3060 -33.1382 135.3777 -0.9142 2.7878 0.8566 -0.9829 0.5996 -1.4238 -1.1227 -2.7952 0.5490 3-4cyli.dat
1 0 -6.0770 -32.6974 133.7059 -0.9142 2.7878 0.8566 -0.9829 0.5996 -1.4238 -1.1227 -2.7952 0.5490 1-4cyli.dat
1 0 -6.0770 -32.6974 133.7059 0.9142 2.7878 -0.8566 0.9829 0.5996 1.4238 1.1227 -2.7952 -0.5490 1-4cyli.dat
1 0 -7.8473 -32.2567 132.0348 -0.9142 2.7878 0.8566 -0.9829 0.5996 -1.4238 -1.1227 -2.7952 0.5490 1-4cyli.dat
1 0 -7.8473 -32.2567 132.0348 0.9142 2.7878 -0.8566 0.9829 0.5996 1.4238 1.1227 -2.7952 -0.5490 1-4cyli.dat
1 0 -9.6183 -31.8158 130.3630 0.9142 2.7878 -0.8566 0.9829 0.5996 1.4238 1.1227 -2.7952 -0.5490 3-4cyli.dat
2 24 -9.439 -31.120 134.783 -6.291 -31.161 132.326
2 24 -9.523 -33.592 134.717 -6.375 -33.634 132.260
2 24 -10.959 -31.016 132.832 -7.811 -31.057 130.376
2 24 -11.043 -33.489 132.766 -7.895 -33.530 130.310
2 24 -7.919 -31.223 136.733 -4.771 -31.265 134.277
2 24 -8.003 -33.696 136.667 -4.855 -33.738 134.211
1 0 -7.2008 -32.5110 137.6746 -0.8021 3.1480 0.7181 -1.1844 -0.0414 -1.2881 -1.0080 -2.4562 0.9421 3-4cyli.dat
1 0 -8.7211 -32.4074 135.7243 -0.8021 3.1480 0.7181 -1.1844 -0.0414 -1.2881 -1.0080 -2.4562 0.9421 1-4cyli.dat
1 0 -8.7211 -32.4074 135.7243 0.8021 3.1480 -0.7181 1.1844 -0.0414 1.2881 1.0080 -2.4562 -0.9421 1-4cyli.dat
1 0 -10.2408 -32.3037 133.7749 -0.8021 3.1480 0.7181 -1.1844 -0.0414 -1.2881 -1.0080 -2.4562 0.9421 1-4cyli.dat
1 0 -10.2408 -32.3037 133.7749 0.8021 3.1480 -0.7181 1.1844 -0.0414 1.2881 1.0080 -2.4562 -0.9421 1-4cyli.dat
1 0 -11.7611 -32.2000 131.8246 0.8021 3.1480 -0.7181 1.1844 -0.0414 1.2881 1.0080 -2.4562 -0.9421 3-4cyli.dat
2 24 -12.076 -30.621 136.072 -8.717 -31.239 134.003
2 24 -12.186 -33.034 136.612 -8.827 -33.651 134.543
2 24 -13.409 -31.018 134.026 -10.050 -31.636 131.956
2 24 -13.520 -33.431 134.566 -10.161 -34.048 132.497
2 24 -10.742 -30.224 138.119 -7.383 -30.842 136.050
2 24 -10.852 -32.637 138.659 -7.493 -33.254 136.590
1 0 -10.1303 -31.2320 139.4119 -0.7221 3.3589 0.6116 -1.4048 -0.6171 -1.0078 -0.7532 -2.0693 1.2933 3-4cyli.dat
1 0 -11.4641 -31.6290 137.3652 -0.7221 3.3589 0.6116 -1.4048 -0.6171 -1.0078 -0.7532 -2.0693 1.2933 1-4cyli.dat
1 0 -11.4641 -31.6290 137.3652 0.7221 3.3589 -0.6116 1.4048 -0.6171 1.0078 0.7532 -2.0693 -1.2933 1-4cyli.dat
1 0 -12.7974 -32.0258 135.3193 -0.7221 3.3589 0.6116 -1.4048 -0.6171 -1.0078 -0.7532 -2.0693 1.2933 1-4cyli.dat
1 0 -12.7974 -32.0258 135.3193 0.7221 3.3589 -0.6116 1.4048 -0.6171 1.0078 0.7532 -2.0693 -1.2933 1-4cyli.dat
1 0 -14.1312 -32.4228 133.2726 0.7221 3.3589 -0.6116 1.4048 -0.6171 1.0078 0.7532 -2.0693 -1.2933 3-4cyli.dat
2 24 -14.781 -29.831 137.094 -11.336 -30.888 135.373
2 24 -14.911 -32.044 138.194 -11.466 -33.101 136.474
2 24 -16.026 -30.724 135.150 -12.581 -31.781 133.430
2 24 -16.155 -32.937 136.250 -12.711 -33.994 134.530
2 24 -13.536 -28.938 139.038 -10.091 -29.995 137.317
2 24 -13.666 -31.151 140.138 -10.221 -32.208 138.417
1 0 -12.9786 -29.5973 140.5591 -0.6872 3.4449 0.5575 -1.5531 -1.0570 -0.6600 -0.4218 -1.7205 1.5218 3-4cyli.dat
1 0 -14.2235 -30.4905 138.6153 -0.6872 3.4449 0.5575 -1.5531 -1.0570 -0.6600 -0.4218 -1.7205 1.5218 1-4cyli.dat
1 0 -14.2235 -30.4905 138.6153 0.6872 3.4449 -0.5575 1.5531 -1.0570 0.6600 0.4218 -1.7205 -1.5218 1-4cyli.dat
1 0 -15.4679 -31.3832 136.6723 -0.6872 3.4449 0.5575 -1.5531 -1.0570 -0.6600 -0.4218 -1.7205 1.5218 1-4cyli.dat
1 0 -15.4679 -31.3832 136.6723 0.6872 3.4449 -0.5575 1.5531 -1.0570 0.6600 0.4218 -1.7205 -1.5218 1-4cyli.dat
1 0 -16.7128 -32.2764 134.7285 0.6872 3.4449 -0.5575 1.5531 -1.0570 0.6600 0.4218 -1.7205 -1.5218 3-4cyli.dat
2 24 -17.710 -28.761 138.026 -14.249 -30.171 136.621
2 24 -17.850 -30.669 139.596 -14.389 -32.080 138.191
2 24 -18.936 -30.072 136.322 -15.475 -31.483 134.917
2 24 -19.076 -31.981 137.892 -15.615 -33.391 136.487
2 24 -16.484 -27.449 139.730 -13.023 -28.860 138.324
2 24 -16.624 -29.358 141.299 -13.163 -30.768 139.894
1 0 -15.9415 -27.7477 141.3656 -0.6831 3.4614 0.5428 -1.6097 -1.4105 -0.2984 -0.0669 -1.4050 1.6367 3-4cyli.dat
1 0 -17.1675 -29.0591 139.6619 -0.6831 3.4614 0.5428 -1.6097 -1.4105 -0.2984 -0.0669 -1.4050 1.6367 1-4cyli.dat
1 0 -17.1675 -29.0591 139.6619 0.6831 3.4614 -0.5428 1.6097 -1.4105 0.2984 0.0669 -1.4050 -1.6367 1-4cyli.dat
1 0 -18.3930 -30.3701 137.9588 -0.6831 3.4614 0.5428 -1.6097 -1.4105 -0.2984 -0.0669 -1.4050 1.6367 1-4cyli.dat
1 0 -18.3930 -30.3701 137.9588 0.6831 3.4614 -0.5428 1.6097 -1.4105 0.2984 0.0669 -1.4050 -1.6367 1-4cyli.dat
1 0 -19.6189 -31.6815 136.2551 0.6831 3.4614 -0.5428 1.6097 -1.4105 0.2984 0.0669 -1.4050 -1.6367 3-4cyli.dat
2 24 -20.408 -27.587 138.766 -16.967 -29.249 137.605
2 24 -20.552 -29.196 140.641 -17.111 -30.857 139.480
2 24 -21.656 -29.162 137.320 -18.215 -30.823 136.159
2 24 -21.800 -30.770 139.195 -18.359 -32.431 138.035
2 24 -19.160 -26.013 140.212 -15.719 -27.674 139.051
2 24 -19.304 -27.622 142.087 -15.863 -29.283 140.926
1 0 -18.6084 -26.0304 141.8716 -0.6958 3.4406 0.5519 -1.5912 -1.6611 -0.0172 0.2148 -1.1608 1.6605 3-4cyli.dat
1 0 -19.8562 -27.6046 140.4257 -0.6958 3.4406 0.5519 -1.5912 -1.6611 -0.0172 0.2148 -1.1608 1.6605 1-4cyli.dat
1 0 -19.8562 -27.6046 140.4257 0.6958 3.4406 -0.5519 1.5912 -1.6611 0.0172 -0.2148 -1.1608 -1.6605 1-4cyli.dat
1 0 -21.1035 -29.1781 138.9804 -0.6958 3.4406 0.5519 -1.5912 -1.6611 -0.0172 0.2148 -1.1608 1.6605 1-4cyli.dat
1 0 -21.1035 -29.1781 138.9804 0.6958 3.4406 -0.5519 1.5912 -1.6611 0.0172 -0.2148 -1.1608 -1.6605 1-4cyli.dat
1 0 -22.3513 -30.7523 137.5345 0.6958 3.4406 -0.5519 1.5912 -1.6611 0.0172 -0.2148 -1.1608 -1.6605 3-4cyli.dat
2 24 -23.076 -26.240 139.399 -19.672 -28.089 138.433
2 24 -23.220 -27.587 141.471 -19.816 -29.436 140.505
2 24 -24.361 -27.971 138.184 -20.957 -29.820 137.218
2 24 -24.505 -29.318 140.255 -21.101 -31.167 139.289
2 24 -21.791 -24.509 140.615 -18.386 -26.358 139.649
2 24 -21.935 -25.856 142.686 -18.531 -27.705 141.720
1 0 -21.2208 -24.3169 142.2575 -0.7145 3.4047 0.5705 -1.5391 -1.8492 0.1919 0.4278 -0.9660 1.6432 3-4cyli.dat
1 0 -22.5059 -26.0480 141.0420 -0.7145 3.4047 0.5705 -1.5391 -1.8492 0.1919 0.4278 -0.9660 1.6432 1-4cyli.dat
1 0 -22.5059 -26.0480 141.0420 0.7145 3.4047 -0.5705 1.5391 -1.8492 -0.1919 -0.4278 -0.9660 -1.6432 1-4cyli.dat
1 0 -23.7905 -27.7785 139.8270 -0.7145 3.4047 0.5705 -1.5391 -1.8492 0.1919 0.4278 -0.9660 1.6432 1-4cyli.dat
1 0 -23.7905 -27.7785 139.8270 0.7145 3.4047 -0.5705 1.5391 -1.8492 -0.1919 -0.4278 -0.9660 -1.6432 1-4cyli.dat
1 0 -25.0756 -29.5096 138.6116 0.7145 3.4047 -0.5705 1.5391 -1.8492 -0.1919 -0.4278 -0.9660 -1.6432 3-4cyli.dat
2 24 -25.711 -24.769 139.940 -22.352 -26.778 139.148
2 24 -25.853 -25.878 142.148 -22.495 -27.887 141.356
2 24 -27.042 -26.598 138.936 -23.683 -28.607 138.143
2 24 -27.184 -27.707 141.143 -23.826 -29.716 140.351
2 24 -24.380 -22.940 140.945 -21.021 -24.949 140.152
2 24 -24.522 -24.049 143.153 -21.164 -26.058 142.360
1 0 -23.7859 -22.5806 142.5504 -0.7367 3.3586 0.5942 -1.4689 -2.0090 0.3598 0.6016 -0.7925 1.6062 3-4cyli.dat
1 0 -25.1169 -24.4094 141.5458 -0.7367 3.3586 0.5942 -1.4689 -2.0090 0.3598 0.6016 -0.7925 1.6062 1-4cyli.dat
1 0 -25.1169 -24.4094 141.5458 0.7367 3.3586 -0.5942 1.4689 -2.0090 -0.3598 -0.6016 -0.7925 -1.6062 1-4cyli.dat
1 0 -26.4474 -26.2375 140.5415 -0.7367 3.3586 0.5942 -1.4689 -2.0090 0.3598 0.6016 -0.7925 1.6062 1-4cyli.dat
1 0 -26.4474 -26.2375 140.5415 0.7367 3.3586 -0.5942 1.4689 -2.0090 -0.3598 -0.6016 -0.7925 -1.6062 1-4cyli.dat
1 0 -27.7784 -28.0664 139.5369 0.7367 3.3586 -0.5942 1.4689 -2.0090 -0.3598 -0.6016 -0.7925 -1.6062 3-4cyli.dat
2 24 -28.305 -23.171 140.388 -24.994 -25.306 139.737
2 24 -28.446 -24.087 142.682 -25.135 -26.223 142.032
2 24 -29.682 -25.050 139.553 -26.371 -27.186 138.902
2 24 -29.822 -25.967 141.847 -26.512 -28.103 141.197
2 24 -26.929 -21.291 141.223 -23.618 -23.427 140.572
2 24 -27.069 -22.207 143.517 -23.758 -24.343 142.867
1 0 -26.3107 -20.8095 142.7868 -0.7585 3.3107 0.6180 -1.3980 -2.1358 0.4816 0.7298 -0.6501 1.5648 3-4cyli.dat
1 0 -27.6874 -22.6892 141.9518 -0.7585 3.3107 0.6180 -1.3980 -2.1358 0.4816 0.7298 -0.6501 1.5648 1-4cyli.dat
1 0 -27.6874 -22.6892 141.9518 0.7585 3.3107 -0.6180 1.3980 -2.1358 -0.4816 -0.7298 -0.6501 -1.5648 1-4cyli.dat
1 0 -29.0634 -24.5681 141.1171 -0.7585 3.3107 0.6180 -1.3980 -2.1358 0.4816 0.7298 -0.6501 1.5648 1-4cyli.dat
1 0 -29.0634 -24.5681 141.1171 0.7585 3.3107 -0.6180 1.3980 -2.1358 -0.4816 -0.7298 -0.6501 -1.5648 1-4cyli.dat
1 0 -30.4400 -26.4478 140.2821 0.7585 3.3107 -0.6180 1.3980 -2.1358 -0.4816 -0.7298 -0.6501 -1.5648 3-4cyli.dat
2 24 -31.066 -21.341 140.790 -27.807 -23.588 140.268
2 24 -31.204 -22.089 143.145 -27.945 -24.336 142.624
2 24 -32.489 -23.246 140.102 -29.230 -25.493 139.580
2 24 -32.627 -23.993 142.457 -29.368 -26.240 141.935
2 24 -29.643 -19.437 141.478 -26.383 -21.684 140.956
2 24 -29.781 -20.184 143.833 -26.522 -22.432 143.312
1 0 -29.0007 -18.8586 142.9992 -0.7807 3.2593 0.6423 -1.3259 -2.2471 0.5783 0.8335 -0.5217 1.5216 3-4cyli.dat
1 0 -30.4238 -20.7630 142.3110 -0.7807 3.2593 0.6423 -1.3259 -2.2471 0.5783 0.8335 -0.5217 1.5216 1-4cyli.dat
1 0 -30.4238 -20.7630 142.3110 0.7807 3.2593 -0.6423 1.3259 -2.2471 -0.5783 -0.8335 -0.5217 -1.5216 1-4cyli.dat
1 0 -31.8464 -22.6667 141.6231 -0.7807 3.2593 0.6423 -1.3259 -2.2471 0.5783 0.8335 -0.5217 1.5216 1-4cyli.dat
1 0 -31.8464 -22.6667 141.6231 0.7807 3.2593 -0.6423 1.3259 -2.2471 -0.5783 -0.8335 -0.5217 -1.5216 1-4cyli.dat
1 0 -33.2695 -24.5711 140.9350 0.7807 3.2593 -0.6423 1.3259 -2.2471 -0.5783 -0.8335 -0.5217 -1.5216 3-4cyli.dat
2 24 -33.585 -19.566 141.089 -30.374 -21.903 140.673
2 24 -33.721 -20.179 143.483 -30.511 -22.517 143.067
2 24 -35.050 -21.476 140.516 -31.839 -23.814 140.100
2 24 -35.186 -22.090 142.909 -31.976 -24.427 142.494
2 24 -32.120 -17.655 141.663 -28.909 -19.992 141.247
2 24 -32.256 -18.269 144.057 -29.046 -20.606 143.641
1 0 -31.4557 -17.0070 143.1458 -0.8008 3.2108 0.6641 -1.2621 -2.3372 0.6484 0.9101 -0.4158 1.4836 3-4cyli.dat
1 0 -32.9207 -18.9176 142.5722 -0.8008 3.2108 0.6641 -1.2621 -2.3372 0.6484 0.9101 -0.4158 1.4836 1-4cyli.dat
1 0 -32.9207 -18.9176 142.5722 0.8008 3.2108 -0.6641 1.2621 -2.3372 -0.6484 -0.9101 -0.4158 -1.4836 1-4cyli.dat
1 0 -34.3852 -20.8274 141.9989 -0.8008 3.2108 0.6641 -1.2621 -2.3372 0.6484 0.9101 -0.4158 1.4836 1-4cyli.dat
1 0 -34.3852 -20.8274 141.9989 0.8008 3.2108 -0.6641 1.2621 -2.3372 -0.6484 -0.9101 -0.4158 -1.4836 1-4cyli.dat
1 0 -35.8502 -22.7380 141.4254 0.8008 3.2108 -0.6641 1.2621 -2.3372 -0.6484 -0.9101 -0.4158 -1.4836 3-4cyli.dat
2 24 -36.063 -17.714 141.316 -32.900 -20.130 140.994
2 24 -36.198 -18.214 143.736 -33.035 -20.630 143.414
2 24 -37.567 -19.620 140.838 -34.405 -22.037 140.516
2 24 -37.703 -20.120 143.259 -34.540 -22.536 142.937
2 24 -34.558 -15.808 141.793 -31.395 -18.224 141.471
2 24 -34.693 -16.308 144.214 -31.530 -18.724 143.892
1 0 -33.8733 -15.1052 143.2417 -0.8199 3.1628 0.6847 -1.2028 -2.4161 0.7032 0.9713 -0.3221 1.4488 3-4cyli.dat
1 0 -35.3781 -17.0114 142.7642 -0.8199 3.1628 0.6847 -1.2028 -2.4161 0.7032 0.9713 -0.3221 1.4488 1-4cyli.dat
1 0 -35.3781 -17.0114 142.7642 0.8199 3.1628 -0.6847 1.2028 -2.4161 -0.7032 -0.9713 -0.3221 -1.4488 1-4cyli.dat
1 0 -36.8823 -18.9167 142.2869 -0.8199 3.1628 0.6847 -1.2028 -2.4161 0.7032 0.9713 -0.3221 1.4488 1-4cyli.dat
1 0 -36.8823 -18.9167 142.2869 0.8199 3.1628 -0.6847 1.2028 -2.4161 -0.7032 -0.9713 -0.3221 -1.4488 1-4cyli.dat
1 0 -38.3870 -20.8228 141.8094 0.8199 3.1628 -0.6847 1.2028 -2.4161 -0.7032 -0.9713 -0.3221 -1.4488 3-4cyli.dat
2 24 -38.700 -15.649 141.499 -35.587 -18.139 141.264
2 24 -38.833 -16.046 143.938 -35.720 -18.535 143.703
2 24 -40.244 -17.544 141.107 -37.130 -20.033 140.872
2 24 -40.377 -17.940 143.546 -37.264 -20.430 143.311
2 24 -37.156 -13.755 141.891 -34.043 -16.244 141.656
2 24 -37.289 -14.152 144.331 -34.176 -16.641 144.096
1 0 -36.4510 -13.0069 143.3067 -0.8385 3.1135 0.7053 -1.1454 -2.4891 0.7486 1.0234 -0.2349 1.4158 3-4cyli.dat
1 0 -37.9949 -14.9011 142.9142 -0.8385 3.1135 0.7053 -1.1454 -2.4891 0.7486 1.0234 -0.2349 1.4158 1-4cyli.dat
1 0 -37.9949 -14.9011 142.9142 0.8385 3.1135 -0.7053 1.1454 -2.4891 -0.7486 -1.0234 -0.2349 -1.4158 1-4cyli.dat
1 0 -39.5382 -16.7945 142.5220 -0.8385 3.1135 0.7053 -1.1454 -2.4891 0.7486 1.0234 -0.2349 1.4158 1-4cyli.dat
1 0 -39.5382 -16.7945 142.5220 0.8385 3.1135 -0.7053 1.1454 -2.4891 -0.7486 -1.0234 -0.2349 -1.4158 1-4cyli.dat
1 0 -41.0821 -18.6887 142.1295 0.8385 3.1135 -0.7053 1.1454 -2.4891 -0.7486 -1.0234 -0.2349 -1.4158 3-4cyli.dat
2 24 -41.104 -13.683 141.609 -38.040 -16.238 141.453
2 24 -41.235 -13.989 144.061 -38.170 -16.544 143.905
2 24 -42.686 -15.560 141.290 -39.621 -18.115 141.134
2 24 -42.816 -15.866 143.743 -39.752 -18.421 143.587
2 24 -39.523 -11.806 141.927 -36.459 -14.361 141.771
2 24 -39.654 -12.112 144.380 -36.589 -14.667 144.224
1 0 -38.7980 -11.0207 143.3121 -0.8558 3.0646 0.7254 -1.0915 -2.5552 0.7854 1.0670 -0.1559 1.3854 3-4cyli.dat
1 0 -40.3793 -12.8979 142.9937 -0.8558 3.0646 0.7254 -1.0915 -2.5552 0.7854 1.0670 -0.1559 1.3854 1-4cyli.dat
1 0 -40.3793 -12.8979 142.9937 0.8558 3.0646 -0.7254 1.0915 -2.5552 -0.7854 -1.0670 -0.1559 -1.3854 1-4cyli.dat
1 0 -41.9600 -14.7742 142.6754 -0.8558 3.0646 0.7254 -1.0915 -2.5552 0.7854 1.0670 -0.1559 1.3854 1-4cyli.dat
1 0 -41.9600 -14.7742 142.6754 0.8558 3.0646 -0.7254 1.0915 -2.5552 -0.7854 -1.0670 -0.1559 -1.3854 1-4cyli.dat
1 0 -43.5413 -16.6514 142.3570 0.8558 3.0646 -0.7254 1.0915 -2.5552 -0.7854 -1.0670 -0.1559 -1.3854 3-4cyli.dat
2 24 -43.472 -11.663 141.666 -40.452 -14.273 141.576
2 24 -43.599 -11.894 144.127 -40.579 -14.504 144.037
2 24 -45.086 -13.521 141.409 -42.066 -16.132 141.318
2 24 -45.213 -13.753 143.870 -42.193 -16.363 143.779
2 24 -41.858 -9.804 141.924 -38.838 -12.414 141.834
2 24 -41.985 -10.035 144.385 -38.965 -12.646 144.295
1 0 -41.1149 -8.9908 143.2829 -0.8702 3.0203 0.7437 -1.0449 -2.6104 0.8135 1.1015 -0.0902 1.3592 3-4cyli.dat
1 0 -42.7289 -10.8493 143.0251 -0.8702 3.0203 0.7437 -1.0449 -2.6104 0.8135 1.1015 -0.0902 1.3592 1-4cyli.dat
1 0 -42.7289 -10.8493 143.0251 0.8702 3.0203 -0.7437 1.0449 -2.6104 -0.8135 -1.1015 -0.0902 -1.3592 1-4cyli.dat
1 0 -44.3423 -12.7071 142.7675 -0.8702 3.0203 0.7437 -1.0449 -2.6104 0.8135 1.1015 -0.0902 1.3592 1-4cyli.dat
1 0 -44.3423 -12.7071 142.7675 0.8702 3.0203 -0.7437 1.0449 -2.6104 -0.8135 -1.1015 -0.0902 -1.3592 1-4cyli.dat
1 0 -45.9563 -14.5657 142.5097 0.8702 3.0203 -0.7437 1.0449 -2.6104 -0.8135 -1.1015 -0.0902 -1.3592 3-4cyli.dat
2 24 -45.806 -9.602 141.677 -42.834 -12.269 141.653
2 24 -45.926 -9.757 144.144 -42.954 -12.424 144.120
2 24 -47.455 -11.438 141.481 -44.483 -14.104 141.457
2 24 -47.575 -11.593 143.948 -44.603 -14.260 143.925
2 24 -44.158 -7.766 141.873 -41.186 -10.433 141.849
2 24 -44.278 -7.922 144.340 -41.305 -10.588 144.316
1 0 -43.3937 -6.9266 143.2035 -0.8841 2.9721 0.7643 -0.9955 -2.6666 0.8400 1.1356 -0.0237 1.3314 3-4cyli.dat
1 0 -45.0422 -8.7622 143.0077 -0.8841 2.9721 0.7643 -0.9955 -2.6666 0.8400 1.1356 -0.0237 1.3314 1-4cyli.dat
1 0 -45.0422 -8.7622 143.0077 0.8841 2.9721 -0.7643 0.9955 -2.6666 -0.8400 -1.1356 -0.0237 -1.3314 1-4cyli.dat
1 0 -46.6901 -10.5971 142.8120 -0.8841 2.9721 0.7643 -0.9955 -2.6666 0.8400 1.1356 -0.0237 1.3314 1-4cyli.dat
1 0 -46.6901 -10.5971 142.8120 0.8841 2.9721 -0.7643 0.9955 -2.6666 -0.8400 -1.1356 -0.0237 -1.3314 1-4cyli.dat
1 0 -48.3386 -12.4328 142.6163 0.8841 2.9721 -0.7643 0.9955 -2.6666 -0.8400 -1.1356 -0.0237 -1.3314 3-4cyli.dat
2 24 -48.104 -7.496 141.641 -45.176 -10.211 141.674
2 24 -48.215 -7.585 144.112 -45.287 -10.300 144.145
2 24 -49.784 -9.309 141.501 -46.856 -12.024 141.534
2 24 -49.894 -9.398 143.972 -46.966 -12.113 144.005
2 24 -46.425 -5.683 141.782 -43.497 -8.399 141.815
2 24 -46.535 -5.773 144.253 -43.608 -8.488 144.286
1 0 -45.6407 -4.8220 143.0868 -0.8948 2.9278 0.7844 -0.9508 -2.7151 0.8617 1.1651 0.0329 1.3056 3-4cyli.dat
1 0 -47.3201 -6.6346 142.9463 -0.8948 2.9278 0.7844 -0.9508 -2.7151 0.8617 1.1651 0.0329 1.3056 1-4cyli.dat
1 0 -47.3201 -6.6346 142.9463 0.8948 2.9278 -0.7844 0.9508 -2.7151 -0.8617 -1.1651 0.0329 -1.3056 1-4cyli.dat
1 0 -48.9988 -8.4465 142.8059 -0.8948 2.9278 0.7844 -0.9508 -2.7151 0.8617 1.1651 0.0329 1.3056 1-4cyli.dat
1 0 -48.9988 -8.4465 142.8059 0.8948 2.9278 -0.7844 0.9508 -2.7151 -0.8617 -1.1651 0.0329 -1.3056 1-4cyli.dat
1 0 -50.6781 -10.2591 142.6655 0.8948 2.9278 -0.7844 0.9508 -2.7151 -0.8617 -1.1651 0.0329 -1.3056 3-4cyli.dat
2 24 -50.550 -5.182 141.561 -47.669 -7.945 141.649
2 24 -50.648 -5.205 144.034 -47.767 -7.969 144.122
2 24 -52.260 -6.968 141.475 -49.379 -9.732 141.564
2 24 -52.359 -6.992 143.948 -49.478 -9.755 144.037
2 24 -48.839 -3.395 141.646 -45.958 -6.159 141.735
2 24 -48.937 -3.419 144.119 -46.056 -6.182 144.208
1 0 -48.0329 -2.5143 142.9242 -0.9047 2.8810 0.8061 -0.9048 -2.7635 0.8815 1.1938 0.0889 1.2789 3-4cyli.dat
1 0 -49.7438 -4.3006 142.8391 -0.9047 2.8810 0.8061 -0.9048 -2.7635 0.8815 1.1938 0.0889 1.2789 1-4cyli.dat
1 0 -49.7438 -4.3006 142.8391 0.9047 2.8810 -0.8061 0.9048 -2.7635 -0.8815 -1.1938 0.0889 -1.2789 1-4cyli.dat
1 0 -51.4540 -6.0863 142.7540 -0.9047 2.8810 0.8061 -0.9048 -2.7635 0.8815 1.1938 0.0889 1.2789 1-4cyli.dat
1 0 -51.4540 -6.0863 142.7540 0.9047 2.8810 -0.8061 0.9048 -2.7635 -0.8815 -1.1938 0.0889 -1.2789 1-4cyli.dat
1 0 -53.1649 -7.8727 142.6689 0.9047 2.8810 -0.8061 0.9048 -2.7635 -0.8815 -1.1938 0.0889 -1.2789 3-4cyli.dat
2 24 -52.769 -2.999 141.436 -49.946 -5.818 141.588
2 24 -52.855 -2.951 143.909 -50.031 -5.770 144.061
2 24 -54.517 -4.751 141.409 -51.694 -7.570 141.562
2 24 -54.603 -4.703 143.882 -51.779 -7.523 144.035
2 24 -51.022 -1.247 141.463 -48.198 -4.066 141.615
2 24 -51.107 -1.199 143.936 -48.284 -4.018 144.088
1 0 -50.1910 -0.3472 142.7125 -0.9167 2.8238 0.8310 -0.8522 -2.8192 0.8998 1.2230 0.1522 1.2499 3-4cyli.dat
1 0 -51.9388 -2.0994 142.6856 -0.9167 2.8238 0.8310 -0.8522 -2.8192 0.8998 1.2230 0.1522 1.2499 1-4cyli.dat
1 0 -51.9388 -2.0994 142.6856 0.9167 2.8238 -0.8310 0.8522 -2.8192 -0.8998 -1.2230 0.1522 -1.2499 1-4cyli.dat
1 0 -53.6859 -3.8508 142.6588 -0.9167 2.8238 0.8310 -0.8522 -2.8192 0.8998 1.2230 0.1522 1.2499 1-4cyli.dat
1 0 -53.6859 -3.8508 142.6588 0.9167 2.8238 -0.8310 0.8522 -2.8192 -0.8998 -1.2230 0.1522 -1.2499 1-4cyli.dat
1 0 -55.4337 -5.6029 142.6319 0.9167 2.8238 -0.8310 0.8522 -2.8192 -0.8998 -1.2230 0.1522 -1.2499 3-4cyli.dat
2 24 -54.955 -0.774 141.278 -52.172 -3.631 141.473
2 24 -55.029 -0.677 143.750 -52.247 -3.535 143.945
2 24 -56.728 -2.500 141.292 -53.946 -5.357 141.487
2 24 -56.803 -2.404 143.764 -54.020 -5.261 143.959
2 24 -53.181 0.953 141.264 -50.399 -1.905 141.459
2 24 -53.255 1.049 143.736 -50.473 -1.809 143.931
1 0 -52.3317 1.8633 142.4924 -0.9238 2.7824 0.8497 -0.8149 -2.8575 0.9111 1.2429 0.1947 1.2289 3-4cyli.dat
1 0 -54.1054 0.1372 142.5064 -0.9238 2.7824 0.8497 -0.8149 -2.8575 0.9111 1.2429 0.1947 1.2289 1-4cyli.dat
1 0 -54.1054 0.1372 142.5064 0.9238 2.7824 -0.8497 0.8149 -2.8575 -0.9111 -1.2429 0.1947 -1.2289 1-4cyli.dat
1 0 -55.8784 -1.5882 142.5204 -0.9238 2.7824 0.8497 -0.8149 -2.8575 0.9111 1.2429 0.1947 1.2289 1-4cyli.dat
1 0 -55.8784 -1.5882 142.5204 0.9238 2.7824 -0.8497 0.8149 -2.8575 -0.9111 -1.2429 0.1947 -1.2289 1-4cyli.dat
1 0 -57.6520 -3.3144 142.5343 0.9238 2.7824 -0.8497 0.8149 -2.8575 -0.9111 -1.2429 0.1947 -1.2289 3-4cyli.dat
2 24 -57.098 1.485 141.080 -54.370 -1.421 141.328
2 24 -57.162 1.636 143.550 -54.434 -1.270 143.798
2 24 -58.904 -0.206 141.137 -56.177 -3.112 141.385
2 24 -58.968 -0.055 143.607 -56.241 -2.961 143.854
2 24 -55.291 3.176 141.024 -52.564 0.270 141.272
2 24 -55.355 3.327 143.493 -52.628 0.421 143.741
1 0 -54.4201 4.0963 142.2299 -0.9351 2.7273 0.8713 -0.7699 -2.9060 0.9207 1.2630 0.2479 1.2064 3-4cyli.dat
1 0 -56.2268 2.4056 142.2864 -0.9351 2.7273 0.8713 -0.7699 -2.9060 0.9207 1.2630 0.2479 1.2064 1-4cyli.dat
1 0 -56.2268 2.4056 142.2864 0.9351 2.7273 -0.8713 0.7699 -2.9060 -0.9207 -1.2630 0.2479 -1.2064 1-4cyli.dat
1 0 -58.0327 0.7155 142.3429 -0.9351 2.7273 0.8713 -0.7699 -2.9060 0.9207 1.2630 0.2479 1.2064 1-4cyli.dat
1 0 -58.0327 0.7155 142.3429 0.9351 2.7273 -0.8713 0.7699 -2.9060 -0.9207 -1.2630 0.2479 -1.2064 1-4cyli.dat
1 0 -59.8393 -0.9752 142.3995 0.9351 2.7273 -0.8713 0.7699 -2.9060 -0.9207 -1.2630 0.2479 -1.2064 3-4cyli.dat
2 24 -59.198 3.784 140.846 -56.520 0.837 141.138
2 24 -59.254 3.978 143.313 -56.576 1.031 143.605
2 24 -61.033 2.126 140.935 -58.356 -0.822 141.228
2 24 -61.089 2.320 143.402 -58.411 -0.627 143.695
2 24 -57.363 5.443 140.757 -54.685 2.495 141.049
2 24 -57.419 5.637 143.223 -54.741 2.689 143.516
1 0 -56.4737 6.3684 141.9449 -0.9452 2.6779 0.8898 -0.7320 -2.9476 0.9262 1.2779 0.2923 1.1886 3-4cyli.dat
1 0 -58.3088 4.7101 142.0343 -0.9452 2.6779 0.8898 -0.7320 -2.9476 0.9262 1.2779 0.2923 1.1886 1-4cyli.dat
1 0 -58.3088 4.7101 142.0343 0.9452 2.6779 -0.8898 0.7320 -2.9476 -0.9262 -1.2779 0.2923 -1.1886 1-4cyli.dat
1 0 -60.1432 3.0525 142.1236 -0.9452 2.6779 0.8898 -0.7320 -2.9476 0.9262 1.2779 0.2923 1.1886 1-4cyli.dat
1 0 -60.1432 3.0525 142.1236 0.9452 2.6779 -0.8898 0.7320 -2.9476 -0.9262 -1.2779 0.2923 -1.1886 1-4cyli.dat
1 0 -61.9783 1.3942 142.2130 0.9452 2.6779 -0.8898 0.7320 -2.9476 -0.9262 -1.2779 0.2923 -1.1886 3-4cyli.dat
2 24 -61.417 6.305 140.554 -58.799 3.310 140.896
2 24 -61.466 6.545 143.017 -58.848 3.549 143.359
2 24 -63.286 4.686 140.674 -60.667 1.691 141.017
2 24 -63.334 4.926 143.137 -60.716 1.930 143.480
2 24 -59.549 7.925 140.433 -56.931 4.929 140.776
2 24 -59.598 8.164 142.896 -56.980 5.168 143.239
1 0 -58.6400 8.8533 141.6041 -0.9582 2.6182 0.9097 -0.6899 -2.9954 0.9291 1.2916 0.3425 1.1711 3-4cyli.dat
1 0 -60.5080 7.2342 141.7245 -0.9582 2.6182 0.9097 -0.6899 -2.9954 0.9291 1.2916 0.3425 1.1711 1-4cyli.dat
1 0 -60.5080 7.2342 141.7245 0.9582 2.6182 -0.9097 0.6899 -2.9954 -0.9291 -1.2916 0.3425 -1.1711 1-4cyli.dat
1 0 -62.3753 5.6158 141.8449 -0.9582 2.6182 0.9097 -0.6899 -2.9954 0.9291 1.2916 0.3425 1.1711 1-4cyli.dat
1 0 -62.3753 5.6158 141.8449 0.9582 2.6182 -0.9097 0.6899 -2.9954 -0.9291 -1.2916 0.3425 -1.1711 1-4cyli.dat
1 0 -64.2434 3.9967 141.9654 0.9582 2.6182 -0.9097 0.6899 -2.9954 -0.9291 -1.2916 0.3425 -1.1711 3-4cyli.dat
2 24 -63.426 8.677 140.247 -60.866 5.637 140.636
2 24 -63.469 8.955 142.706 -60.909 5.915 143.095
2 24 -65.325 7.097 140.393 -62.766 4.057 140.781
2 24 -65.368 7.375 142.852 -62.809 4.335 143.240
2 24 -61.526 10.257 140.101 -58.967 7.217 140.490
2 24 -61.569 10.536 142.560 -59.010 7.495 142.949
1 0 -60.5984 11.1861 141.2574 -0.9711 2.5592 0.9281 -0.6509 -3.0404 0.9291 1.3022 0.3888 1.1566 3-4cyli.dat
1 0 -62.4978 9.6060 141.4031 -0.9711 2.5592 0.9281 -0.6509 -3.0404 0.9291 1.3022 0.3888 1.1566 1-4cyli.dat
1 0 -62.4978 9.6060 141.4031 0.9711 2.5592 -0.9281 0.6509 -3.0404 -0.9291 -1.3022 0.3888 -1.1566 1-4cyli.dat
1 0 -64.3964 8.0266 141.5486 -0.9711 2.5592 0.9281 -0.6509 -3.0404 0.9291 1.3022 0.3888 1.1566 1-4cyli.dat
1 0 -64.3964 8.0266 141.5486 0.9711 2.5592 -0.9281 0.6509 -3.0404 -0.9291 -1.3022 0.3888 -1.1566 1-4cyli.dat
1 0 -66.2958 6.4465 141.6943 0.9711 2.5592 -0.9281 0.6509 -3.0404 -0.9291 -1.3022 0.3888 -1.1566 3-4cyli.dat
2 24 -65.378 11.090 139.900 -62.884 8.002 140.336
2 24 -65.416 11.406 142.354 -62.922 8.318 142.791
2 24 -67.310 9.553 140.068 -64.816 6.465 140.504
2 24 -67.349 9.868 142.522 -64.854 6.781 142.958
2 24 -63.445 12.627 139.733 -60.951 9.540 140.169
2 24 -63.484 12.943 142.187 -60.990 9.855 142.623
1 0 -62.4989 13.5535 140.8755 -0.9853 2.4943 0.9469 -0.6108 -3.0876 0.9265 1.3109 0.4362 1.1434 3-4cyli.dat
1 0 -64.4313 12.0161 141.0430 -0.9853 2.4943 0.9469 -0.6108 -3.0876 0.9265 1.3109 0.4362 1.1434 1-4cyli.dat
1 0 -64.4313 12.0161 141.0430 0.9853 2.4943 -0.9469 0.6108 -3.0876 -0.9265 -1.3109 0.4362 -1.1434 1-4cyli.dat
1 0 -66.3628 10.4794 141.2104 -0.9853 2.4943 0.9469 -0.6108 -3.0876 0.9265 1.3109 0.4362 1.1434 1-4cyli.dat
1 0 -66.3628 10.4794 141.2104 0.9853 2.4943 -0.9469 0.6108 -3.0876 -0.9265 -1.3109 0.4362 -1.1434 1-4cyli.dat
1 0 -68.2952 8.9420 141.3779 0.9853 2.4943 -0.9469 0.6108 -3.0876 -0.9265 -1.3109 0.4362 -1.1434 3-4cyli.dat
2 24 -67.429 13.736 139.488 -65.006 10.599 139.972
2 24 -67.464 14.087 141.937 -65.041 10.951 142.422
2 24 -69.396 12.245 139.674 -66.973 9.108 140.159
2 24 -69.431 12.597 142.124 -67.008 9.460 142.608
2 24 -65.462 15.226 139.301 -63.039 12.089 139.786
2 24 -65.497 15.578 141.751 -63.074 12.441 142.236
1 0 -64.4962 16.1470 140.4327 -1.0007 2.4230 0.9661 -0.5694 -3.1367 0.9211 1.3178 0.4847 1.1316 3-4cyli.dat
1 0 -66.4631 14.6564 140.6189 -1.0007 2.4230 0.9661 -0.5694 -3.1367 0.9211 1.3178 0.4847 1.1316 1-4cyli.dat
1 0 -66.4631 14.6564 140.6189 1.0007 2.4230 -0.9661 0.5694 -3.1367 -0.9211 -1.3178 0.4847 -1.1316 1-4cyli.dat
1 0 -68.4293 13.1664 140.8051 -1.0007 2.4230 0.9661 -0.5694 -3.1367 0.9211 1.3178 0.4847 1.1316 1-4cyli.dat
1 0 -68.4293 13.1664 140.8051 1.0007 2.4230 -0.9661 0.5694 -3.1367 -0.9211 -1.3178 0.4847 -1.1316 1-4cyli.dat
1 0 -70.3963 11.6758 140.9913 1.0007 2.4230 -0.9661 0.5694 -3.1367 -0.9211 -1.3178 0.4847 -1.1316 3-4cyli.dat
2 24 -69.266 16.226 139.067 -66.921 13.038 139.601
2 24 -69.298 16.612 141.511 -66.953 13.424 142.046
2 24 -71.269 14.786 139.269 -68.924 11.598 139.803
2 24 -71.301 15.173 141.713 -68.956 11.985 142.247
2 24 -67.263 17.665 138.865 -64.918 14.477 139.399
2 24 -67.294 18.052 141.310 -64.950 14.864 141.844
1 0 -66.2775 18.5779 139.9859 -1.0172 2.3447 0.9857 -0.5265 -3.1877 0.9130 1.3230 0.5343 1.1212 3-4cyli.dat
1 0 -68.2806 17.1383 140.1877 -1.0172 2.3447 0.9857 -0.5265 -3.1877 0.9130 1.3230 0.5343 1.1212 1-4cyli.dat
1 0 -68.2806 17.1383 140.1877 1.0172 2.3447 -0.9857 0.5265 -3.1877 -0.9130 -1.3230 0.5343 -1.1212 1-4cyli.dat
1 0 -70.2829 15.6993 140.3895 -1.0172 2.3447 0.9857 -0.5265 -3.1877 0.9130 1.3230 0.5343 1.1212 1-4cyli.dat
1 0 -70.2829 15.6993 140.3895 1.0172 2.3447 -0.9857 0.5265 -3.1877 -0.9130 -1.3230 0.5343 -1.1212 1-4cyli.dat
1 0 -72.2861 14.2597 140.5913 1.0172 2.3447 -0.9857 0.5265 -3.1877 -0.9130 -1.3230 0.5343 -1.1212 3-4cyli.dat
2 24 -71.032 18.760 138.605 -68.770 15.521 139.188
2 24 -71.061 19.179 141.044 -68.799 15.940 141.627
2 24 -73.072 17.374 138.819 -70.810 14.135 139.402
2 24 -73.101 17.793 141.258 -70.839 14.554 141.841
2 24 -68.993 20.146 138.391 -66.731 16.907 138.974
2 24 -69.022 20.565 140.830 -66.760 17.326 141.413
1 0 -67.9882 21.0479 139.5032 -1.0340 2.2621 1.0052 -0.4835 -3.2385 0.9024 1.3264 0.5829 1.1125 3-4cyli.dat
1 0 -70.0276 19.6620 139.7171 -1.0340 2.2621 1.0052 -0.4835 -3.2385 0.9024 1.3264 0.5829 1.1125 1-4cyli.dat
1 0 -70.0276 19.6620 139.7171 1.0340 2.2621 -1.0052 0.4835 -3.2385 -0.9024 -1.3264 0.5829 -1.1125 1-4cyli.dat
1 0 -72.0661 18.2766 139.9310 -1.0340 2.2621 1.0052 -0.4835 -3.2385 0.9024 1.3264 0.5829 1.1125 1-4cyli.dat
1 0 -72.0661 18.2766 139.9310 1.0340 2.2621 -1.0052 0.4835 -3.2385 -0.9024 -1.3264 0.5829 -1.1125 1-4cyli.dat
1 0 -74.1055 16.8906 140.1450 1.0340 2.2621 -1.0052 0.4835 -3.2385 -0.9024 -1.3264 0.5829 -1.1125 3-4cyli.dat
2 24 -72.728 21.334 138.105 -70.561 18.041 138.740
2 24 -72.755 21.786 140.539 -70.588 18.493 141.174
2 24 -74.807 20.009 138.329 -72.640 16.716 138.964
2 24 -74.833 20.461 140.762 -72.666 17.168 141.397
2 24 -70.650 22.659 137.882 -68.483 19.365 138.517
2 24 -70.676 23.111 140.315 -68.509 19.817 140.950
1 0 -69.6239 23.5466 138.9864 -1.0524 2.1670 1.0261 -0.4364 -3.2933 0.8882 1.3282 0.6350 1.1048 3-4cyli.dat
1 0 -71.7026 22.2219 139.2098 -1.0524 2.1670 1.0261 -0.4364 -3.2933 0.8882 1.3282 0.6350 1.1048 1-4cyli.dat
1 0 -71.7026 22.2219 139.2098 1.0524 2.1670 -1.0261 0.4364 -3.2933 -0.8882 -1.3282 0.6350 -1.1048 1-4cyli.dat
1 0 -73.7804 20.8978 139.4331 -1.0524 2.1670 1.0261 -0.4364 -3.2933 0.8882 1.3282 0.6350 1.1048 1-4cyli.dat
1 0 -73.7804 20.8978 139.4331 1.0524 2.1670 -1.0261 0.4364 -3.2933 -0.8882 -1.3282 0.6350 -1.1048 1-4cyli.dat
1 0 -75.8591 19.5731 139.6566 1.0524 2.1670 -1.0261 0.4364 -3.2933 -0.8882 -1.3282 0.6350 -1.1048 3-4cyli.dat
2 24 -74.335 23.956 137.561 -72.272 20.607 138.249
2 24 -74.360 24.439 139.988 -72.296 21.091 140.676
2 24 -76.454 22.698 137.791 -74.391 19.349 138.478
2 24 -76.479 23.181 140.218 -74.415 19.832 140.905
2 24 -72.217 25.214 137.332 -70.153 21.865 138.019
2 24 -72.241 25.698 139.759 -70.178 22.349 140.446
1 0 -71.1697 26.0849 138.4299 -1.0715 2.0633 1.0472 -0.3874 -3.3489 0.8708 1.3282 0.6876 1.0988 3-4cyli.dat
1 0 -73.2885 24.8265 138.6594 -1.0715 2.0633 1.0472 -0.3874 -3.3489 0.8708 1.3282 0.6876 1.0988 1-4cyli.dat
1 0 -73.2885 24.8265 138.6594 1.0715 2.0633 -1.0472 0.3874 -3.3489 -0.8708 -1.3282 0.6876 -1.0988 1-4cyli.dat
1 0 -75.4065 23.5687 138.8888 -1.0715 2.0633 1.0472 -0.3874 -3.3489 0.8708 1.3282 0.6876 1.0988 1-4cyli.dat
1 0 -75.4065 23.5687 138.8888 1.0715 2.0633 -1.0472 0.3874 -3.3489 -0.8708 -1.3282 0.6876 -1.0988 1-4cyli.dat
1 0 -77.5254 22.3104 139.1183 1.0715 2.0633 -1.0472 0.3874 -3.3489 -0.8708 -1.3282 0.6876 -1.0988 3-4cyli.dat
2 24 -75.965 26.838 136.925 -74.033 23.424 137.674
2 24 -75.987 27.356 139.345 -74.055 23.943 140.094
2 24 -78.131 25.663 137.157 -76.199 22.249 137.906
2 24 -78.153 26.181 139.577 -76.221 22.768 140.326
2 24 -73.799 28.013 136.693 -71.867 24.599 137.442
2 24 -73.821 28.531 139.113 -71.889 25.118 139.862
1 0 -72.7275 28.8592 137.7861 -1.0939 1.9320 1.0718 -0.3281 -3.4133 0.8468 1.3259 0.7492 1.0938 3-4cyli.dat
1 0 -74.8934 27.6842 138.0182 -1.0939 1.9320 1.0718 -0.3281 -3.4133 0.8468 1.3259 0.7492 1.0938 1-4cyli.dat
1 0 -74.8934 27.6842 138.0182 1.0939 1.9320 -1.0718 0.3281 -3.4133 -0.8468 -1.3259 0.7492 -1.0938 1-4cyli.dat
1 0 -77.0584 26.5096 138.2502 -1.0939 1.9320 1.0718 -0.3281 -3.4133 0.8468 1.3259 0.7492 1.0938 1-4cyli.dat
1 0 -77.0584 26.5096 138.2502 1.0939 1.9320 -1.0718 0.3281 -3.4133 -0.8468 -1.3259 0.7492 -1.0938 1-4cyli.dat
1 0 -79.2243 25.3346 138.4823 1.0939 1.9320 -1.0718 0.3281 -3.4133 -0.8468 -1.3259 0.7492 -1.0938 3-4cyli.dat
2 24 -77.337 29.563 136.278 -75.575 26.075 137.100
2 24 -77.357 30.121 138.689 -75.595 26.633 139.511
2 24 -79.558 28.495 136.507 -77.796 25.007 137.329
2 24 -79.578 29.053 138.918 -77.816 25.565 139.740
2 24 -75.116 30.631 136.049 -73.354 27.143 136.871
2 24 -75.136 31.189 138.460 -73.374 27.701 139.282
1 0 -74.0158 31.4435 137.1395 -1.1203 1.7620 1.1005 -0.2549 -3.4878 0.8131 1.3200 0.8220 1.0910 3-4cyli.dat
1 0 -76.2367 30.3755 137.3686 -1.1203 1.7620 1.1005 -0.2549 -3.4878 0.8131 1.3200 0.8220 1.0910 1-4cyli.dat
1 0 -76.2367 30.3755 137.3686 1.1203 1.7620 -1.1005 0.2549 -3.4878 -0.8131 -1.3200 0.8220 -1.0910 1-4cyli.dat
1 0 -78.4567 29.3080 137.5976 -1.1203 1.7620 1.1005 -0.2549 -3.4878 0.8131 1.3200 0.8220 1.0910 1-4cyli.dat
1 0 -78.4567 29.3080 137.5976 1.1203 1.7620 -1.1005 0.2549 -3.4878 -0.8131 -1.3200 0.8220 -1.0910 1-4cyli.dat
1 0 -80.6777 28.2400 137.8266 1.1203 1.7620 -1.1005 0.2549 -3.4878 -0.8131 -1.3200 0.8220 -1.0910 3-4cyli.dat
2 24 -78.572 32.343 135.578 -76.972 28.793 136.463
2 24 -78.590 32.934 137.982 -76.990 29.384 138.867
2 24 -80.840 31.375 135.799 -79.239 27.826 136.684
2 24 -80.858 31.966 138.203 -79.257 28.417 139.088
2 24 -76.305 33.310 135.357 -74.704 29.760 136.242
2 24 -76.323 33.901 137.761 -74.722 30.351 138.646
1 0 -75.1804 34.0886 136.4480 -1.1425 1.6004 1.1247 -0.1881 -3.5497 0.7790 1.3121 0.8848 1.0911 3-4cyli.dat
1 0 -77.4479 33.1214 136.6691 -1.1425 1.6004 1.1247 -0.1881 -3.5497 0.7790 1.3121 0.8848 1.0911 1-4cyli.dat
1 0 -77.4479 33.1214 136.6691 1.1425 1.6004 -1.1247 0.1881 -3.5497 -0.7790 -1.3121 0.8848 -1.0911 1-4cyli.dat
1 0 -79.7144 32.1546 136.8900 -1.1425 1.6004 1.1247 -0.1881 -3.5497 0.7790 1.3121 0.8848 1.0911 1-4cyli.dat
1 0 -79.7144 32.1546 136.8900 1.1425 1.6004 -1.1247 0.1881 -3.5497 -0.7790 -1.3121 0.8848 -1.0911 1-4cyli.dat
1 0 -81.9819 31.1874 137.1110 1.1425 1.6004 -1.1247 0.1881 -3.5497 -0.7790 -1.3121 0.8848 -1.0911 3-4cyli.dat
2 24 -79.623 35.175 134.816 -78.263 31.548 135.786
2 24 -79.639 35.809 137.209 -78.278 32.182 138.178
2 24 -81.950 34.357 135.018 -80.590 30.730 135.987
2 24 -81.966 34.990 137.410 -80.605 31.363 138.380
2 24 -77.296 35.994 134.614 -75.936 32.367 135.584
2 24 -77.312 36.628 137.007 -75.952 33.001 137.976
1 0 -76.1410 36.7198 135.7090 -1.1711 1.3601 1.1557 -0.0924 -3.6270 0.7261 1.2971 0.9695 1.0952 3-4cyli.dat
1 0 -78.4679 35.9011 135.9109 -1.1711 1.3601 1.1557 -0.0924 -3.6270 0.7261 1.2971 0.9695 1.0952 1-4cyli.dat
1 0 -78.4679 35.9011 135.9109 1.1711 1.3601 -1.1557 0.0924 -3.6270 -0.7261 -1.2971 0.9695 -1.0952 1-4cyli.dat
1 0 -80.7939 35.0828 136.1127 -1.1711 1.3601 1.1557 -0.0924 -3.6270 0.7261 1.2971 0.9695 1.0952 1-4cyli.dat
1 0 -80.7939 35.0828 136.1127 1.1711 1.3601 -1.1557 0.0924 -3.6270 -0.7261 -1.2971 0.9695 -1.0952 1-4cyli.dat
1 0 -83.1209 34.2641 136.3146 1.1711 1.3601 -1.1557 0.0924 -3.6270 -0.7261 -1.2971 0.9695 -1.0952 3-4cyli.dat
2 24 -80.433 38.065 133.980 -79.354 34.369 135.037
2 24 -80.446 38.742 136.361 -79.366 35.046 137.418
2 24 -82.816 37.418 134.151 -81.736 33.722 135.208
2 24 -82.829 38.095 136.532 -81.749 34.399 137.589
2 24 -78.051 38.712 133.809 -76.971 35.016 134.866
2 24 -78.063 39.389 136.190 -76.984 35.693 137.246
1 0 -76.8661 39.3740 134.9132 -1.1977 1.0798 1.1849 0.0149 -3.6962 0.6619 1.2758 1.0567 1.1046 3-4cyli.dat
1 0 -79.2489 38.7269 135.0844 -1.1977 1.0798 1.1849 0.0149 -3.6962 0.6619 1.2758 1.0567 1.1046 1-4cyli.dat
1 0 -79.2489 38.7269 135.0844 1.1977 1.0798 -1.1849 -0.0149 -3.6962 -0.6619 -1.2758 1.0567 -1.1046 1-4cyli.dat
1 0 -81.6307 38.0801 135.2556 -1.1977 1.0798 1.1849 0.0149 -3.6962 0.6619 1.2758 1.0567 1.1046 1-4cyli.dat
1 0 -81.6307 38.0801 135.2556 1.1977 1.0798 -1.1849 -0.0149 -3.6962 -0.6619 -1.2758 1.0567 -1.1046 1-4cyli.dat
1 0 -84.0135 37.4330 135.4269 1.1977 1.0798 -1.1849 -0.0149 -3.6962 -0.6619 -1.2758 1.0567 -1.1046 3-4cyli.dat
2 24 -80.993 41.228 132.996 -80.300 37.471 134.157
2 24 -81.002 41.957 135.362 -80.309 38.200 136.522
2 24 -83.430 40.815 133.114 -82.737 37.058 134.275
2 24 -83.439 41.544 135.479 -82.747 37.787 136.640
2 24 -78.555 41.641 132.879 -77.863 37.884 134.039
2 24 -78.564 42.370 135.244 -77.872 38.613 136.405
1 0 -77.3416 42.2120 134.0020 -1.2233 0.6926 1.2140 0.1580 -3.7574 0.5709 1.2413 1.1606 1.1237 3-4cyli.dat
1 0 -79.7790 41.7990 134.1197 -1.2233 0.6926 1.2140 0.1580 -3.7574 0.5709 1.2413 1.1606 1.1237 1-4cyli.dat
1 0 -79.7790 41.7990 134.1197 1.2233 0.6926 -1.2140 -0.1580 -3.7574 -0.5709 -1.2413 1.1606 -1.1237 1-4cyli.dat
1 0 -82.2155 41.3862 134.2372 -1.2233 0.6926 1.2140 0.1580 -3.7574 0.5709 1.2413 1.1606 1.1237 1-4cyli.dat
1 0 -82.2155 41.3862 134.2372 1.2233 0.6926 -1.2140 -0.1580 -3.7574 -0.5709 -1.2413 1.1606 -1.1237 1-4cyli.dat
1 0 -84.6530 40.9733 134.3549 1.2233 0.6926 -1.2140 -0.1580 -3.7574 -0.5709 -1.2413 1.1606 -1.1237 3-4cyli.dat
2 24 -81.064 44.164 131.993 -80.923 40.385 133.273
2 24 -81.068 44.958 134.337 -80.927 41.178 135.617
2 24 -83.537 44.080 132.017 -83.396 40.301 133.297
2 24 -83.541 44.874 134.361 -83.401 41.094 135.641
2 24 -78.590 44.249 131.969 -78.449 40.469 133.249
2 24 -78.595 45.042 134.314 -78.454 41.263 135.594
1 0 -77.3561 44.6874 133.1290 -1.2389 0.1409 1.2344 0.3548 -3.7797 0.4389 1.1839 1.2800 1.1602 3-4cyli.dat
1 0 -79.8295 44.6032 133.1527 -1.2389 0.1409 1.2344 0.3548 -3.7797 0.4389 1.1839 1.2800 1.1602 1-4cyli.dat
1 0 -79.8295 44.6032 133.1527 1.2389 0.1409 -1.2344 -0.3548 -3.7797 -0.4389 -1.1839 1.2800 -1.1602 1-4cyli.dat
1 0 -82.3020 44.5191 133.1765 -1.2389 0.1409 1.2344 0.3548 -3.7797 0.4389 1.1839 1.2800 1.1602 1-4cyli.dat
1 0 -82.3020 44.5191 133.1765 1.2389 0.1409 -1.2344 -0.3548 -3.7797 -0.4389 -1.1839 1.2800 -1.1602 1-4cyli.dat
1 0 -84.7754 44.4350 133.2002 1.2389 0.1409 -1.2344 -0.3548 -3.7797 -0.4389 -1.1839 1.2800 -1.1602 3-4cyli.dat
2 24 -80.807 47.108 130.965 -81.064 43.344 132.273
2 24 -80.810 47.921 133.303 -81.067 44.157 134.611
2 24 -83.277 47.258 130.910 -83.534 43.494 132.218
2 24 -83.280 48.071 133.248 -83.537 44.306 134.556
2 24 -78.337 46.959 131.021 -78.594 43.195 132.329
2 24 -78.340 47.771 133.359 -78.597 44.007 134.666
1 0 -77.1041 47.2899 132.2167 -1.2364 -0.2574 1.2333 0.4811 -3.7640 0.3314 1.1412 1.3079 1.1964 3-4cyli.dat
1 0 -79.5739 47.4396 132.1614 -1.2364 -0.2574 1.2333 0.4811 -3.7640 0.3314 1.1412 1.3079 1.1964 1-4cyli.dat
1 0 -79.5739 47.4396 132.1614 1.2364 -0.2574 -1.2333 -0.4811 -3.7640 -0.3314 -1.1412 1.3079 -1.1964 1-4cyli.dat
1 0 -82.0428 47.5892 132.1062 -1.2364 -0.2574 1.2333 0.4811 -3.7640 0.3314 1.1412 1.3079 1.1964 1-4cyli.dat
1 0 -82.0428 47.5892 132.1062 1.2364 -0.2574 -1.2333 -0.4811 -3.7640 -0.3314 -1.1412 1.3079 -1.1964 1-4cyli.dat
1 0 -84.5126 47.7389 132.0509 1.2364 -0.2574 -1.2333 -0.4811 -3.7640 -0.3314 -1.1412 1.3079 -1.1964 3-4cyli.dat
2 24 -80.637 50.374 129.951 -80.842 46.569 131.144
2 24 -80.641 51.115 132.312 -80.845 47.309 133.505
2 24 -83.109 50.494 129.910 -83.314 46.689 131.103
2 24 -83.113 51.234 132.271 -83.317 47.429 133.464
2 24 -78.166 50.254 129.992 -78.370 46.449 131.185
2 24 -78.169 50.995 132.354 -78.373 47.189 133.546
1 0 -76.9320 50.5645 131.1928 -1.2375 -0.2043 1.2341 0.4301 -3.8053 0.3103 1.1602 1.1929 1.2013 3-4cyli.dat
1 0 -79.4038 50.6843 131.1516 -1.2375 -0.2043 1.2341 0.4301 -3.8053 0.3103 1.1602 1.1929 1.2013 1-4cyli.dat
1 0 -79.4038 50.6843 131.1516 1.2375 -0.2043 -1.2341 -0.4301 -3.8053 -0.3103 -1.1602 1.1929 -1.2013 1-4cyli.dat
1 0 -81.8745 50.8041 131.1105 -1.2375 -0.2043 1.2341 0.4301 -3.8053 0.3103 1.1602 1.1929 1.2013 1-4cyli.dat
1 0 -81.8745 50.8041 131.1105 1.2375 -0.2043 -1.2341 -0.4301 -3.8053 -0.3103 -1.1602 1.1929 -1.2013 1-4cyli.dat
1 0 -84.3463 50.9239 131.0694 1.2375 -0.2043 -1.2341 -0.4301 -3.8053 -0.3103 -1.1602 1.1929 -1.2013 3-4cyli.dat
2 24 -80.545 53.426 129.095 -80.672 49.586 130.182
2 24 -80.546 54.100 131.476 -80.673 50.260 132.564
2 24 -83.019 53.501 129.073 -83.146 49.661 130.160
2 24 -83.019 54.176 131.454 -83.146 50.336 132.542
2 24 -78.071 53.350 129.117 -78.198 49.510 130.204
2 24 -78.072 54.025 131.498 -78.199 50.185 132.586
1 0 -76.8353 53.6495 130.3180 -1.2371 -0.1269 1.2364 0.3750 -3.8400 0.2995 1.1795 1.0876 1.2016 3-4cyli.dat
1 0 -79.3090 53.7249 130.2959 -1.2371 -0.1269 1.2364 0.3750 -3.8400 0.2995 1.1795 1.0876 1.2016 1-4cyli.dat
1 0 -79.3090 53.7249 130.2959 1.2371 -0.1269 -1.2364 -0.3750 -3.8400 -0.2995 -1.1795 1.0876 -1.2016 1-4cyli.dat
1 0 -81.7818 53.8004 130.2739 -1.2371 -0.1269 1.2364 0.3750 -3.8400 0.2995 1.1795 1.0876 1.2016 1-4cyli.dat
1 0 -81.7818 53.8004 130.2739 1.2371 -0.1269 -1.2364 -0.3750 -3.8400 -0.2995 -1.1795 1.0876 -1.2016 1-4cyli.dat
1 0 -84.2555 53.8759 130.2518 1.2371 -0.1269 -1.2364 -0.3750 -3.8400 -0.2995 -1.1795 1.0876 -1.2016 3-4cyli.dat
2 24 -80.484 56.479 128.294 -80.571 52.620 129.318
2 24 -80.480 57.113 130.686 -80.568 53.255 131.710
2 24 -82.958 56.532 128.283 -83.046 52.673 129.307
2 24 -82.955 57.167 130.675 -83.042 53.308 131.699
2 24 -78.009 56.425 128.305 -78.097 52.567 129.329
2 24 -78.006 57.060 130.697 -78.094 53.201 131.721
1 0 -76.7709 56.7159 129.5060 -1.2356 -0.0876 1.2386 0.3440 -3.8586 0.2907 1.1905 1.0239 1.2015 3-4cyli.dat
1 0 -79.2453 56.7692 129.4950 -1.2356 -0.0876 1.2386 0.3440 -3.8586 0.2907 1.1905 1.0239 1.2015 1-4cyli.dat
1 0 -79.2453 56.7692 129.4950 1.2356 -0.0876 -1.2386 -0.3440 -3.8586 -0.2907 -1.1905 1.0239 -1.2015 1-4cyli.dat
1 0 -81.7187 56.8224 129.4841 -1.2356 -0.0876 1.2386 0.3440 -3.8586 0.2907 1.1905 1.0239 1.2015 1-4cyli.dat
1 0 -81.7187 56.8224 129.4841 1.2356 -0.0876 -1.2386 -0.3440 -3.8586 -0.2907 -1.1905 1.0239 -1.2015 1-4cyli.dat
1 0 -84.1931 56.8757 129.4732 1.2356 -0.0876 -1.2386 -0.3440 -3.8586 -0.2907 -1.1905 1.0239 -1.2015 3-4cyli.dat
2 24 -80.412 62.753 126.787 -80.497 55.768 128.472
2 24 -80.407 63.334 129.192 -80.491 56.349 130.878
2 24 -82.887 62.783 126.785 -82.972 55.798 128.471
2 24 -82.881 63.364 129.191 -82.966 56.378 130.877
2 24 -77.938 62.724 126.788 -78.022 55.739 128.473
2 24 -77.932 63.304 129.194 -78.016 56.319 130.879
1 0 -76.6978 62.9990 127.9907 -1.2344 -0.0846 1.2402 0.3051 -6.9852 0.2754 1.2023 1.6856 1.2035 3-4cyli.dat
1 0 -79.1726 63.0287 127.9895 -1.2344 -0.0846 1.2402 0.3051 -6.9852 0.2754 1.2023 1.6856 1.2035 1-4cyli.dat
1 0 -79.1726 63.0287 127.9895 1.2344 -0.0846 -1.2402 -0.3051 -6.9852 -0.2754 -1.2023 1.6856 -1.2035 1-4cyli.dat
1 0 -81.6464 63.0583 127.9884 -1.2344 -0.0846 1.2402 0.3051 -6.9852 0.2754 1.2023 1.6856 1.2035 1-4cyli.dat
1 0 -81.6464 63.0583 127.9884 1.2344 -0.0846 -1.2402 -0.3051 -6.9852 -0.2754 -1.2023 1.6856 -1.2035 1-4cyli.dat
1 0 -84.1212 63.0880 127.9872 1.2344 -0.0846 -1.2402 -0.3051 -6.9852 -0.2754 -1.2023 1.6856 -1.2035 3-4cyli.dat
2 24 -80.345 72.131 124.773 -80.423 61.986 126.963
2 24 -80.333 72.653 127.192 -80.412 62.508 129.382
2 24 -82.820 72.152 124.780 -82.898 62.007 126.971
2 24 -82.808 72.674 127.199 -82.887 62.529 129.390
2 24 -77.870 72.110 124.765 -77.949 61.965 126.956
2 24 -77.858 72.633 127.184 -77.937 62.487 129.375
1 0 -76.6270 72.3609 125.9705 -1.2315 -0.0788 1.2432 0.2715 -10.1452 0.2507 1.2132 2.1906 1.2058 3-4cyli.dat
1 0 -79.1019 72.3817 125.9779 -1.2315 -0.0788 1.2432 0.2715 -10.1452 0.2507 1.2132 2.1906 1.2058 1-4cyli.dat
1 0 -79.1019 72.3817 125.9779 1.2315 -0.0788 -1.2432 -0.2715 -10.1452 -0.2507 -1.2132 2.1906 -1.2058 1-4cyli.dat
1 0 -81.5758 72.4025 125.9854 -1.2315 -0.0788 1.2432 0.2715 -10.1452 0.2507 1.2132 2.1906 1.2058 1-4cyli.dat
1 0 -81.5758 72.4025 125.9854 1.2315 -0.0788 -1.2432 -0.2715 -10.1452 -0.2507 -1.2132 2.1906 -1.2058 1-4cyli.dat
1 0 -84.0507 72.4233 125.9928 1.2315 -0.0788 -1.2432 -0.2715 -10.1452 -0.2507 -1.2132 2.1906 -1.2058 3-4cyli.dat
2 24 -80.217 81.637 122.930 -80.357 71.450 124.912
2 24 -80.197 82.110 125.359 -80.336 71.922 127.342
2 24 -82.692 81.674 122.943 -82.831 71.486 124.926
2 24 -82.671 82.146 125.373 -82.811 71.959 127.355
2 24 -77.742 81.601 122.917 -77.882 71.413 124.899
2 24 -77.722 82.073 125.346 -77.862 71.886 127.328
1 0 -76.4954 81.8184 124.1240 -1.2272 -0.1395 1.2473 0.2545 -10.1872 0.2180 1.2213 1.9824 1.2079 3-4cyli.dat
1 0 -78.9701 81.8549 124.1374 -1.2272 -0.1395 1.2473 0.2545 -10.1872 0.2180 1.2213 1.9824 1.2079 1-4cyli.dat
1 0 -78.9701 81.8549 124.1374 1.2272 -0.1395 -1.2473 -0.2545 -10.1872 -0.2180 -1.2213 1.9824 -1.2079 1-4cyli.dat
1 0 -81.4438 81.8914 124.1509 -1.2272 -0.1395 1.2473 0.2545 -10.1872 0.2180 1.2213 1.9824 1.2079 1-4cyli.dat
1 0 -81.4438 81.8914 124.1509 1.2272 -0.1395 -1.2473 -0.2545 -10.1872 -0.2180 -1.2213 1.9824 -1.2079 1-4cyli.dat
1 0 -83.9184 81.9280 124.1644 1.2272 -0.1395 -1.2473 -0.2545 -10.1872 -0.2180 -1.2213 1.9824 -1.2079 3-4cyli.dat
2 24 -79.959 90.911 121.266 -80.243 80.700 123.104
2 24 -79.931 91.349 123.702 -80.214 81.138 125.540
2 24 -82.433 90.983 121.282 -82.716 80.772 123.120
2 24 -82.405 91.421 123.718 -82.688 81.209 125.555
2 24 -77.485 90.840 121.250 -77.769 80.629 123.088
2 24 -77.457 91.278 123.686 -77.740 81.066 125.524
1 0 -76.2347 91.0229 122.4594 -1.2227 -0.2833 1.2510 0.2545 -10.2113 0.1830 1.2258 1.8379 1.2099 3-4cyli.dat
1 0 -78.7086 91.0944 122.4753 -1.2227 -0.2833 1.2510 0.2545 -10.2113 0.1830 1.2258 1.8379 1.2099 1-4cyli.dat
1 0 -78.7086 91.0944 122.4753 1.2227 -0.2833 -1.2510 -0.2545 -10.2113 -0.1830 -1.2258 1.8379 -1.2099 1-4cyli.dat
1 0 -81.1816 91.1659 122.4912 -1.2227 -0.2833 1.2510 0.2545 -10.2113 0.1830 1.2258 1.8379 1.2099 1-4cyli.dat
1 0 -81.1816 91.1659 122.4912 1.2227 -0.2833 -1.2510 -0.2545 -10.2113 -0.1830 -1.2258 1.8379 -1.2099 1-4cyli.dat
1 0 -83.6555 91.2374 122.5071 1.2227 -0.2833 -1.2510 -0.2545 -10.2113 -0.1830 -1.2258 1.8379 -1.2099 3-4cyli.dat
2 24 -79.499 100.192 119.706 -79.997 89.970 121.432
2 24 -79.463 100.602 122.147 -79.961 90.380 123.872
2 24 -81.971 100.315 119.722 -82.469 90.093 121.448
2 24 -81.935 100.726 122.163 -82.433 90.503 123.888
2 24 -77.027 100.069 119.690 -77.525 89.846 121.415
2 24 -76.991 100.479 122.130 -77.489 90.257 123.856
1 0 -75.7736 100.2125 120.9015 -1.2177 -0.4981 1.2540 0.2666 -10.2227 0.1435 1.2282 1.7255 1.2121 3-4cyli.dat
1 0 -78.2455 100.3356 120.9177 -1.2177 -0.4981 1.2540 0.2666 -10.2227 0.1435 1.2282 1.7255 1.2121 1-4cyli.dat
1 0 -78.2455 100.3356 120.9177 1.2177 -0.4981 -1.2540 -0.2666 -10.2227 -0.1435 -1.2282 1.7255 -1.2121 1-4cyli.dat
1 0 -80.7164 100.4588 120.9338 -1.2177 -0.4981 1.2540 0.2666 -10.2227 0.1435 1.2282 1.7255 1.2121 1-4cyli.dat
1 0 -80.7164 100.4588 120.9338 1.2177 -0.4981 -1.2540 -0.2666 -10.2227 -0.1435 -1.2282 1.7255 -1.2121 1-4cyli.dat
1 0 -83.1883 100.5819 120.9499 1.2177 -0.4981 -1.2540 -0.2666 -10.2227 -0.1435 -1.2282 1.7255 -1.2121 3-4cyli.dat
2 24 -79.022 106.720 118.659 -79.536 99.644 119.797
2 24 -78.976 107.110 121.103 -79.490 100.033 122.241
2 24 -81.490 106.902 118.676 -82.004 99.826 119.814
2 24 -81.445 107.292 121.120 -81.958 100.215 122.258
2 24 -76.554 106.539 118.642 -77.068 99.462 119.780
2 24 -76.508 106.928 121.086 -77.022 99.851 122.224
1 0 -75.2974 106.6422 119.8545 -1.2111 -0.5138 1.2569 0.2858 -7.0769 0.1038 1.2304 1.1380 1.2131 3-4cyli.dat
1 0 -77.7657 106.8242 119.8718 -1.2111 -0.5138 1.2569 0.2858 -7.0769 0.1038 1.2304 1.1380 1.2131 1-4cyli.dat
1 0 -77.7657 106.8242 119.8718 1.2111 -0.5138 -1.2569 -0.2858 -7.0769 -0.1038 -1.2304 1.1380 -1.2131 1-4cyli.dat
1 0 -80.2329 107.0061 119.8891 -1.2111 -0.5138 1.2569 0.2858 -7.0769 0.1038 1.2304 1.1380 1.2131 1-4cyli.dat
1 0 -80.2329 107.0061 119.8891 1.2111 -0.5138 -1.2569 -0.2858 -7.0769 -0.1038 -1.2304 1.1380 -1.2131 1-4cyli.dat
1 0 -82.7012 107.1881 119.9063 1.2111 -0.5138 -1.2569 -0.2858 -7.0769 -0.1038 -1.2304 1.1380 -1.2131 3-4cyli.dat
2 24 -78.408 113.144 117.662 -79.083 106.074 118.761
2 24 -78.356 113.519 120.108 -79.031 106.450 121.207
2 24 -80.872 113.381 117.677 -81.546 106.312 118.776
2 24 -80.820 113.757 120.123 -81.495 106.687 121.222
2 24 -75.945 112.906 117.646 -76.619 105.837 118.745
2 24 -75.893 113.282 120.092 -76.568 106.212 121.191
1 0 -74.6875 112.9750 118.8608 -1.2059 -0.6747 1.2574 0.3064 -7.0695 0.0689 1.2306 1.0990 1.2151 3-4cyli.dat
1 0 -77.1510 113.2125 118.8763 -1.2059 -0.6747 1.2574 0.3064 -7.0695 0.0689 1.2306 1.0990 1.2151 1-4cyli.dat
1 0 -77.1510 113.2125 118.8763 1.2059 -0.6747 -1.2574 -0.3064 -7.0695 -0.0689 -1.2306 1.0990 -1.2151 1-4cyli.dat
1 0 -79.6135 113.4500 118.8918 -1.2059 -0.6747 1.2574 0.3064 -7.0695 0.0689 1.2306 1.0990 1.2151 1-4cyli.dat
1 0 -79.6135 113.4500 118.8918 1.2059 -0.6747 -1.2574 -0.3064 -7.0695 -0.0689 -1.2306 1.0990 -1.2151 1-4cyli.dat
1 0 -82.0771 113.6875 118.9073 1.2059 -0.6747 -1.2574 -0.3064 -7.0695 -0.0689 -1.2306 1.0990 -1.2151 3-4cyli.dat
2 24 -77.649 119.307 116.735 -78.509 112.252 117.798
2 24 -77.591 119.669 119.182 -78.451 112.614 120.246
2 24 -80.105 119.608 116.748 -80.965 112.554 117.812
2 24 -80.047 119.970 119.195 -80.908 112.916 120.259
2 24 -75.192 119.005 116.721 -76.052 111.951 117.785
2 24 -75.134 119.367 119.169 -75.995 112.313 120.233
1 0 -73.9355 119.0356 117.9379 -1.1993 -0.8601 1.2570 0.3318 -7.0548 0.0303 1.2304 1.0638 1.2171 3-4cyli.dat
1 0 -76.3920 119.3371 117.9512 -1.1993 -0.8601 1.2570 0.3318 -7.0548 0.0303 1.2304 1.0638 1.2171 1-4cyli.dat
1 0 -76.3920 119.3371 117.9512 1.1993 -0.8601 -1.2570 -0.3318 -7.0548 -0.0303 -1.2304 1.0638 -1.2171 1-4cyli.dat
1 0 -78.8475 119.6385 117.9644 -1.1993 -0.8601 1.2570 0.3318 -7.0548 0.0303 1.2304 1.0638 1.2171 1-4cyli.dat
1 0 -78.8475 119.6385 117.9644 1.1993 -0.8601 -1.2570 -0.3318 -7.0548 -0.0303 -1.2304 1.0638 -1.2171 1-4cyli.dat
1 0 -81.3041 119.9400 117.9777 1.1993 -0.8601 -1.2570 -0.3318 -7.0548 -0.0303 -1.2304 1.0638 -1.2171 3-4cyli.dat
2 24 -77.186 122.477 116.268 -77.750 118.566 116.845
2 24 -77.121 122.829 118.717 -77.684 118.918 119.294
2 24 -79.636 122.832 116.283 -80.199 118.921 116.860
2 24 -79.570 123.184 118.732 -80.134 119.273 119.309
2 24 -74.737 122.121 116.253 -75.301 118.211 116.831
2 24 -74.671 122.473 118.702 -75.235 118.563 119.280
1 0 -73.4800 122.1197 117.4699 -1.1917 -0.5638 1.2574 0.3537 -3.9107 -0.0016 1.2317 0.5774 1.2170 3-4cyli.dat
1 0 -75.9293 122.4750 117.4846 -1.1917 -0.5638 1.2574 0.3537 -3.9107 -0.0016 1.2317 0.5774 1.2170 1-4cyli.dat
1 0 -75.9293 122.4750 117.4846 1.1917 -0.5638 -1.2574 -0.3537 -3.9107 0.0016 -1.2317 0.5774 -1.2170 1-4cyli.dat
1 0 -78.3777 122.8302 117.4992 -1.1917 -0.5638 1.2574 0.3537 -3.9107 -0.0016 1.2317 0.5774 1.2170 1-4cyli.dat
1 0 -78.3777 122.8302 117.4992 1.1917 -0.5638 -1.2574 -0.3537 -3.9107 0.0016 -1.2317 0.5774 -1.2170 1-4cyli.dat
1 0 -80.8270 123.1855 117.5139 1.1917 -0.5638 -1.2574 -0.3537 -3.9107 0.0016 -1.2317 0.5774 -1.2170 3-4cyli.dat
2 24 -76.097 128.749 115.363 -77.307 121.738 116.376
2 24 -76.030 129.092 117.813 -77.240 122.081 118.826
2 24 -78.536 129.171 115.371 -79.746 122.160 116.383
2 24 -78.469 129.514 117.821 -79.679 122.503 118.834
2 24 -73.658 128.327 115.355 -74.868 121.316 116.368
2 24 -73.591 128.670 117.805 -74.801 121.659 118.818
1 0 -72.4057 128.2874 116.5758 -1.1858 -1.2099 1.2528 0.3822 -7.0108 -0.0398 1.2289 1.0128 1.2212 3-4cyli.dat
1 0 -74.8445 128.7094 116.5835 -1.1858 -1.2099 1.2528 0.3822 -7.0108 -0.0398 1.2289 1.0128 1.2212 1-4cyli.dat
1 0 -74.8445 128.7094 116.5835 1.1858 -1.2099 -1.2528 -0.3822 -7.0108 0.0398 -1.2289 1.0128 -1.2212 1-4cyli.dat
1 0 -77.2822 129.1312 116.5913 -1.1858 -1.2099 1.2528 0.3822 -7.0108 -0.0398 1.2289 1.0128 1.2212 1-4cyli.dat
1 0 -77.2822 129.1312 116.5913 1.1858 -1.2099 -1.2528 -0.3822 -7.0108 0.0398 -1.2289 1.0128 -1.2212 1-4cyli.dat
1 0 -79.7210 129.5532 116.5990 1.1858 -1.2099 -1.2528 -0.3822 -7.0108 0.0398 -1.2289 1.0128 -1.2212 3-4cyli.dat
2 24 -75.508 131.649 114.953 -76.286 127.771 115.503
2 24 -75.433 131.981 117.404 -76.210 128.103 117.954
2 24 -77.935 132.136 114.962 -78.712 128.259 115.512
2 24 -77.859 132.469 117.413 -78.637 128.591 117.963
2 24 -73.082 131.161 114.944 -73.860 127.283 115.494
2 24 -73.006 131.493 117.395 -73.784 127.615 117.945
1 0 -71.8313 131.0830 116.1648 -1.1752 -0.7777 1.2510 0.4102 -3.8778 -0.0776 1.2300 0.5501 1.2212 3-4cyli.dat
1 0 -74.2577 131.5708 116.1736 -1.1752 -0.7777 1.2510 0.4102 -3.8778 -0.0776 1.2300 0.5501 1.2212 1-4cyli.dat
1 0 -74.2577 131.5708 116.1736 1.1752 -0.7777 -1.2510 -0.4102 -3.8778 0.0776 -1.2300 0.5501 -1.2212 1-4cyli.dat
1 0 -76.6832 132.0585 116.1824 -1.1752 -0.7777 1.2510 0.4102 -3.8778 -0.0776 1.2300 0.5501 1.2212 1-4cyli.dat
1 0 -76.6832 132.0585 116.1824 1.1752 -0.7777 -1.2510 -0.4102 -3.8778 0.0776 -1.2300 0.5501 -1.2212 1-4cyli.dat
1 0 -79.1096 132.5464 116.1912 1.1752 -0.7777 -1.2510 -0.4102 -3.8778 0.0776 -1.2300 0.5501 -1.2212 3-4cyli.dat
2 24 -74.828 134.683 114.528 -75.683 130.821 115.070
2 24 -74.749 135.010 116.980 -75.603 131.147 117.522
2 24 -77.244 135.219 114.535 -78.099 131.356 115.077
2 24 -77.165 135.545 116.987 -78.020 131.682 117.529
2 24 -72.412 134.148 114.521 -73.267 130.285 115.063
2 24 -72.332 134.474 116.973 -73.187 130.611 117.515
1 0 -71.1644 134.0428 115.7432 -1.1683 -0.8548 1.2478 0.4309 -3.8627 -0.1047 1.2295 0.5416 1.2224 3-4cyli.dat
1 0 -73.5807 134.5786 115.7503 -1.1683 -0.8548 1.2478 0.4309 -3.8627 -0.1047 1.2295 0.5416 1.2224 1-4cyli.dat
1 0 -73.5807 134.5786 115.7503 1.1683 -0.8548 -1.2478 -0.4309 -3.8627 0.1047 -1.2295 0.5416 -1.2224 1-4cyli.dat
1 0 -75.9961 135.1140 115.7574 -1.1683 -0.8548 1.2478 0.4309 -3.8627 -0.1047 1.2295 0.5416 1.2224 1-4cyli.dat
1 0 -75.9961 135.1140 115.7574 1.1683 -0.8548 -1.2478 -0.4309 -3.8627 0.1047 -1.2295 0.5416 -1.2224 1-4cyli.dat
1 0 -78.4124 135.6497 115.7644 1.1683 -0.8548 -1.2478 -0.4309 -3.8627 0.1047 -1.2295 0.5416 -1.2224 3-4cyli.dat
2 24 -74.010 137.942 114.078 -74.967 134.102 114.609
2 24 -73.927 138.260 116.531 -74.885 134.420 117.062
2 24 -76.411 138.541 114.081 -77.369 134.701 114.612
2 24 -76.329 138.860 116.534 -77.286 135.020 117.065
2 24 -71.608 137.342 114.075 -72.566 133.502 114.606
2 24 -71.526 137.661 116.528 -72.484 133.821 117.059
1 0 -70.3669 137.2020 115.2999 -1.1593 -0.9577 1.2419 0.4589 -3.8400 -0.1404 1.2279 0.5309 1.2249 3-4cyli.dat
1 0 -72.7683 137.8013 115.3029 -1.1593 -0.9577 1.2419 0.4589 -3.8400 -0.1404 1.2279 0.5309 1.2249 1-4cyli.dat
1 0 -72.7683 137.8013 115.3029 1.1593 -0.9577 -1.2419 -0.4589 -3.8400 0.1404 -1.2279 0.5309 -1.2249 1-4cyli.dat
1 0 -75.1687 138.4004 115.3059 -1.1593 -0.9577 1.2419 0.4589 -3.8400 -0.1404 1.2279 0.5309 1.2249 1-4cyli.dat
1 0 -75.1687 138.4004 115.3059 1.1593 -0.9577 -1.2419 -0.4589 -3.8400 0.1404 -1.2279 0.5309 -1.2249 1-4cyli.dat
1 0 -77.5700 138.9997 115.3089 1.1593 -0.9577 -1.2419 -0.4589 -3.8400 0.1404 -1.2279 0.5309 -1.2249 3-4cyli.dat
2 24 -73.173 140.940 113.669 -74.231 137.125 114.191
2 24 -73.087 141.251 116.123 -74.145 137.436 116.644
2 24 -75.558 141.601 113.669 -76.616 137.786 114.190
2 24 -75.471 141.912 116.123 -76.530 138.098 116.644
2 24 -70.788 140.278 113.670 -71.846 136.463 114.191
2 24 -70.702 140.589 116.123 -71.760 136.774 116.645
1 0 -69.5527 140.1027 114.8961 -1.1493 -1.0584 1.2354 0.4864 -3.8148 -0.1751 1.2267 0.5211 1.2269 3-4cyli.dat
1 0 -71.9376 140.7644 114.8959 -1.1493 -1.0584 1.2354 0.4864 -3.8148 -0.1751 1.2267 0.5211 1.2269 1-4cyli.dat
1 0 -71.9376 140.7644 114.8959 1.1493 -1.0584 -1.2354 -0.4864 -3.8148 0.1751 -1.2267 0.5211 -1.2269 1-4cyli.dat
1 0 -74.3216 141.4257 114.8957 -1.1493 -1.0584 1.2354 0.4864 -3.8148 -0.1751 1.2267 0.5211 1.2269 1-4cyli.dat
1 0 -74.3216 141.4257 114.8957 1.1493 -1.0584 -1.2354 -0.4864 -3.8148 0.1751 -1.2267 0.5211 -1.2269 1-4cyli.dat
1 0 -76.7065 142.0874 114.8956 1.1493 -1.0584 -1.2354 -0.4864 -3.8148 0.1751 -1.2267 0.5211 -1.2269 3-4cyli.dat
2 24 -72.249 143.913 113.269 -73.410 140.126 113.780
2 24 -72.159 144.217 115.723 -73.320 140.431 116.235
2 24 -74.615 144.638 113.266 -75.776 140.852 113.777
2 24 -74.525 144.942 115.720 -75.686 141.156 116.232
2 24 -69.882 143.187 113.272 -71.043 139.401 113.783
2 24 -69.792 143.492 115.726 -70.953 139.705 116.238
1 0 -68.6545 142.9769 114.4999 -1.1381 -1.1610 1.2281 0.5146 -3.7862 -0.2106 1.2257 0.5116 1.2287 3-4cyli.dat
1 0 -71.0209 143.7021 114.4969 -1.1381 -1.1610 1.2281 0.5146 -3.7862 -0.2106 1.2257 0.5116 1.2287 1-4cyli.dat
1 0 -71.0209 143.7021 114.4969 1.1381 -1.1610 -1.2281 -0.5146 -3.7862 0.2106 -1.2257 0.5116 -1.2287 1-4cyli.dat
1 0 -73.3863 144.4270 114.4939 -1.1381 -1.1610 1.2281 0.5146 -3.7862 -0.2106 1.2257 0.5116 1.2287 1-4cyli.dat
1 0 -73.3863 144.4270 114.4939 1.1381 -1.1610 -1.2281 -0.5146 -3.7862 0.2106 -1.2257 0.5116 -1.2287 1-4cyli.dat
1 0 -75.7526 145.1523 114.4909 1.1381 -1.1610 -1.2281 -0.5146 -3.7862 0.2106 -1.2257 0.5116 -1.2287 3-4cyli.dat
2 24 -71.150 147.091 112.845 -72.436 143.344 113.345
2 24 -71.056 147.387 115.300 -72.343 143.640 115.801
2 24 -73.491 147.894 112.837 -74.778 144.147 113.338
2 24 -73.397 148.190 115.293 -74.684 144.443 115.793
2 24 -68.809 146.288 112.852 -70.095 142.541 113.353
2 24 -68.715 146.584 115.308 -70.002 142.837 115.808
1 0 -67.5918 146.0347 114.0833 -1.1237 -1.2866 1.2173 0.5492 -3.7469 -0.2536 1.2239 0.5002 1.2314 3-4cyli.dat
1 0 -69.9330 146.8375 114.0759 -1.1237 -1.2866 1.2173 0.5492 -3.7469 -0.2536 1.2239 0.5002 1.2314 1-4cyli.dat
1 0 -69.9330 146.8375 114.0759 1.1237 -1.2866 -1.2173 -0.5492 -3.7469 0.2536 -1.2239 0.5002 -1.2314 1-4cyli.dat
1 0 -72.2732 147.6401 114.0684 -1.1237 -1.2866 1.2173 0.5492 -3.7469 -0.2536 1.2239 0.5002 1.2314 1-4cyli.dat
1 0 -72.2732 147.6401 114.0684 1.1237 -1.2866 -1.2173 -0.5492 -3.7469 0.2536 -1.2239 0.5002 -1.2314 1-4cyli.dat
1 0 -74.6143 148.4429 114.0610 1.1237 -1.2866 -1.2173 -0.5492 -3.7469 0.2536 -1.2239 0.5002 -1.2314 3-4cyli.dat
2 24 -70.035 150.001 112.461 -71.445 146.297 112.950
2 24 -69.937 150.288 114.918 -71.348 146.584 115.407
2 24 -72.348 150.880 112.450 -73.759 147.177 112.939
2 24 -72.251 151.167 114.907 -73.661 147.464 115.396
2 24 -67.721 149.121 112.472 -69.132 145.417 112.961
2 24 -67.624 149.408 114.929 -69.034 145.705 115.418
1 0 -66.5163 148.8250 113.7054 -1.1079 -1.4104 1.2054 0.5834 -3.7036 -0.2961 1.2225 0.4891 1.2336 3-4cyli.dat
1 0 -68.8298 149.7045 113.6944 -1.1079 -1.4104 1.2054 0.5834 -3.7036 -0.2961 1.2225 0.4891 1.2336 1-4cyli.dat
1 0 -68.8298 149.7045 113.6944 1.1079 -1.4104 -1.2054 -0.5834 -3.7036 0.2961 -1.2225 0.4891 -1.2336 1-4cyli.dat
1 0 -71.1422 150.5837 113.6833 -1.1079 -1.4104 1.2054 0.5834 -3.7036 -0.2961 1.2225 0.4891 1.2336 1-4cyli.dat
1 0 -71.1422 150.5837 113.6833 1.1079 -1.4104 -1.2054 -0.5834 -3.7036 0.2961 -1.2225 0.4891 -1.2336 1-4cyli.dat
1 0 -73.4557 151.4632 113.6723 1.1079 -1.4104 -1.2054 -0.5834 -3.7036 0.2961 -1.2225 0.4891 -1.2336 3-4cyli.dat
2 24 -68.792 152.860 112.089 -70.351 149.215 112.565
2 24 -68.691 153.138 114.546 -70.249 149.492 115.022
2 24 -71.069 153.831 112.073 -72.627 150.186 112.549
2 24 -70.968 154.109 114.530 -72.526 150.463 115.006
2 24 -66.516 151.889 112.105 -68.074 148.244 112.581
2 24 -66.415 152.167 114.562 -67.973 148.521 115.038
1 0 -65.3274 151.5427 113.3411 -1.0876 -1.5583 1.1887 0.6243 -3.6455 -0.3467 1.2205 0.4759 1.2366 3-4cyli.dat
1 0 -67.6039 152.5137 113.3250 -1.0876 -1.5583 1.1887 0.6243 -3.6455 -0.3467 1.2205 0.4759 1.2366 1-4cyli.dat
1 0 -67.6039 152.5137 113.3250 1.0876 -1.5583 -1.1887 -0.6243 -3.6455 0.3467 -1.2205 0.4759 -1.2366 1-4cyli.dat
1 0 -69.8795 153.4843 113.3089 -1.0876 -1.5583 1.1887 0.6243 -3.6455 -0.3467 1.2205 0.4759 1.2366 1-4cyli.dat
1 0 -69.8795 153.4843 113.3089 1.0876 -1.5583 -1.1887 -0.6243 -3.6455 0.3467 -1.2205 0.4759 -1.2366 1-4cyli.dat
1 0 -72.1560 154.4554 113.2928 1.0876 -1.5583 -1.1887 -0.6243 -3.6455 0.3467 -1.2205 0.4759 -1.2366 3-4cyli.dat
2 24 -67.451 155.676 111.725 -69.148 152.091 112.189
2 24 -67.346 155.944 114.184 -69.043 152.359 114.647
2 24 -69.689 156.733 111.706 -71.386 153.148 112.169
2 24 -69.584 157.001 114.164 -71.281 153.416 114.627
2 24 -65.213 154.619 111.745 -66.910 151.034 112.208
2 24 -65.108 154.887 114.203 -66.805 151.302 114.667
1 0 -64.0421 154.2247 112.9832 -1.0663 -1.6968 1.1714 0.6624 -3.5848 -0.3943 1.2192 0.4635 1.2388 3-4cyli.dat
1 0 -66.2801 155.2815 112.9637 -1.0663 -1.6968 1.1714 0.6624 -3.5848 -0.3943 1.2192 0.4635 1.2388 1-4cyli.dat
1 0 -66.2801 155.2815 112.9637 1.0663 -1.6968 -1.1714 -0.6624 -3.5848 0.3943 -1.2192 0.4635 -1.2388 1-4cyli.dat
1 0 -68.5171 156.3379 112.9441 -1.0663 -1.6968 1.1714 0.6624 -3.5848 -0.3943 1.2192 0.4635 1.2388 1-4cyli.dat
1 0 -68.5171 156.3379 112.9441 1.0663 -1.6968 -1.1714 -0.6624 -3.5848 0.3943 -1.2192 0.4635 -1.2388 1-4cyli.dat
1 0 -70.7551 157.3946 112.9246 1.0663 -1.6968 -1.1714 -0.6624 -3.5848 0.3943 -1.2192 0.4635 -1.2388 3-4cyli.dat
2 24 -65.957 158.416 111.376 -67.830 154.919 111.823
2 24 -65.848 158.673 113.835 -67.722 155.175 114.282
2 24 -68.140 159.583 111.351 -70.013 156.085 111.798
2 24 -68.031 159.839 113.810 -69.905 156.341 114.257
2 24 -63.774 157.250 111.401 -65.648 153.752 111.848
2 24 -63.665 157.506 113.861 -65.539 154.009 114.308
1 0 -62.6286 156.7953 112.6431 -1.0372 -1.8739 1.1455 0.7112 -3.4976 -0.4549 1.2169 0.4471 1.2422 3-4cyli.dat
1 0 -64.8115 157.9615 112.6177 -1.0372 -1.8739 1.1455 0.7112 -3.4976 -0.4549 1.2169 0.4471 1.2422 1-4cyli.dat
1 0 -64.8115 157.9615 112.6177 1.0372 -1.8739 -1.1455 -0.7112 -3.4976 0.4549 -1.2169 0.4471 -1.2422 1-4cyli.dat
1 0 -66.9935 159.1272 112.5923 -1.0372 -1.8739 1.1455 0.7112 -3.4976 -0.4549 1.2169 0.4471 1.2422 1-4cyli.dat
1 0 -66.9935 159.1272 112.5923 1.0372 -1.8739 -1.1455 -0.7112 -3.4976 0.4549 -1.2169 0.4471 -1.2422 1-4cyli.dat
1 0 -69.1763 160.2935 112.5669 1.0372 -1.8739 -1.1455 -0.7112 -3.4976 0.4549 -1.2169 0.4471 -1.2422 3-4cyli.dat
2 24 -64.194 161.290 111.013 -66.258 157.899 111.442
2 24 -64.082 161.534 113.474 -66.146 158.142 113.902
2 24 -66.310 162.574 110.982 -68.373 159.182 111.411
2 24 -66.198 162.817 113.442 -68.262 159.426 113.871
2 24 -62.078 160.006 111.044 -64.142 156.615 111.473
2 24 -61.967 160.250 113.505 -64.031 156.858 113.934
1 0 -60.9648 159.4865 112.2898 -1.0022 -2.0639 1.1135 0.7635 -3.3913 -0.5201 1.2145 0.4288 1.2458 3-4cyli.dat
1 0 -63.0806 160.7701 112.2585 -1.0022 -2.0639 1.1135 0.7635 -3.3913 -0.5201 1.2145 0.4288 1.2458 1-4cyli.dat
1 0 -63.0806 160.7701 112.2585 1.0022 -2.0639 -1.1135 -0.7635 -3.3913 0.5201 -1.2145 0.4288 -1.2458 1-4cyli.dat
1 0 -65.1956 162.0533 112.2271 -1.0022 -2.0639 1.1135 0.7635 -3.3913 -0.5201 1.2145 0.4288 1.2458 1-4cyli.dat
1 0 -65.1956 162.0533 112.2271 1.0022 -2.0639 -1.1135 -0.7635 -3.3913 0.5201 -1.2145 0.4288 -1.2458 1-4cyli.dat
1 0 -67.3115 163.3370 112.1958 1.0022 -2.0639 -1.1135 -0.7635 -3.3913 0.5201 -1.2145 0.4288 -1.2458 3-4cyli.dat
2 24 -62.411 163.856 110.692 -64.665 160.585 111.102
2 24 -62.297 164.086 113.154 -64.551 160.815 113.564
2 24 -64.451 165.257 110.656 -66.704 161.987 111.066
2 24 -64.337 165.487 113.118 -66.591 162.216 113.527
2 24 -60.371 162.455 110.729 -62.625 159.184 111.138
2 24 -60.257 162.685 113.190 -62.511 159.414 113.600
1 0 -59.2944 161.8694 111.9772 -0.9629 -2.2539 1.0768 0.8154 -3.2706 -0.5857 1.2126 0.4095 1.2489 3-4cyli.dat
1 0 -61.3343 163.2705 111.9409 -0.9629 -2.2539 1.0768 0.8154 -3.2706 -0.5857 1.2126 0.4095 1.2489 1-4cyli.dat
1 0 -61.3343 163.2705 111.9409 0.9629 -2.2539 -1.0768 -0.8154 -3.2706 0.5857 -1.2126 0.4095 -1.2489 1-4cyli.dat
1 0 -63.3733 164.6711 111.9046 -0.9629 -2.2539 1.0768 0.8154 -3.2706 -0.5857 1.2126 0.4095 1.2489 1-4cyli.dat
1 0 -63.3733 164.6711 111.9046 0.9629 -2.2539 -1.0768 -0.8154 -3.2706 0.5857 -1.2126 0.4095 -1.2489 1-4cyli.dat
1 0 -65.4132 166.0723 111.8683 0.9629 -2.2539 -1.0768 -0.8154 -3.2706 0.5857 -1.2126 0.4095 -1.2489 3-4cyli.dat
2 24 -60.458 166.299 110.390 -62.911 163.172 110.778
2 24 -60.342 166.513 112.853 -62.795 163.387 113.241
2 24 -62.407 167.823 110.349 -64.860 164.696 110.737
2 24 -62.291 168.038 112.812 -64.745 164.911 113.200
2 24 -58.508 164.775 110.431 -60.962 161.648 110.819
2 24 -58.393 164.989 112.894 -60.846 161.862 113.282
1 0 -57.4762 164.1199 111.6829 -0.9167 -2.4531 1.0326 0.8693 -3.1268 -0.6549 1.2109 0.3877 1.2519 3-4cyli.dat
1 0 -59.4256 165.6442 111.6419 -0.9167 -2.4531 1.0326 0.8693 -3.1268 -0.6549 1.2109 0.3877 1.2519 1-4cyli.dat
1 0 -59.4256 165.6442 111.6419 0.9167 -2.4531 -1.0326 -0.8693 -3.1268 0.6549 -1.2109 0.3877 -1.2519 1-4cyli.dat
1 0 -61.3743 167.1679 111.6008 -0.9167 -2.4531 1.0326 0.8693 -3.1268 -0.6549 1.2109 0.3877 1.2519 1-4cyli.dat
1 0 -61.3743 167.1679 111.6008 0.9167 -2.4531 -1.0326 -0.8693 -3.1268 0.6549 -1.2109 0.3877 -1.2519 1-4cyli.dat
1 0 -63.3237 168.6923 111.5598 0.9167 -2.4531 -1.0326 -0.8693 -3.1268 0.6549 -1.2109 0.3877 -1.2519 3-4cyli.dat
2 24 -58.350 168.612 110.107 -61.014 165.660 110.469
2 24 -58.233 168.809 112.571 -60.898 165.858 112.934
2 24 -60.190 170.267 110.061 -62.854 167.315 110.424
2 24 -60.073 170.464 112.526 -62.738 167.513 112.888
2 24 -56.510 166.957 110.153 -59.175 164.005 110.515
2 24 -56.394 167.155 112.617 -59.058 164.203 112.980
1 0 -55.5325 166.2285 111.4072 -0.8616 -2.6645 0.9780 0.9261 -2.9519 -0.7287 1.2092 0.3624 1.2549 3-4cyli.dat
1 0 -57.3722 167.8835 111.3615 -0.8616 -2.6645 0.9780 0.9261 -2.9519 -0.7287 1.2092 0.3624 1.2549 1-4cyli.dat
1 0 -57.3722 167.8835 111.3615 0.8616 -2.6645 -0.9780 -0.9261 -2.9519 0.7287 -1.2092 0.3624 -1.2549 1-4cyli.dat
1 0 -59.2112 169.5378 111.3158 -0.8616 -2.6645 0.9780 0.9261 -2.9519 -0.7287 1.2092 0.3624 1.2549 1-4cyli.dat
1 0 -59.2112 169.5378 111.3158 0.8616 -2.6645 -0.9780 -0.9261 -2.9519 0.7287 -1.2092 0.3624 -1.2549 1-4cyli.dat
1 0 -61.0509 171.1928 111.2702 0.8616 -2.6645 -0.9780 -0.9261 -2.9519 0.7287 -1.2092 0.3624 -1.2549 3-4cyli.dat
2 24 -56.065 170.755 109.847 -58.938 168.002 110.182
2 24 -55.949 170.935 112.313 -58.822 168.181 112.648
2 24 -57.780 172.539 109.798 -60.653 169.786 110.133
2 24 -57.665 172.718 112.264 -60.537 169.965 112.599
2 24 -54.350 168.972 109.896 -57.222 166.219 110.231
2 24 -54.234 169.151 112.362 -57.107 166.398 112.697
1 0 -53.4348 168.1700 111.1533 -0.7997 -2.8726 0.9154 0.9813 -2.7533 -0.8021 1.2082 0.3349 1.2574 3-4cyli.dat
1 0 -55.1501 169.9535 111.1041 -0.7997 -2.8726 0.9154 0.9813 -2.7533 -0.8021 1.2082 0.3349 1.2574 1-4cyli.dat
1 0 -55.1501 169.9535 111.1041 0.7997 -2.8726 -0.9154 -0.9813 -2.7533 0.8021 -1.2082 0.3349 -1.2574 1-4cyli.dat
1 0 -56.8646 171.7364 111.0549 -0.7997 -2.8726 0.9154 0.9813 -2.7533 -0.8021 1.2082 0.3349 1.2574 1-4cyli.dat
1 0 -56.8646 171.7364 111.0549 0.7997 -2.8726 -0.9154 -0.9813 -2.7533 0.8021 -1.2082 0.3349 -1.2574 1-4cyli.dat
1 0 -58.5799 173.5199 111.0057 0.7997 -2.8726 -0.9154 -0.9813 -2.7533 0.8021 -1.2082 0.3349 -1.2574 3-4cyli.dat
2 24 -53.421 172.869 109.593 -56.518 170.366 109.895
2 24 -53.309 173.027 112.061 -56.406 170.524 112.362
2 24 -54.980 174.790 109.540 -58.076 172.288 109.842
2 24 -54.868 174.949 112.008 -57.964 172.446 112.309
2 24 -51.862 170.947 109.646 -54.959 168.444 109.948
2 24 -51.750 171.105 112.114 -54.847 168.602 112.415
1 0 -51.0275 170.0653 110.9057 -0.7232 -3.0967 0.8352 1.0402 -2.5029 -0.8816 1.2072 0.3015 1.2600 3-4cyli.dat
1 0 -52.5860 171.9872 110.8529 -0.7232 -3.0967 0.8352 1.0402 -2.5029 -0.8816 1.2072 0.3015 1.2600 1-4cyli.dat
1 0 -52.5860 171.9872 110.8529 0.7232 -3.0967 -0.8352 -1.0402 -2.5029 0.8816 -1.2072 0.3015 -1.2600 1-4cyli.dat
1 0 -54.1439 173.9084 110.8001 -0.7232 -3.0967 0.8352 1.0402 -2.5029 -0.8816 1.2072 0.3015 1.2600 1-4cyli.dat
1 0 -54.1439 173.9084 110.8001 0.7232 -3.0967 -0.8352 -1.0402 -2.5029 0.8816 -1.2072 0.3015 -1.2600 1-4cyli.dat
1 0 -55.7025 175.8303 110.7472 0.7232 -3.0967 -0.8352 -1.0402 -2.5029 0.8816 -1.2072 0.3015 -1.2600 3-4cyli.dat
2 24 -50.800 174.596 109.388 -54.113 172.382 109.652
2 24 -50.695 174.733 111.857 -54.007 172.519 112.121
2 24 -52.178 176.651 109.333 -55.491 174.437 109.597
2 24 -52.073 176.788 111.802 -55.385 174.574 112.066
2 24 -49.422 172.541 109.443 -52.734 170.327 109.707
2 24 -49.317 172.678 111.912 -52.629 170.464 112.176
1 0 -48.6805 171.5825 110.7044 -0.6363 -3.3124 0.7417 1.0959 -2.2143 -0.9590 1.2069 0.2642 1.2619 3-4cyli.dat
1 0 -50.0586 173.6376 110.6494 -0.6363 -3.3124 0.7417 1.0959 -2.2143 -0.9590 1.2069 0.2642 1.2619 1-4cyli.dat
1 0 -50.0586 173.6376 110.6494 0.6363 -3.3124 -0.7417 -1.0959 -2.2143 0.9590 -1.2069 0.2642 -1.2619 1-4cyli.dat
1 0 -51.4363 175.6918 110.5944 -0.6363 -3.3124 0.7417 1.0959 -2.2143 -0.9590 1.2069 0.2642 1.2619 1-4cyli.dat
1 0 -51.4363 175.6918 110.5944 0.6363 -3.3124 -0.7417 -1.0959 -2.2143 0.9590 -1.2069 0.2642 -1.2619 1-4cyli.dat
1 0 -52.8144 177.7468 110.5393 0.6363 -3.3124 -0.7417 -1.0959 -2.2143 0.9590 -1.2069 0.2642 -1.2619 3-4cyli.dat
2 24 -48.034 176.084 109.213 -51.521 174.153 109.441
2 24 -47.936 176.200 111.683 -51.424 174.269 111.912
2 24 -49.235 178.247 109.159 -52.722 176.316 109.387
2 24 -49.137 178.363 111.629 -52.625 176.432 111.858
2 24 -46.832 173.920 109.267 -50.320 171.989 109.495
2 24 -46.735 174.036 111.737 -50.222 172.105 111.966
1 0 -46.1830 172.8972 110.5285 -0.5518 -3.4876 0.6494 1.1395 -1.9310 -1.0236 1.2080 0.2285 1.2621 3-4cyli.dat
1 0 -47.3843 175.0604 110.4744 -0.5518 -3.4876 0.6494 1.1395 -1.9310 -1.0236 1.2080 0.2285 1.2621 1-4cyli.dat
1 0 -47.3843 175.0604 110.4744 0.5518 -3.4876 -0.6494 -1.1395 -1.9310 1.0236 -1.2080 0.2285 -1.2621 1-4cyli.dat
1 0 -48.5851 177.2228 110.4204 -0.5518 -3.4876 0.6494 1.1395 -1.9310 -1.0236 1.2080 0.2285 1.2621 1-4cyli.dat
1 0 -48.5851 177.2228 110.4204 0.5518 -3.4876 -0.6494 -1.1395 -1.9310 1.0236 -1.2080 0.2285 -1.2621 1-4cyli.dat
1 0 -49.7864 179.3861 110.3663 0.5518 -3.4876 -0.6494 -1.1395 -1.9310 1.0236 -1.2080 0.2285 -1.2621 3-4cyli.dat
2 24 -44.918 177.426 109.056 -48.572 175.825 109.244
2 24 -44.832 177.520 111.528 -48.486 175.920 111.716
2 24 -45.913 179.691 109.004 -49.567 178.091 109.192
2 24 -45.827 179.785 111.476 -49.481 178.185 111.664
2 24 -43.923 175.160 109.108 -47.577 173.560 109.296
2 24 -43.837 175.254 111.580 -47.491 173.654 111.768
1 0 -43.3831 174.0746 110.3694 -0.4546 -3.6537 0.5402 1.1799 -1.6000 -1.0856 1.2098 0.1877 1.2617 3-4cyli.dat
1 0 -44.3779 176.3402 110.3174 -0.4546 -3.6537 0.5402 1.1799 -1.6000 -1.0856 1.2098 0.1877 1.2617 1-4cyli.dat
1 0 -44.3779 176.3402 110.3174 0.4546 -3.6537 -0.5402 -1.1799 -1.6000 1.0856 -1.2098 0.1877 -1.2617 1-4cyli.dat
1 0 -45.3724 178.6050 110.2655 -0.4546 -3.6537 0.5402 1.1799 -1.6000 -1.0856 1.2098 0.1877 1.2617 1-4cyli.dat
1 0 -45.3724 178.6050 110.2655 0.4546 -3.6537 -0.5402 -1.1799 -1.6000 1.0856 -1.2098 0.1877 -1.2617 1-4cyli.dat
1 0 -46.3672 180.8706 110.2135 0.4546 -3.6537 -0.5402 -1.1799 -1.6000 1.0856 -1.2098 0.1877 -1.2617 3-4cyli.dat
2 24 -41.935 178.416 108.942 -45.714 177.136 109.091
2 24 -41.862 178.491 111.414 -45.642 177.210 111.563
2 24 -42.730 180.759 108.894 -46.510 179.479 109.043
2 24 -42.658 180.834 111.367 -46.437 179.553 111.516
2 24 -41.139 176.073 108.989 -44.918 174.793 109.138
2 24 -41.067 176.147 111.462 -44.846 174.867 111.611
1 0 -40.7053 174.9390 110.2482 -0.3616 -3.7794 0.4339 1.2086 -1.2803 -1.1343 1.2127 0.1490 1.2599 3-4cyli.dat
1 0 -41.5009 177.2822 110.2010 -0.3616 -3.7794 0.4339 1.2086 -1.2803 -1.1343 1.2127 0.1490 1.2599 1-4cyli.dat
1 0 -41.5009 177.2822 110.2010 0.3616 -3.7794 -0.4339 -1.2086 -1.2803 1.1343 -1.2127 0.1490 -1.2599 1-4cyli.dat
1 0 -42.2962 179.6244 110.1539 -0.3616 -3.7794 0.4339 1.2086 -1.2803 -1.1343 1.2127 0.1490 1.2599 1-4cyli.dat
1 0 -42.2962 179.6244 110.1539 0.3616 -3.7794 -0.4339 -1.2086 -1.2803 1.1343 -1.2127 0.1490 -1.2599 1-4cyli.dat
1 0 -43.0918 181.9676 110.1067 0.3616 -3.7794 -0.4339 -1.2086 -1.2803 1.1343 -1.2127 0.1490 -1.2599 3-4cyli.dat
2 24 -38.874 179.142 108.858 -42.747 178.174 108.970
2 24 -38.817 179.198 111.332 -42.689 178.230 111.444
2 24 -39.476 181.543 108.818 -43.348 180.575 108.930
2 24 -39.418 181.599 111.292 -43.290 180.630 111.404
2 24 -38.273 176.742 108.899 -42.145 175.774 109.011
2 24 -38.215 176.798 111.372 -42.088 175.829 111.484
1 0 -37.9437 175.5698 110.1552 -0.2719 -3.8723 0.3294 1.2281 -0.9681 -1.1722 1.2166 0.1119 1.2569 3-4cyli.dat
1 0 -38.5450 177.9703 110.1149 -0.2719 -3.8723 0.3294 1.2281 -0.9681 -1.1722 1.2166 0.1119 1.2569 1-4cyli.dat
1 0 -38.5450 177.9703 110.1149 0.2719 -3.8723 -0.3294 -1.2281 -0.9681 1.1722 -1.2166 0.1119 -1.2569 1-4cyli.dat
1 0 -39.1461 180.3699 110.0746 -0.2719 -3.8723 0.3294 1.2281 -0.9681 -1.1722 1.2166 0.1119 1.2569 1-4cyli.dat
1 0 -39.1461 180.3699 110.0746 0.2719 -3.8723 -0.3294 -1.2281 -0.9681 1.1722 -1.2166 0.1119 -1.2569 1-4cyli.dat
1 0 -39.7474 182.7704 110.0344 0.2719 -3.8723 -0.3294 -1.2281 -0.9681 1.1722 -1.2166 0.1119 -1.2569 3-4cyli.dat
2 24 -35.772 179.655 108.800 -39.707 178.984 108.877
2 24 -35.730 179.695 111.275 -39.665 179.023 111.352
2 24 -36.189 182.095 108.769 -40.124 181.423 108.846
2 24 -36.147 182.134 111.243 -40.082 181.462 111.320
2 24 -35.355 177.216 108.832 -39.290 176.544 108.909
2 24 -35.313 177.255 111.306 -39.248 176.584 111.383
1 0 -35.1255 176.0163 110.0845 -0.1876 -3.9354 0.2293 1.2393 -0.6717 -1.2000 1.2212 0.0771 1.2529 3-4cyli.dat
1 0 -35.5425 178.4557 110.0528 -0.1876 -3.9354 0.2293 1.2393 -0.6717 -1.2000 1.2212 0.0771 1.2529 1-4cyli.dat
1 0 -35.5425 178.4557 110.0528 0.1876 -3.9354 -0.2293 -1.2393 -0.6717 1.2000 -1.2212 0.0771 -1.2529 1-4cyli.dat
1 0 -35.9593 180.8941 110.0210 -0.1876 -3.9354 0.2293 1.2393 -0.6717 -1.2000 1.2212 0.0771 1.2529 1-4cyli.dat
1 0 -35.9593 180.8941 110.0210 0.1876 -3.9354 -0.2293 -1.2393 -0.6717 1.2000 -1.2212 0.0771 -1.2529 1-4cyli.dat
1 0 -36.3763 183.3335 109.9893 0.1876 -3.9354 -0.2293 -1.2393 -0.6717 1.2000 -1.2212 0.0771 -1.2529 3-4cyli.dat
2 24 -32.636 179.914 108.771 -36.612 179.541 108.814
2 24 -32.612 179.939 111.246 -36.587 179.566 111.289
2 24 -32.868 182.378 108.749 -36.843 182.005 108.792
2 24 -32.843 182.403 111.224 -36.819 182.030 111.267
2 24 -32.405 177.450 108.793 -36.380 177.077 108.836
2 24 -32.380 177.475 111.268 -36.356 177.102 111.311
1 0 -32.2767 176.2309 110.0413 -0.1037 -3.9754 0.1279 1.2441 -0.3732 -1.2197 1.2263 0.0426 1.2483 3-4cyli.dat
1 0 -32.5083 178.6950 110.0193 -0.1037 -3.9754 0.1279 1.2441 -0.3732 -1.2197 1.2263 0.0426 1.2483 1-4cyli.dat
1 0 -32.5083 178.6950 110.0193 0.1037 -3.9754 -0.1279 -1.2441 -0.3732 1.2197 -1.2263 0.0426 -1.2483 1-4cyli.dat
1 0 -32.7398 181.1580 109.9973 -0.1037 -3.9754 0.1279 1.2441 -0.3732 -1.2197 1.2263 0.0426 1.2483 1-4cyli.dat
1 0 -32.7398 181.1580 109.9973 0.1037 -3.9754 -0.1279 -1.2441 -0.3732 1.2197 -1.2263 0.0426 -1.2483 1-4cyli.dat
1 0 -32.9713 183.6221 109.9753 0.1037 -3.9754 -0.1279 -1.2441 -0.3732 1.2197 -1.2263 0.0426 -1.2483 3-4cyli.dat
2 24 -29.473 180.013 108.761 -33.463 179.874 108.777
2 24 -29.463 180.024 111.236 -33.454 179.885 111.252
2 24 -29.559 182.486 108.750 -33.550 182.347 108.765
2 24 -29.550 182.498 111.225 -33.540 182.359 111.240
2 24 -29.387 177.539 108.772 -33.377 177.400 108.788
2 24 -29.377 177.551 111.247 -33.368 177.412 111.263
1 0 -29.3388 176.3088 110.0147 -0.0384 -3.9906 0.0478 1.2424 -0.1390 -1.2309 1.2318 0.0158 1.2430 3-4cyli.dat
1 0 -29.4250 178.7823 110.0035 -0.0384 -3.9906 0.0478 1.2424 -0.1390 -1.2309 1.2318 0.0158 1.2430 1-4cyli.dat
1 0 -29.4250 178.7823 110.0035 0.0384 -3.9906 -0.0478 -1.2424 -0.1390 1.2309 -1.2318 0.0158 -1.2430 1-4cyli.dat
1 0 -29.5111 181.2547 109.9922 -0.0384 -3.9906 0.0478 1.2424 -0.1390 -1.2309 1.2318 0.0158 1.2430 1-4cyli.dat
1 0 -29.5111 181.2547 109.9922 0.0384 -3.9906 -0.0478 -1.2424 -0.1390 1.2309 -1.2318 0.0158 -1.2430 1-4cyli.dat
1 0 -29.5973 183.7282 109.9810 0.0384 -3.9906 -0.0478 -1.2424 -0.1390 1.2309 -1.2318 0.0158 -1.2430 3-4cyli.dat
